,database,sampleID,nframes,wav_path,lips_path,transcription_path,delimiter,text_enc
0,LIP-RTVE,speaker000_0000,183,../data/LIP-RTVE/WAVs/speaker000/speaker000_0000.wav,../data/LIP-RTVE/ROIs/speaker000/speaker000_0000.npz,../data/LIP-RTVE/transcriptions/speaker000/speaker000_0000.txt,5,utf-8
1,LIP-RTVE,speaker000_0001,110,../data/LIP-RTVE/WAVs/speaker000/speaker000_0001.wav,../data/LIP-RTVE/ROIs/speaker000/speaker000_0001.npz,../data/LIP-RTVE/transcriptions/speaker000/speaker000_0001.txt,5,utf-8
2,LIP-RTVE,speaker000_0002,168,../data/LIP-RTVE/WAVs/speaker000/speaker000_0002.wav,../data/LIP-RTVE/ROIs/speaker000/speaker000_0002.npz,../data/LIP-RTVE/transcriptions/speaker000/speaker000_0002.txt,5,utf-8
3,LIP-RTVE,speaker000_0003,316,../data/LIP-RTVE/WAVs/speaker000/speaker000_0003.wav,../data/LIP-RTVE/ROIs/speaker000/speaker000_0003.npz,../data/LIP-RTVE/transcriptions/speaker000/speaker000_0003.txt,5,utf-8
4,LIP-RTVE,speaker000_0004,109,../data/LIP-RTVE/WAVs/speaker000/speaker000_0004.wav,../data/LIP-RTVE/ROIs/speaker000/speaker000_0004.npz,../data/LIP-RTVE/transcriptions/speaker000/speaker000_0004.txt,5,utf-8
5,LIP-RTVE,speaker000_0005,149,../data/LIP-RTVE/WAVs/speaker000/speaker000_0005.wav,../data/LIP-RTVE/ROIs/speaker000/speaker000_0005.npz,../data/LIP-RTVE/transcriptions/speaker000/speaker000_0005.txt,5,utf-8
6,LIP-RTVE,speaker000_0006,379,../data/LIP-RTVE/WAVs/speaker000/speaker000_0006.wav,../data/LIP-RTVE/ROIs/speaker000/speaker000_0006.npz,../data/LIP-RTVE/transcriptions/speaker000/speaker000_0006.txt,5,utf-8
7,LIP-RTVE,speaker000_0007,299,../data/LIP-RTVE/WAVs/speaker000/speaker000_0007.wav,../data/LIP-RTVE/ROIs/speaker000/speaker000_0007.npz,../data/LIP-RTVE/transcriptions/speaker000/speaker000_0007.txt,5,utf-8
8,LIP-RTVE,speaker000_0009,261,../data/LIP-RTVE/WAVs/speaker000/speaker000_0009.wav,../data/LIP-RTVE/ROIs/speaker000/speaker000_0009.npz,../data/LIP-RTVE/transcriptions/speaker000/speaker000_0009.txt,5,utf-8
9,LIP-RTVE,speaker000_0010,219,../data/LIP-RTVE/WAVs/speaker000/speaker000_0010.wav,../data/LIP-RTVE/ROIs/speaker000/speaker000_0010.npz,../data/LIP-RTVE/transcriptions/speaker000/speaker000_0010.txt,5,utf-8
10,LIP-RTVE,speaker000_0011,293,../data/LIP-RTVE/WAVs/speaker000/speaker000_0011.wav,../data/LIP-RTVE/ROIs/speaker000/speaker000_0011.npz,../data/LIP-RTVE/transcriptions/speaker000/speaker000_0011.txt,5,utf-8
11,LIP-RTVE,speaker000_0013,378,../data/LIP-RTVE/WAVs/speaker000/speaker000_0013.wav,../data/LIP-RTVE/ROIs/speaker000/speaker000_0013.npz,../data/LIP-RTVE/transcriptions/speaker000/speaker000_0013.txt,5,utf-8
12,LIP-RTVE,speaker000_0014,182,../data/LIP-RTVE/WAVs/speaker000/speaker000_0014.wav,../data/LIP-RTVE/ROIs/speaker000/speaker000_0014.npz,../data/LIP-RTVE/transcriptions/speaker000/speaker000_0014.txt,5,utf-8
13,LIP-RTVE,speaker000_0015,135,../data/LIP-RTVE/WAVs/speaker000/speaker000_0015.wav,../data/LIP-RTVE/ROIs/speaker000/speaker000_0015.npz,../data/LIP-RTVE/transcriptions/speaker000/speaker000_0015.txt,5,utf-8
14,LIP-RTVE,speaker000_0016,220,../data/LIP-RTVE/WAVs/speaker000/speaker000_0016.wav,../data/LIP-RTVE/ROIs/speaker000/speaker000_0016.npz,../data/LIP-RTVE/transcriptions/speaker000/speaker000_0016.txt,5,utf-8
15,LIP-RTVE,speaker000_0017,229,../data/LIP-RTVE/WAVs/speaker000/speaker000_0017.wav,../data/LIP-RTVE/ROIs/speaker000/speaker000_0017.npz,../data/LIP-RTVE/transcriptions/speaker000/speaker000_0017.txt,5,utf-8
16,LIP-RTVE,speaker000_0019,373,../data/LIP-RTVE/WAVs/speaker000/speaker000_0019.wav,../data/LIP-RTVE/ROIs/speaker000/speaker000_0019.npz,../data/LIP-RTVE/transcriptions/speaker000/speaker000_0019.txt,5,utf-8
17,LIP-RTVE,speaker000_0020,256,../data/LIP-RTVE/WAVs/speaker000/speaker000_0020.wav,../data/LIP-RTVE/ROIs/speaker000/speaker000_0020.npz,../data/LIP-RTVE/transcriptions/speaker000/speaker000_0020.txt,5,utf-8
18,LIP-RTVE,speaker000_0022,293,../data/LIP-RTVE/WAVs/speaker000/speaker000_0022.wav,../data/LIP-RTVE/ROIs/speaker000/speaker000_0022.npz,../data/LIP-RTVE/transcriptions/speaker000/speaker000_0022.txt,5,utf-8
19,LIP-RTVE,speaker000_0024,116,../data/LIP-RTVE/WAVs/speaker000/speaker000_0024.wav,../data/LIP-RTVE/ROIs/speaker000/speaker000_0024.npz,../data/LIP-RTVE/transcriptions/speaker000/speaker000_0024.txt,5,utf-8
20,LIP-RTVE,speaker000_0026,207,../data/LIP-RTVE/WAVs/speaker000/speaker000_0026.wav,../data/LIP-RTVE/ROIs/speaker000/speaker000_0026.npz,../data/LIP-RTVE/transcriptions/speaker000/speaker000_0026.txt,5,utf-8
21,LIP-RTVE,speaker000_0027,160,../data/LIP-RTVE/WAVs/speaker000/speaker000_0027.wav,../data/LIP-RTVE/ROIs/speaker000/speaker000_0027.npz,../data/LIP-RTVE/transcriptions/speaker000/speaker000_0027.txt,5,utf-8
22,LIP-RTVE,speaker000_0029,301,../data/LIP-RTVE/WAVs/speaker000/speaker000_0029.wav,../data/LIP-RTVE/ROIs/speaker000/speaker000_0029.npz,../data/LIP-RTVE/transcriptions/speaker000/speaker000_0029.txt,5,utf-8
23,LIP-RTVE,speaker000_0030,197,../data/LIP-RTVE/WAVs/speaker000/speaker000_0030.wav,../data/LIP-RTVE/ROIs/speaker000/speaker000_0030.npz,../data/LIP-RTVE/transcriptions/speaker000/speaker000_0030.txt,5,utf-8
24,LIP-RTVE,speaker000_0031,65,../data/LIP-RTVE/WAVs/speaker000/speaker000_0031.wav,../data/LIP-RTVE/ROIs/speaker000/speaker000_0031.npz,../data/LIP-RTVE/transcriptions/speaker000/speaker000_0031.txt,5,utf-8
25,LIP-RTVE,speaker000_0032,171,../data/LIP-RTVE/WAVs/speaker000/speaker000_0032.wav,../data/LIP-RTVE/ROIs/speaker000/speaker000_0032.npz,../data/LIP-RTVE/transcriptions/speaker000/speaker000_0032.txt,5,utf-8
26,LIP-RTVE,speaker000_0035,196,../data/LIP-RTVE/WAVs/speaker000/speaker000_0035.wav,../data/LIP-RTVE/ROIs/speaker000/speaker000_0035.npz,../data/LIP-RTVE/transcriptions/speaker000/speaker000_0035.txt,5,utf-8
27,LIP-RTVE,speaker000_0036,328,../data/LIP-RTVE/WAVs/speaker000/speaker000_0036.wav,../data/LIP-RTVE/ROIs/speaker000/speaker000_0036.npz,../data/LIP-RTVE/transcriptions/speaker000/speaker000_0036.txt,5,utf-8
28,LIP-RTVE,speaker000_0038,254,../data/LIP-RTVE/WAVs/speaker000/speaker000_0038.wav,../data/LIP-RTVE/ROIs/speaker000/speaker000_0038.npz,../data/LIP-RTVE/transcriptions/speaker000/speaker000_0038.txt,5,utf-8
29,LIP-RTVE,speaker000_0040,261,../data/LIP-RTVE/WAVs/speaker000/speaker000_0040.wav,../data/LIP-RTVE/ROIs/speaker000/speaker000_0040.npz,../data/LIP-RTVE/transcriptions/speaker000/speaker000_0040.txt,5,utf-8
30,LIP-RTVE,speaker000_0041,110,../data/LIP-RTVE/WAVs/speaker000/speaker000_0041.wav,../data/LIP-RTVE/ROIs/speaker000/speaker000_0041.npz,../data/LIP-RTVE/transcriptions/speaker000/speaker000_0041.txt,5,utf-8
31,LIP-RTVE,speaker000_0044,85,../data/LIP-RTVE/WAVs/speaker000/speaker000_0044.wav,../data/LIP-RTVE/ROIs/speaker000/speaker000_0044.npz,../data/LIP-RTVE/transcriptions/speaker000/speaker000_0044.txt,5,utf-8
32,LIP-RTVE,speaker000_0045,300,../data/LIP-RTVE/WAVs/speaker000/speaker000_0045.wav,../data/LIP-RTVE/ROIs/speaker000/speaker000_0045.npz,../data/LIP-RTVE/transcriptions/speaker000/speaker000_0045.txt,5,utf-8
33,LIP-RTVE,speaker000_0046,338,../data/LIP-RTVE/WAVs/speaker000/speaker000_0046.wav,../data/LIP-RTVE/ROIs/speaker000/speaker000_0046.npz,../data/LIP-RTVE/transcriptions/speaker000/speaker000_0046.txt,5,utf-8
34,LIP-RTVE,speaker000_0048,212,../data/LIP-RTVE/WAVs/speaker000/speaker000_0048.wav,../data/LIP-RTVE/ROIs/speaker000/speaker000_0048.npz,../data/LIP-RTVE/transcriptions/speaker000/speaker000_0048.txt,5,utf-8
35,LIP-RTVE,speaker000_0049,147,../data/LIP-RTVE/WAVs/speaker000/speaker000_0049.wav,../data/LIP-RTVE/ROIs/speaker000/speaker000_0049.npz,../data/LIP-RTVE/transcriptions/speaker000/speaker000_0049.txt,5,utf-8
36,LIP-RTVE,speaker000_0050,188,../data/LIP-RTVE/WAVs/speaker000/speaker000_0050.wav,../data/LIP-RTVE/ROIs/speaker000/speaker000_0050.npz,../data/LIP-RTVE/transcriptions/speaker000/speaker000_0050.txt,5,utf-8
37,LIP-RTVE,speaker000_0051,78,../data/LIP-RTVE/WAVs/speaker000/speaker000_0051.wav,../data/LIP-RTVE/ROIs/speaker000/speaker000_0051.npz,../data/LIP-RTVE/transcriptions/speaker000/speaker000_0051.txt,5,utf-8
38,LIP-RTVE,speaker000_0053,321,../data/LIP-RTVE/WAVs/speaker000/speaker000_0053.wav,../data/LIP-RTVE/ROIs/speaker000/speaker000_0053.npz,../data/LIP-RTVE/transcriptions/speaker000/speaker000_0053.txt,5,utf-8
39,LIP-RTVE,speaker000_0054,294,../data/LIP-RTVE/WAVs/speaker000/speaker000_0054.wav,../data/LIP-RTVE/ROIs/speaker000/speaker000_0054.npz,../data/LIP-RTVE/transcriptions/speaker000/speaker000_0054.txt,5,utf-8
40,LIP-RTVE,speaker000_0055,262,../data/LIP-RTVE/WAVs/speaker000/speaker000_0055.wav,../data/LIP-RTVE/ROIs/speaker000/speaker000_0055.npz,../data/LIP-RTVE/transcriptions/speaker000/speaker000_0055.txt,5,utf-8
41,LIP-RTVE,speaker000_0056,212,../data/LIP-RTVE/WAVs/speaker000/speaker000_0056.wav,../data/LIP-RTVE/ROIs/speaker000/speaker000_0056.npz,../data/LIP-RTVE/transcriptions/speaker000/speaker000_0056.txt,5,utf-8
42,LIP-RTVE,speaker000_0058,215,../data/LIP-RTVE/WAVs/speaker000/speaker000_0058.wav,../data/LIP-RTVE/ROIs/speaker000/speaker000_0058.npz,../data/LIP-RTVE/transcriptions/speaker000/speaker000_0058.txt,5,utf-8
43,LIP-RTVE,speaker000_0060,305,../data/LIP-RTVE/WAVs/speaker000/speaker000_0060.wav,../data/LIP-RTVE/ROIs/speaker000/speaker000_0060.npz,../data/LIP-RTVE/transcriptions/speaker000/speaker000_0060.txt,5,utf-8
44,LIP-RTVE,speaker000_0061,187,../data/LIP-RTVE/WAVs/speaker000/speaker000_0061.wav,../data/LIP-RTVE/ROIs/speaker000/speaker000_0061.npz,../data/LIP-RTVE/transcriptions/speaker000/speaker000_0061.txt,5,utf-8
45,LIP-RTVE,speaker000_0066,275,../data/LIP-RTVE/WAVs/speaker000/speaker000_0066.wav,../data/LIP-RTVE/ROIs/speaker000/speaker000_0066.npz,../data/LIP-RTVE/transcriptions/speaker000/speaker000_0066.txt,5,utf-8
46,LIP-RTVE,speaker000_0068,300,../data/LIP-RTVE/WAVs/speaker000/speaker000_0068.wav,../data/LIP-RTVE/ROIs/speaker000/speaker000_0068.npz,../data/LIP-RTVE/transcriptions/speaker000/speaker000_0068.txt,5,utf-8
47,LIP-RTVE,speaker000_0072,373,../data/LIP-RTVE/WAVs/speaker000/speaker000_0072.wav,../data/LIP-RTVE/ROIs/speaker000/speaker000_0072.npz,../data/LIP-RTVE/transcriptions/speaker000/speaker000_0072.txt,5,utf-8
48,LIP-RTVE,speaker000_0073,331,../data/LIP-RTVE/WAVs/speaker000/speaker000_0073.wav,../data/LIP-RTVE/ROIs/speaker000/speaker000_0073.npz,../data/LIP-RTVE/transcriptions/speaker000/speaker000_0073.txt,5,utf-8
49,LIP-RTVE,speaker000_0081,221,../data/LIP-RTVE/WAVs/speaker000/speaker000_0081.wav,../data/LIP-RTVE/ROIs/speaker000/speaker000_0081.npz,../data/LIP-RTVE/transcriptions/speaker000/speaker000_0081.txt,5,utf-8
50,LIP-RTVE,speaker000_0082,259,../data/LIP-RTVE/WAVs/speaker000/speaker000_0082.wav,../data/LIP-RTVE/ROIs/speaker000/speaker000_0082.npz,../data/LIP-RTVE/transcriptions/speaker000/speaker000_0082.txt,5,utf-8
51,LIP-RTVE,speaker000_0084,296,../data/LIP-RTVE/WAVs/speaker000/speaker000_0084.wav,../data/LIP-RTVE/ROIs/speaker000/speaker000_0084.npz,../data/LIP-RTVE/transcriptions/speaker000/speaker000_0084.txt,5,utf-8
52,LIP-RTVE,speaker000_0085,194,../data/LIP-RTVE/WAVs/speaker000/speaker000_0085.wav,../data/LIP-RTVE/ROIs/speaker000/speaker000_0085.npz,../data/LIP-RTVE/transcriptions/speaker000/speaker000_0085.txt,5,utf-8
53,LIP-RTVE,speaker000_0087,237,../data/LIP-RTVE/WAVs/speaker000/speaker000_0087.wav,../data/LIP-RTVE/ROIs/speaker000/speaker000_0087.npz,../data/LIP-RTVE/transcriptions/speaker000/speaker000_0087.txt,5,utf-8
54,LIP-RTVE,speaker000_0088,93,../data/LIP-RTVE/WAVs/speaker000/speaker000_0088.wav,../data/LIP-RTVE/ROIs/speaker000/speaker000_0088.npz,../data/LIP-RTVE/transcriptions/speaker000/speaker000_0088.txt,5,utf-8
55,LIP-RTVE,speaker000_0089,307,../data/LIP-RTVE/WAVs/speaker000/speaker000_0089.wav,../data/LIP-RTVE/ROIs/speaker000/speaker000_0089.npz,../data/LIP-RTVE/transcriptions/speaker000/speaker000_0089.txt,5,utf-8
56,LIP-RTVE,speaker000_0092,283,../data/LIP-RTVE/WAVs/speaker000/speaker000_0092.wav,../data/LIP-RTVE/ROIs/speaker000/speaker000_0092.npz,../data/LIP-RTVE/transcriptions/speaker000/speaker000_0092.txt,5,utf-8
57,LIP-RTVE,speaker000_0093,270,../data/LIP-RTVE/WAVs/speaker000/speaker000_0093.wav,../data/LIP-RTVE/ROIs/speaker000/speaker000_0093.npz,../data/LIP-RTVE/transcriptions/speaker000/speaker000_0093.txt,5,utf-8
58,LIP-RTVE,speaker000_0094,272,../data/LIP-RTVE/WAVs/speaker000/speaker000_0094.wav,../data/LIP-RTVE/ROIs/speaker000/speaker000_0094.npz,../data/LIP-RTVE/transcriptions/speaker000/speaker000_0094.txt,5,utf-8
59,LIP-RTVE,speaker000_0095,205,../data/LIP-RTVE/WAVs/speaker000/speaker000_0095.wav,../data/LIP-RTVE/ROIs/speaker000/speaker000_0095.npz,../data/LIP-RTVE/transcriptions/speaker000/speaker000_0095.txt,5,utf-8
60,LIP-RTVE,speaker000_0097,127,../data/LIP-RTVE/WAVs/speaker000/speaker000_0097.wav,../data/LIP-RTVE/ROIs/speaker000/speaker000_0097.npz,../data/LIP-RTVE/transcriptions/speaker000/speaker000_0097.txt,5,utf-8
61,LIP-RTVE,speaker000_0098,270,../data/LIP-RTVE/WAVs/speaker000/speaker000_0098.wav,../data/LIP-RTVE/ROIs/speaker000/speaker000_0098.npz,../data/LIP-RTVE/transcriptions/speaker000/speaker000_0098.txt,5,utf-8
62,LIP-RTVE,speaker000_0100,245,../data/LIP-RTVE/WAVs/speaker000/speaker000_0100.wav,../data/LIP-RTVE/ROIs/speaker000/speaker000_0100.npz,../data/LIP-RTVE/transcriptions/speaker000/speaker000_0100.txt,5,utf-8
63,LIP-RTVE,speaker000_0102,85,../data/LIP-RTVE/WAVs/speaker000/speaker000_0102.wav,../data/LIP-RTVE/ROIs/speaker000/speaker000_0102.npz,../data/LIP-RTVE/transcriptions/speaker000/speaker000_0102.txt,5,utf-8
64,LIP-RTVE,speaker000_0103,203,../data/LIP-RTVE/WAVs/speaker000/speaker000_0103.wav,../data/LIP-RTVE/ROIs/speaker000/speaker000_0103.npz,../data/LIP-RTVE/transcriptions/speaker000/speaker000_0103.txt,5,utf-8
65,LIP-RTVE,speaker000_0104,96,../data/LIP-RTVE/WAVs/speaker000/speaker000_0104.wav,../data/LIP-RTVE/ROIs/speaker000/speaker000_0104.npz,../data/LIP-RTVE/transcriptions/speaker000/speaker000_0104.txt,5,utf-8
66,LIP-RTVE,speaker000_0105,31,../data/LIP-RTVE/WAVs/speaker000/speaker000_0105.wav,../data/LIP-RTVE/ROIs/speaker000/speaker000_0105.npz,../data/LIP-RTVE/transcriptions/speaker000/speaker000_0105.txt,5,utf-8
67,LIP-RTVE,speaker000_0106,93,../data/LIP-RTVE/WAVs/speaker000/speaker000_0106.wav,../data/LIP-RTVE/ROIs/speaker000/speaker000_0106.npz,../data/LIP-RTVE/transcriptions/speaker000/speaker000_0106.txt,5,utf-8
68,LIP-RTVE,speaker000_0107,32,../data/LIP-RTVE/WAVs/speaker000/speaker000_0107.wav,../data/LIP-RTVE/ROIs/speaker000/speaker000_0107.npz,../data/LIP-RTVE/transcriptions/speaker000/speaker000_0107.txt,5,utf-8
69,LIP-RTVE,speaker000_0109,82,../data/LIP-RTVE/WAVs/speaker000/speaker000_0109.wav,../data/LIP-RTVE/ROIs/speaker000/speaker000_0109.npz,../data/LIP-RTVE/transcriptions/speaker000/speaker000_0109.txt,5,utf-8
70,LIP-RTVE,speaker000_0111,174,../data/LIP-RTVE/WAVs/speaker000/speaker000_0111.wav,../data/LIP-RTVE/ROIs/speaker000/speaker000_0111.npz,../data/LIP-RTVE/transcriptions/speaker000/speaker000_0111.txt,5,utf-8
71,LIP-RTVE,speaker000_0112,156,../data/LIP-RTVE/WAVs/speaker000/speaker000_0112.wav,../data/LIP-RTVE/ROIs/speaker000/speaker000_0112.npz,../data/LIP-RTVE/transcriptions/speaker000/speaker000_0112.txt,5,utf-8
72,LIP-RTVE,speaker000_0113,157,../data/LIP-RTVE/WAVs/speaker000/speaker000_0113.wav,../data/LIP-RTVE/ROIs/speaker000/speaker000_0113.npz,../data/LIP-RTVE/transcriptions/speaker000/speaker000_0113.txt,5,utf-8
73,LIP-RTVE,speaker000_0114,157,../data/LIP-RTVE/WAVs/speaker000/speaker000_0114.wav,../data/LIP-RTVE/ROIs/speaker000/speaker000_0114.npz,../data/LIP-RTVE/transcriptions/speaker000/speaker000_0114.txt,5,utf-8
74,LIP-RTVE,speaker000_0116,139,../data/LIP-RTVE/WAVs/speaker000/speaker000_0116.wav,../data/LIP-RTVE/ROIs/speaker000/speaker000_0116.npz,../data/LIP-RTVE/transcriptions/speaker000/speaker000_0116.txt,5,utf-8
75,LIP-RTVE,speaker000_0117,80,../data/LIP-RTVE/WAVs/speaker000/speaker000_0117.wav,../data/LIP-RTVE/ROIs/speaker000/speaker000_0117.npz,../data/LIP-RTVE/transcriptions/speaker000/speaker000_0117.txt,5,utf-8
76,LIP-RTVE,speaker000_0118,143,../data/LIP-RTVE/WAVs/speaker000/speaker000_0118.wav,../data/LIP-RTVE/ROIs/speaker000/speaker000_0118.npz,../data/LIP-RTVE/transcriptions/speaker000/speaker000_0118.txt,5,utf-8
77,LIP-RTVE,speaker000_0119,300,../data/LIP-RTVE/WAVs/speaker000/speaker000_0119.wav,../data/LIP-RTVE/ROIs/speaker000/speaker000_0119.npz,../data/LIP-RTVE/transcriptions/speaker000/speaker000_0119.txt,5,utf-8
78,LIP-RTVE,speaker000_0120,93,../data/LIP-RTVE/WAVs/speaker000/speaker000_0120.wav,../data/LIP-RTVE/ROIs/speaker000/speaker000_0120.npz,../data/LIP-RTVE/transcriptions/speaker000/speaker000_0120.txt,5,utf-8
79,LIP-RTVE,speaker000_0123,36,../data/LIP-RTVE/WAVs/speaker000/speaker000_0123.wav,../data/LIP-RTVE/ROIs/speaker000/speaker000_0123.npz,../data/LIP-RTVE/transcriptions/speaker000/speaker000_0123.txt,5,utf-8
80,LIP-RTVE,speaker000_0124,186,../data/LIP-RTVE/WAVs/speaker000/speaker000_0124.wav,../data/LIP-RTVE/ROIs/speaker000/speaker000_0124.npz,../data/LIP-RTVE/transcriptions/speaker000/speaker000_0124.txt,5,utf-8
81,LIP-RTVE,speaker000_0125,185,../data/LIP-RTVE/WAVs/speaker000/speaker000_0125.wav,../data/LIP-RTVE/ROIs/speaker000/speaker000_0125.npz,../data/LIP-RTVE/transcriptions/speaker000/speaker000_0125.txt,5,utf-8
82,LIP-RTVE,speaker000_0126,46,../data/LIP-RTVE/WAVs/speaker000/speaker000_0126.wav,../data/LIP-RTVE/ROIs/speaker000/speaker000_0126.npz,../data/LIP-RTVE/transcriptions/speaker000/speaker000_0126.txt,5,utf-8
83,LIP-RTVE,speaker000_0129,55,../data/LIP-RTVE/WAVs/speaker000/speaker000_0129.wav,../data/LIP-RTVE/ROIs/speaker000/speaker000_0129.npz,../data/LIP-RTVE/transcriptions/speaker000/speaker000_0129.txt,5,utf-8
84,LIP-RTVE,speaker000_0130,133,../data/LIP-RTVE/WAVs/speaker000/speaker000_0130.wav,../data/LIP-RTVE/ROIs/speaker000/speaker000_0130.npz,../data/LIP-RTVE/transcriptions/speaker000/speaker000_0130.txt,5,utf-8
85,LIP-RTVE,speaker000_0131,78,../data/LIP-RTVE/WAVs/speaker000/speaker000_0131.wav,../data/LIP-RTVE/ROIs/speaker000/speaker000_0131.npz,../data/LIP-RTVE/transcriptions/speaker000/speaker000_0131.txt,5,utf-8
86,LIP-RTVE,speaker000_0132,283,../data/LIP-RTVE/WAVs/speaker000/speaker000_0132.wav,../data/LIP-RTVE/ROIs/speaker000/speaker000_0132.npz,../data/LIP-RTVE/transcriptions/speaker000/speaker000_0132.txt,5,utf-8
87,LIP-RTVE,speaker000_0136,178,../data/LIP-RTVE/WAVs/speaker000/speaker000_0136.wav,../data/LIP-RTVE/ROIs/speaker000/speaker000_0136.npz,../data/LIP-RTVE/transcriptions/speaker000/speaker000_0136.txt,5,utf-8
88,LIP-RTVE,speaker000_0137,138,../data/LIP-RTVE/WAVs/speaker000/speaker000_0137.wav,../data/LIP-RTVE/ROIs/speaker000/speaker000_0137.npz,../data/LIP-RTVE/transcriptions/speaker000/speaker000_0137.txt,5,utf-8
89,LIP-RTVE,speaker000_0140,63,../data/LIP-RTVE/WAVs/speaker000/speaker000_0140.wav,../data/LIP-RTVE/ROIs/speaker000/speaker000_0140.npz,../data/LIP-RTVE/transcriptions/speaker000/speaker000_0140.txt,5,utf-8
90,LIP-RTVE,speaker000_0141,106,../data/LIP-RTVE/WAVs/speaker000/speaker000_0141.wav,../data/LIP-RTVE/ROIs/speaker000/speaker000_0141.npz,../data/LIP-RTVE/transcriptions/speaker000/speaker000_0141.txt,5,utf-8
91,LIP-RTVE,speaker000_0142,41,../data/LIP-RTVE/WAVs/speaker000/speaker000_0142.wav,../data/LIP-RTVE/ROIs/speaker000/speaker000_0142.npz,../data/LIP-RTVE/transcriptions/speaker000/speaker000_0142.txt,5,utf-8
92,LIP-RTVE,speaker000_0143,295,../data/LIP-RTVE/WAVs/speaker000/speaker000_0143.wav,../data/LIP-RTVE/ROIs/speaker000/speaker000_0143.npz,../data/LIP-RTVE/transcriptions/speaker000/speaker000_0143.txt,5,utf-8
93,LIP-RTVE,speaker000_0144,37,../data/LIP-RTVE/WAVs/speaker000/speaker000_0144.wav,../data/LIP-RTVE/ROIs/speaker000/speaker000_0144.npz,../data/LIP-RTVE/transcriptions/speaker000/speaker000_0144.txt,5,utf-8
94,LIP-RTVE,speaker000_0145,238,../data/LIP-RTVE/WAVs/speaker000/speaker000_0145.wav,../data/LIP-RTVE/ROIs/speaker000/speaker000_0145.npz,../data/LIP-RTVE/transcriptions/speaker000/speaker000_0145.txt,5,utf-8
95,LIP-RTVE,speaker000_0146,198,../data/LIP-RTVE/WAVs/speaker000/speaker000_0146.wav,../data/LIP-RTVE/ROIs/speaker000/speaker000_0146.npz,../data/LIP-RTVE/transcriptions/speaker000/speaker000_0146.txt,5,utf-8
96,LIP-RTVE,speaker000_0147,123,../data/LIP-RTVE/WAVs/speaker000/speaker000_0147.wav,../data/LIP-RTVE/ROIs/speaker000/speaker000_0147.npz,../data/LIP-RTVE/transcriptions/speaker000/speaker000_0147.txt,5,utf-8
97,LIP-RTVE,speaker000_0148,114,../data/LIP-RTVE/WAVs/speaker000/speaker000_0148.wav,../data/LIP-RTVE/ROIs/speaker000/speaker000_0148.npz,../data/LIP-RTVE/transcriptions/speaker000/speaker000_0148.txt,5,utf-8
98,LIP-RTVE,speaker000_0149,158,../data/LIP-RTVE/WAVs/speaker000/speaker000_0149.wav,../data/LIP-RTVE/ROIs/speaker000/speaker000_0149.npz,../data/LIP-RTVE/transcriptions/speaker000/speaker000_0149.txt,5,utf-8
99,LIP-RTVE,speaker000_0150,59,../data/LIP-RTVE/WAVs/speaker000/speaker000_0150.wav,../data/LIP-RTVE/ROIs/speaker000/speaker000_0150.npz,../data/LIP-RTVE/transcriptions/speaker000/speaker000_0150.txt,5,utf-8
100,LIP-RTVE,speaker000_0152,37,../data/LIP-RTVE/WAVs/speaker000/speaker000_0152.wav,../data/LIP-RTVE/ROIs/speaker000/speaker000_0152.npz,../data/LIP-RTVE/transcriptions/speaker000/speaker000_0152.txt,5,utf-8
101,LIP-RTVE,speaker000_0153,124,../data/LIP-RTVE/WAVs/speaker000/speaker000_0153.wav,../data/LIP-RTVE/ROIs/speaker000/speaker000_0153.npz,../data/LIP-RTVE/transcriptions/speaker000/speaker000_0153.txt,5,utf-8
102,LIP-RTVE,speaker000_0155,76,../data/LIP-RTVE/WAVs/speaker000/speaker000_0155.wav,../data/LIP-RTVE/ROIs/speaker000/speaker000_0155.npz,../data/LIP-RTVE/transcriptions/speaker000/speaker000_0155.txt,5,utf-8
103,LIP-RTVE,speaker000_0156,30,../data/LIP-RTVE/WAVs/speaker000/speaker000_0156.wav,../data/LIP-RTVE/ROIs/speaker000/speaker000_0156.npz,../data/LIP-RTVE/transcriptions/speaker000/speaker000_0156.txt,5,utf-8
104,LIP-RTVE,speaker000_0157,174,../data/LIP-RTVE/WAVs/speaker000/speaker000_0157.wav,../data/LIP-RTVE/ROIs/speaker000/speaker000_0157.npz,../data/LIP-RTVE/transcriptions/speaker000/speaker000_0157.txt,5,utf-8
105,LIP-RTVE,speaker000_0158,99,../data/LIP-RTVE/WAVs/speaker000/speaker000_0158.wav,../data/LIP-RTVE/ROIs/speaker000/speaker000_0158.npz,../data/LIP-RTVE/transcriptions/speaker000/speaker000_0158.txt,5,utf-8
106,LIP-RTVE,speaker000_0159,53,../data/LIP-RTVE/WAVs/speaker000/speaker000_0159.wav,../data/LIP-RTVE/ROIs/speaker000/speaker000_0159.npz,../data/LIP-RTVE/transcriptions/speaker000/speaker000_0159.txt,5,utf-8
107,LIP-RTVE,speaker000_0161,26,../data/LIP-RTVE/WAVs/speaker000/speaker000_0161.wav,../data/LIP-RTVE/ROIs/speaker000/speaker000_0161.npz,../data/LIP-RTVE/transcriptions/speaker000/speaker000_0161.txt,5,utf-8
108,LIP-RTVE,speaker000_0164,46,../data/LIP-RTVE/WAVs/speaker000/speaker000_0164.wav,../data/LIP-RTVE/ROIs/speaker000/speaker000_0164.npz,../data/LIP-RTVE/transcriptions/speaker000/speaker000_0164.txt,5,utf-8
109,LIP-RTVE,speaker000_0166,196,../data/LIP-RTVE/WAVs/speaker000/speaker000_0166.wav,../data/LIP-RTVE/ROIs/speaker000/speaker000_0166.npz,../data/LIP-RTVE/transcriptions/speaker000/speaker000_0166.txt,5,utf-8
110,LIP-RTVE,speaker000_0167,191,../data/LIP-RTVE/WAVs/speaker000/speaker000_0167.wav,../data/LIP-RTVE/ROIs/speaker000/speaker000_0167.npz,../data/LIP-RTVE/transcriptions/speaker000/speaker000_0167.txt,5,utf-8
111,LIP-RTVE,speaker000_0168,171,../data/LIP-RTVE/WAVs/speaker000/speaker000_0168.wav,../data/LIP-RTVE/ROIs/speaker000/speaker000_0168.npz,../data/LIP-RTVE/transcriptions/speaker000/speaker000_0168.txt,5,utf-8
112,LIP-RTVE,speaker000_0169,144,../data/LIP-RTVE/WAVs/speaker000/speaker000_0169.wav,../data/LIP-RTVE/ROIs/speaker000/speaker000_0169.npz,../data/LIP-RTVE/transcriptions/speaker000/speaker000_0169.txt,5,utf-8
113,LIP-RTVE,speaker000_0170,78,../data/LIP-RTVE/WAVs/speaker000/speaker000_0170.wav,../data/LIP-RTVE/ROIs/speaker000/speaker000_0170.npz,../data/LIP-RTVE/transcriptions/speaker000/speaker000_0170.txt,5,utf-8
114,LIP-RTVE,speaker000_0176,133,../data/LIP-RTVE/WAVs/speaker000/speaker000_0176.wav,../data/LIP-RTVE/ROIs/speaker000/speaker000_0176.npz,../data/LIP-RTVE/transcriptions/speaker000/speaker000_0176.txt,5,utf-8
115,LIP-RTVE,speaker000_0177,79,../data/LIP-RTVE/WAVs/speaker000/speaker000_0177.wav,../data/LIP-RTVE/ROIs/speaker000/speaker000_0177.npz,../data/LIP-RTVE/transcriptions/speaker000/speaker000_0177.txt,5,utf-8
116,LIP-RTVE,speaker000_0179,77,../data/LIP-RTVE/WAVs/speaker000/speaker000_0179.wav,../data/LIP-RTVE/ROIs/speaker000/speaker000_0179.npz,../data/LIP-RTVE/transcriptions/speaker000/speaker000_0179.txt,5,utf-8
117,LIP-RTVE,speaker000_0181,72,../data/LIP-RTVE/WAVs/speaker000/speaker000_0181.wav,../data/LIP-RTVE/ROIs/speaker000/speaker000_0181.npz,../data/LIP-RTVE/transcriptions/speaker000/speaker000_0181.txt,5,utf-8
118,LIP-RTVE,speaker000_0184,124,../data/LIP-RTVE/WAVs/speaker000/speaker000_0184.wav,../data/LIP-RTVE/ROIs/speaker000/speaker000_0184.npz,../data/LIP-RTVE/transcriptions/speaker000/speaker000_0184.txt,5,utf-8
119,LIP-RTVE,speaker000_0185,147,../data/LIP-RTVE/WAVs/speaker000/speaker000_0185.wav,../data/LIP-RTVE/ROIs/speaker000/speaker000_0185.npz,../data/LIP-RTVE/transcriptions/speaker000/speaker000_0185.txt,5,utf-8
120,LIP-RTVE,speaker000_0187,93,../data/LIP-RTVE/WAVs/speaker000/speaker000_0187.wav,../data/LIP-RTVE/ROIs/speaker000/speaker000_0187.npz,../data/LIP-RTVE/transcriptions/speaker000/speaker000_0187.txt,5,utf-8
121,LIP-RTVE,speaker000_0188,198,../data/LIP-RTVE/WAVs/speaker000/speaker000_0188.wav,../data/LIP-RTVE/ROIs/speaker000/speaker000_0188.npz,../data/LIP-RTVE/transcriptions/speaker000/speaker000_0188.txt,5,utf-8
122,LIP-RTVE,speaker000_0189,136,../data/LIP-RTVE/WAVs/speaker000/speaker000_0189.wav,../data/LIP-RTVE/ROIs/speaker000/speaker000_0189.npz,../data/LIP-RTVE/transcriptions/speaker000/speaker000_0189.txt,5,utf-8
123,LIP-RTVE,speaker000_0190,140,../data/LIP-RTVE/WAVs/speaker000/speaker000_0190.wav,../data/LIP-RTVE/ROIs/speaker000/speaker000_0190.npz,../data/LIP-RTVE/transcriptions/speaker000/speaker000_0190.txt,5,utf-8
124,LIP-RTVE,speaker000_0191,164,../data/LIP-RTVE/WAVs/speaker000/speaker000_0191.wav,../data/LIP-RTVE/ROIs/speaker000/speaker000_0191.npz,../data/LIP-RTVE/transcriptions/speaker000/speaker000_0191.txt,5,utf-8
125,LIP-RTVE,speaker000_0192,80,../data/LIP-RTVE/WAVs/speaker000/speaker000_0192.wav,../data/LIP-RTVE/ROIs/speaker000/speaker000_0192.npz,../data/LIP-RTVE/transcriptions/speaker000/speaker000_0192.txt,5,utf-8
126,LIP-RTVE,speaker000_0193,133,../data/LIP-RTVE/WAVs/speaker000/speaker000_0193.wav,../data/LIP-RTVE/ROIs/speaker000/speaker000_0193.npz,../data/LIP-RTVE/transcriptions/speaker000/speaker000_0193.txt,5,utf-8
127,LIP-RTVE,speaker000_0195,103,../data/LIP-RTVE/WAVs/speaker000/speaker000_0195.wav,../data/LIP-RTVE/ROIs/speaker000/speaker000_0195.npz,../data/LIP-RTVE/transcriptions/speaker000/speaker000_0195.txt,5,utf-8
128,LIP-RTVE,speaker000_0198,172,../data/LIP-RTVE/WAVs/speaker000/speaker000_0198.wav,../data/LIP-RTVE/ROIs/speaker000/speaker000_0198.npz,../data/LIP-RTVE/transcriptions/speaker000/speaker000_0198.txt,5,utf-8
129,LIP-RTVE,speaker000_0199,28,../data/LIP-RTVE/WAVs/speaker000/speaker000_0199.wav,../data/LIP-RTVE/ROIs/speaker000/speaker000_0199.npz,../data/LIP-RTVE/transcriptions/speaker000/speaker000_0199.txt,5,utf-8
130,LIP-RTVE,speaker000_0202,38,../data/LIP-RTVE/WAVs/speaker000/speaker000_0202.wav,../data/LIP-RTVE/ROIs/speaker000/speaker000_0202.npz,../data/LIP-RTVE/transcriptions/speaker000/speaker000_0202.txt,5,utf-8
131,LIP-RTVE,speaker000_0203,52,../data/LIP-RTVE/WAVs/speaker000/speaker000_0203.wav,../data/LIP-RTVE/ROIs/speaker000/speaker000_0203.npz,../data/LIP-RTVE/transcriptions/speaker000/speaker000_0203.txt,5,utf-8
132,LIP-RTVE,speaker000_0206,59,../data/LIP-RTVE/WAVs/speaker000/speaker000_0206.wav,../data/LIP-RTVE/ROIs/speaker000/speaker000_0206.npz,../data/LIP-RTVE/transcriptions/speaker000/speaker000_0206.txt,5,utf-8
133,LIP-RTVE,speaker000_0207,36,../data/LIP-RTVE/WAVs/speaker000/speaker000_0207.wav,../data/LIP-RTVE/ROIs/speaker000/speaker000_0207.npz,../data/LIP-RTVE/transcriptions/speaker000/speaker000_0207.txt,5,utf-8
134,LIP-RTVE,speaker000_0209,31,../data/LIP-RTVE/WAVs/speaker000/speaker000_0209.wav,../data/LIP-RTVE/ROIs/speaker000/speaker000_0209.npz,../data/LIP-RTVE/transcriptions/speaker000/speaker000_0209.txt,5,utf-8
135,LIP-RTVE,speaker000_0210,140,../data/LIP-RTVE/WAVs/speaker000/speaker000_0210.wav,../data/LIP-RTVE/ROIs/speaker000/speaker000_0210.npz,../data/LIP-RTVE/transcriptions/speaker000/speaker000_0210.txt,5,utf-8
136,LIP-RTVE,speaker000_0211,36,../data/LIP-RTVE/WAVs/speaker000/speaker000_0211.wav,../data/LIP-RTVE/ROIs/speaker000/speaker000_0211.npz,../data/LIP-RTVE/transcriptions/speaker000/speaker000_0211.txt,5,utf-8
137,LIP-RTVE,speaker000_0213,116,../data/LIP-RTVE/WAVs/speaker000/speaker000_0213.wav,../data/LIP-RTVE/ROIs/speaker000/speaker000_0213.npz,../data/LIP-RTVE/transcriptions/speaker000/speaker000_0213.txt,5,utf-8
138,LIP-RTVE,speaker000_0214,32,../data/LIP-RTVE/WAVs/speaker000/speaker000_0214.wav,../data/LIP-RTVE/ROIs/speaker000/speaker000_0214.npz,../data/LIP-RTVE/transcriptions/speaker000/speaker000_0214.txt,5,utf-8
139,LIP-RTVE,speaker000_0215,192,../data/LIP-RTVE/WAVs/speaker000/speaker000_0215.wav,../data/LIP-RTVE/ROIs/speaker000/speaker000_0215.npz,../data/LIP-RTVE/transcriptions/speaker000/speaker000_0215.txt,5,utf-8
140,LIP-RTVE,speaker000_0217,102,../data/LIP-RTVE/WAVs/speaker000/speaker000_0217.wav,../data/LIP-RTVE/ROIs/speaker000/speaker000_0217.npz,../data/LIP-RTVE/transcriptions/speaker000/speaker000_0217.txt,5,utf-8
141,LIP-RTVE,speaker000_0219,106,../data/LIP-RTVE/WAVs/speaker000/speaker000_0219.wav,../data/LIP-RTVE/ROIs/speaker000/speaker000_0219.npz,../data/LIP-RTVE/transcriptions/speaker000/speaker000_0219.txt,5,utf-8
142,LIP-RTVE,speaker000_0220,81,../data/LIP-RTVE/WAVs/speaker000/speaker000_0220.wav,../data/LIP-RTVE/ROIs/speaker000/speaker000_0220.npz,../data/LIP-RTVE/transcriptions/speaker000/speaker000_0220.txt,5,utf-8
143,LIP-RTVE,speaker000_0221,98,../data/LIP-RTVE/WAVs/speaker000/speaker000_0221.wav,../data/LIP-RTVE/ROIs/speaker000/speaker000_0221.npz,../data/LIP-RTVE/transcriptions/speaker000/speaker000_0221.txt,5,utf-8
144,LIP-RTVE,speaker000_0222,54,../data/LIP-RTVE/WAVs/speaker000/speaker000_0222.wav,../data/LIP-RTVE/ROIs/speaker000/speaker000_0222.npz,../data/LIP-RTVE/transcriptions/speaker000/speaker000_0222.txt,5,utf-8
145,LIP-RTVE,speaker000_0223,31,../data/LIP-RTVE/WAVs/speaker000/speaker000_0223.wav,../data/LIP-RTVE/ROIs/speaker000/speaker000_0223.npz,../data/LIP-RTVE/transcriptions/speaker000/speaker000_0223.txt,5,utf-8
146,LIP-RTVE,speaker000_0224,202,../data/LIP-RTVE/WAVs/speaker000/speaker000_0224.wav,../data/LIP-RTVE/ROIs/speaker000/speaker000_0224.npz,../data/LIP-RTVE/transcriptions/speaker000/speaker000_0224.txt,5,utf-8
147,LIP-RTVE,speaker000_0225,145,../data/LIP-RTVE/WAVs/speaker000/speaker000_0225.wav,../data/LIP-RTVE/ROIs/speaker000/speaker000_0225.npz,../data/LIP-RTVE/transcriptions/speaker000/speaker000_0225.txt,5,utf-8
148,LIP-RTVE,speaker000_0228,114,../data/LIP-RTVE/WAVs/speaker000/speaker000_0228.wav,../data/LIP-RTVE/ROIs/speaker000/speaker000_0228.npz,../data/LIP-RTVE/transcriptions/speaker000/speaker000_0228.txt,5,utf-8
149,LIP-RTVE,speaker000_0229,53,../data/LIP-RTVE/WAVs/speaker000/speaker000_0229.wav,../data/LIP-RTVE/ROIs/speaker000/speaker000_0229.npz,../data/LIP-RTVE/transcriptions/speaker000/speaker000_0229.txt,5,utf-8
150,LIP-RTVE,speaker000_0230,56,../data/LIP-RTVE/WAVs/speaker000/speaker000_0230.wav,../data/LIP-RTVE/ROIs/speaker000/speaker000_0230.npz,../data/LIP-RTVE/transcriptions/speaker000/speaker000_0230.txt,5,utf-8
151,LIP-RTVE,speaker000_0231,183,../data/LIP-RTVE/WAVs/speaker000/speaker000_0231.wav,../data/LIP-RTVE/ROIs/speaker000/speaker000_0231.npz,../data/LIP-RTVE/transcriptions/speaker000/speaker000_0231.txt,5,utf-8
152,LIP-RTVE,speaker000_0233,116,../data/LIP-RTVE/WAVs/speaker000/speaker000_0233.wav,../data/LIP-RTVE/ROIs/speaker000/speaker000_0233.npz,../data/LIP-RTVE/transcriptions/speaker000/speaker000_0233.txt,5,utf-8
153,LIP-RTVE,speaker000_0234,32,../data/LIP-RTVE/WAVs/speaker000/speaker000_0234.wav,../data/LIP-RTVE/ROIs/speaker000/speaker000_0234.npz,../data/LIP-RTVE/transcriptions/speaker000/speaker000_0234.txt,5,utf-8
154,LIP-RTVE,speaker000_0235,66,../data/LIP-RTVE/WAVs/speaker000/speaker000_0235.wav,../data/LIP-RTVE/ROIs/speaker000/speaker000_0235.npz,../data/LIP-RTVE/transcriptions/speaker000/speaker000_0235.txt,5,utf-8
155,LIP-RTVE,speaker000_0237,69,../data/LIP-RTVE/WAVs/speaker000/speaker000_0237.wav,../data/LIP-RTVE/ROIs/speaker000/speaker000_0237.npz,../data/LIP-RTVE/transcriptions/speaker000/speaker000_0237.txt,5,utf-8
156,LIP-RTVE,speaker000_0238,122,../data/LIP-RTVE/WAVs/speaker000/speaker000_0238.wav,../data/LIP-RTVE/ROIs/speaker000/speaker000_0238.npz,../data/LIP-RTVE/transcriptions/speaker000/speaker000_0238.txt,5,utf-8
157,LIP-RTVE,speaker000_0239,163,../data/LIP-RTVE/WAVs/speaker000/speaker000_0239.wav,../data/LIP-RTVE/ROIs/speaker000/speaker000_0239.npz,../data/LIP-RTVE/transcriptions/speaker000/speaker000_0239.txt,5,utf-8
158,LIP-RTVE,speaker000_0240,50,../data/LIP-RTVE/WAVs/speaker000/speaker000_0240.wav,../data/LIP-RTVE/ROIs/speaker000/speaker000_0240.npz,../data/LIP-RTVE/transcriptions/speaker000/speaker000_0240.txt,5,utf-8
159,LIP-RTVE,speaker000_0242,31,../data/LIP-RTVE/WAVs/speaker000/speaker000_0242.wav,../data/LIP-RTVE/ROIs/speaker000/speaker000_0242.npz,../data/LIP-RTVE/transcriptions/speaker000/speaker000_0242.txt,5,utf-8
160,LIP-RTVE,speaker000_0244,59,../data/LIP-RTVE/WAVs/speaker000/speaker000_0244.wav,../data/LIP-RTVE/ROIs/speaker000/speaker000_0244.npz,../data/LIP-RTVE/transcriptions/speaker000/speaker000_0244.txt,5,utf-8
161,LIP-RTVE,speaker000_0245,75,../data/LIP-RTVE/WAVs/speaker000/speaker000_0245.wav,../data/LIP-RTVE/ROIs/speaker000/speaker000_0245.npz,../data/LIP-RTVE/transcriptions/speaker000/speaker000_0245.txt,5,utf-8
162,LIP-RTVE,speaker000_0247,28,../data/LIP-RTVE/WAVs/speaker000/speaker000_0247.wav,../data/LIP-RTVE/ROIs/speaker000/speaker000_0247.npz,../data/LIP-RTVE/transcriptions/speaker000/speaker000_0247.txt,5,utf-8
163,LIP-RTVE,speaker000_0249,63,../data/LIP-RTVE/WAVs/speaker000/speaker000_0249.wav,../data/LIP-RTVE/ROIs/speaker000/speaker000_0249.npz,../data/LIP-RTVE/transcriptions/speaker000/speaker000_0249.txt,5,utf-8
164,LIP-RTVE,speaker000_0250,109,../data/LIP-RTVE/WAVs/speaker000/speaker000_0250.wav,../data/LIP-RTVE/ROIs/speaker000/speaker000_0250.npz,../data/LIP-RTVE/transcriptions/speaker000/speaker000_0250.txt,5,utf-8
165,LIP-RTVE,speaker000_0251,69,../data/LIP-RTVE/WAVs/speaker000/speaker000_0251.wav,../data/LIP-RTVE/ROIs/speaker000/speaker000_0251.npz,../data/LIP-RTVE/transcriptions/speaker000/speaker000_0251.txt,5,utf-8
166,LIP-RTVE,speaker000_0252,197,../data/LIP-RTVE/WAVs/speaker000/speaker000_0252.wav,../data/LIP-RTVE/ROIs/speaker000/speaker000_0252.npz,../data/LIP-RTVE/transcriptions/speaker000/speaker000_0252.txt,5,utf-8
167,LIP-RTVE,speaker000_0253,158,../data/LIP-RTVE/WAVs/speaker000/speaker000_0253.wav,../data/LIP-RTVE/ROIs/speaker000/speaker000_0253.npz,../data/LIP-RTVE/transcriptions/speaker000/speaker000_0253.txt,5,utf-8
168,LIP-RTVE,speaker000_0254,187,../data/LIP-RTVE/WAVs/speaker000/speaker000_0254.wav,../data/LIP-RTVE/ROIs/speaker000/speaker000_0254.npz,../data/LIP-RTVE/transcriptions/speaker000/speaker000_0254.txt,5,utf-8
169,LIP-RTVE,speaker000_0255,169,../data/LIP-RTVE/WAVs/speaker000/speaker000_0255.wav,../data/LIP-RTVE/ROIs/speaker000/speaker000_0255.npz,../data/LIP-RTVE/transcriptions/speaker000/speaker000_0255.txt,5,utf-8
170,LIP-RTVE,speaker000_0256,82,../data/LIP-RTVE/WAVs/speaker000/speaker000_0256.wav,../data/LIP-RTVE/ROIs/speaker000/speaker000_0256.npz,../data/LIP-RTVE/transcriptions/speaker000/speaker000_0256.txt,5,utf-8
171,LIP-RTVE,speaker000_0260,26,../data/LIP-RTVE/WAVs/speaker000/speaker000_0260.wav,../data/LIP-RTVE/ROIs/speaker000/speaker000_0260.npz,../data/LIP-RTVE/transcriptions/speaker000/speaker000_0260.txt,5,utf-8
172,LIP-RTVE,speaker000_0261,100,../data/LIP-RTVE/WAVs/speaker000/speaker000_0261.wav,../data/LIP-RTVE/ROIs/speaker000/speaker000_0261.npz,../data/LIP-RTVE/transcriptions/speaker000/speaker000_0261.txt,5,utf-8
173,LIP-RTVE,speaker000_0262,106,../data/LIP-RTVE/WAVs/speaker000/speaker000_0262.wav,../data/LIP-RTVE/ROIs/speaker000/speaker000_0262.npz,../data/LIP-RTVE/transcriptions/speaker000/speaker000_0262.txt,5,utf-8
174,LIP-RTVE,speaker000_0264,56,../data/LIP-RTVE/WAVs/speaker000/speaker000_0264.wav,../data/LIP-RTVE/ROIs/speaker000/speaker000_0264.npz,../data/LIP-RTVE/transcriptions/speaker000/speaker000_0264.txt,5,utf-8
175,LIP-RTVE,speaker000_0265,81,../data/LIP-RTVE/WAVs/speaker000/speaker000_0265.wav,../data/LIP-RTVE/ROIs/speaker000/speaker000_0265.npz,../data/LIP-RTVE/transcriptions/speaker000/speaker000_0265.txt,5,utf-8
176,LIP-RTVE,speaker000_0266,103,../data/LIP-RTVE/WAVs/speaker000/speaker000_0266.wav,../data/LIP-RTVE/ROIs/speaker000/speaker000_0266.npz,../data/LIP-RTVE/transcriptions/speaker000/speaker000_0266.txt,5,utf-8
177,LIP-RTVE,speaker000_0267,71,../data/LIP-RTVE/WAVs/speaker000/speaker000_0267.wav,../data/LIP-RTVE/ROIs/speaker000/speaker000_0267.npz,../data/LIP-RTVE/transcriptions/speaker000/speaker000_0267.txt,5,utf-8
178,LIP-RTVE,speaker000_0269,27,../data/LIP-RTVE/WAVs/speaker000/speaker000_0269.wav,../data/LIP-RTVE/ROIs/speaker000/speaker000_0269.npz,../data/LIP-RTVE/transcriptions/speaker000/speaker000_0269.txt,5,utf-8
179,LIP-RTVE,speaker000_0270,60,../data/LIP-RTVE/WAVs/speaker000/speaker000_0270.wav,../data/LIP-RTVE/ROIs/speaker000/speaker000_0270.npz,../data/LIP-RTVE/transcriptions/speaker000/speaker000_0270.txt,5,utf-8
180,LIP-RTVE,speaker000_0271,57,../data/LIP-RTVE/WAVs/speaker000/speaker000_0271.wav,../data/LIP-RTVE/ROIs/speaker000/speaker000_0271.npz,../data/LIP-RTVE/transcriptions/speaker000/speaker000_0271.txt,5,utf-8
181,LIP-RTVE,speaker000_0272,110,../data/LIP-RTVE/WAVs/speaker000/speaker000_0272.wav,../data/LIP-RTVE/ROIs/speaker000/speaker000_0272.npz,../data/LIP-RTVE/transcriptions/speaker000/speaker000_0272.txt,5,utf-8
182,LIP-RTVE,speaker000_0273,161,../data/LIP-RTVE/WAVs/speaker000/speaker000_0273.wav,../data/LIP-RTVE/ROIs/speaker000/speaker000_0273.npz,../data/LIP-RTVE/transcriptions/speaker000/speaker000_0273.txt,5,utf-8
183,LIP-RTVE,speaker000_0274,98,../data/LIP-RTVE/WAVs/speaker000/speaker000_0274.wav,../data/LIP-RTVE/ROIs/speaker000/speaker000_0274.npz,../data/LIP-RTVE/transcriptions/speaker000/speaker000_0274.txt,5,utf-8
184,LIP-RTVE,speaker000_0275,93,../data/LIP-RTVE/WAVs/speaker000/speaker000_0275.wav,../data/LIP-RTVE/ROIs/speaker000/speaker000_0275.npz,../data/LIP-RTVE/transcriptions/speaker000/speaker000_0275.txt,5,utf-8
185,LIP-RTVE,speaker000_0276,53,../data/LIP-RTVE/WAVs/speaker000/speaker000_0276.wav,../data/LIP-RTVE/ROIs/speaker000/speaker000_0276.npz,../data/LIP-RTVE/transcriptions/speaker000/speaker000_0276.txt,5,utf-8
186,LIP-RTVE,speaker000_0278,96,../data/LIP-RTVE/WAVs/speaker000/speaker000_0278.wav,../data/LIP-RTVE/ROIs/speaker000/speaker000_0278.npz,../data/LIP-RTVE/transcriptions/speaker000/speaker000_0278.txt,5,utf-8
187,LIP-RTVE,speaker000_0279,110,../data/LIP-RTVE/WAVs/speaker000/speaker000_0279.wav,../data/LIP-RTVE/ROIs/speaker000/speaker000_0279.npz,../data/LIP-RTVE/transcriptions/speaker000/speaker000_0279.txt,5,utf-8
188,LIP-RTVE,speaker000_0280,106,../data/LIP-RTVE/WAVs/speaker000/speaker000_0280.wav,../data/LIP-RTVE/ROIs/speaker000/speaker000_0280.npz,../data/LIP-RTVE/transcriptions/speaker000/speaker000_0280.txt,5,utf-8
189,LIP-RTVE,speaker000_0282,67,../data/LIP-RTVE/WAVs/speaker000/speaker000_0282.wav,../data/LIP-RTVE/ROIs/speaker000/speaker000_0282.npz,../data/LIP-RTVE/transcriptions/speaker000/speaker000_0282.txt,5,utf-8
190,LIP-RTVE,speaker000_0284,32,../data/LIP-RTVE/WAVs/speaker000/speaker000_0284.wav,../data/LIP-RTVE/ROIs/speaker000/speaker000_0284.npz,../data/LIP-RTVE/transcriptions/speaker000/speaker000_0284.txt,5,utf-8
191,LIP-RTVE,speaker000_0286,95,../data/LIP-RTVE/WAVs/speaker000/speaker000_0286.wav,../data/LIP-RTVE/ROIs/speaker000/speaker000_0286.npz,../data/LIP-RTVE/transcriptions/speaker000/speaker000_0286.txt,5,utf-8
192,LIP-RTVE,speaker000_0287,46,../data/LIP-RTVE/WAVs/speaker000/speaker000_0287.wav,../data/LIP-RTVE/ROIs/speaker000/speaker000_0287.npz,../data/LIP-RTVE/transcriptions/speaker000/speaker000_0287.txt,5,utf-8
193,LIP-RTVE,speaker000_0288,105,../data/LIP-RTVE/WAVs/speaker000/speaker000_0288.wav,../data/LIP-RTVE/ROIs/speaker000/speaker000_0288.npz,../data/LIP-RTVE/transcriptions/speaker000/speaker000_0288.txt,5,utf-8
194,LIP-RTVE,speaker000_0292,125,../data/LIP-RTVE/WAVs/speaker000/speaker000_0292.wav,../data/LIP-RTVE/ROIs/speaker000/speaker000_0292.npz,../data/LIP-RTVE/transcriptions/speaker000/speaker000_0292.txt,5,utf-8
195,LIP-RTVE,speaker000_0294,99,../data/LIP-RTVE/WAVs/speaker000/speaker000_0294.wav,../data/LIP-RTVE/ROIs/speaker000/speaker000_0294.npz,../data/LIP-RTVE/transcriptions/speaker000/speaker000_0294.txt,5,utf-8
196,LIP-RTVE,speaker000_0295,130,../data/LIP-RTVE/WAVs/speaker000/speaker000_0295.wav,../data/LIP-RTVE/ROIs/speaker000/speaker000_0295.npz,../data/LIP-RTVE/transcriptions/speaker000/speaker000_0295.txt,5,utf-8
197,LIP-RTVE,speaker000_0296,58,../data/LIP-RTVE/WAVs/speaker000/speaker000_0296.wav,../data/LIP-RTVE/ROIs/speaker000/speaker000_0296.npz,../data/LIP-RTVE/transcriptions/speaker000/speaker000_0296.txt,5,utf-8
198,LIP-RTVE,speaker000_0298,80,../data/LIP-RTVE/WAVs/speaker000/speaker000_0298.wav,../data/LIP-RTVE/ROIs/speaker000/speaker000_0298.npz,../data/LIP-RTVE/transcriptions/speaker000/speaker000_0298.txt,5,utf-8
199,LIP-RTVE,speaker000_0299,165,../data/LIP-RTVE/WAVs/speaker000/speaker000_0299.wav,../data/LIP-RTVE/ROIs/speaker000/speaker000_0299.npz,../data/LIP-RTVE/transcriptions/speaker000/speaker000_0299.txt,5,utf-8
200,LIP-RTVE,speaker000_0301,60,../data/LIP-RTVE/WAVs/speaker000/speaker000_0301.wav,../data/LIP-RTVE/ROIs/speaker000/speaker000_0301.npz,../data/LIP-RTVE/transcriptions/speaker000/speaker000_0301.txt,5,utf-8
201,LIP-RTVE,speaker000_0302,130,../data/LIP-RTVE/WAVs/speaker000/speaker000_0302.wav,../data/LIP-RTVE/ROIs/speaker000/speaker000_0302.npz,../data/LIP-RTVE/transcriptions/speaker000/speaker000_0302.txt,5,utf-8
202,LIP-RTVE,speaker000_0304,184,../data/LIP-RTVE/WAVs/speaker000/speaker000_0304.wav,../data/LIP-RTVE/ROIs/speaker000/speaker000_0304.npz,../data/LIP-RTVE/transcriptions/speaker000/speaker000_0304.txt,5,utf-8
203,LIP-RTVE,speaker000_0305,46,../data/LIP-RTVE/WAVs/speaker000/speaker000_0305.wav,../data/LIP-RTVE/ROIs/speaker000/speaker000_0305.npz,../data/LIP-RTVE/transcriptions/speaker000/speaker000_0305.txt,5,utf-8
204,LIP-RTVE,speaker000_0307,201,../data/LIP-RTVE/WAVs/speaker000/speaker000_0307.wav,../data/LIP-RTVE/ROIs/speaker000/speaker000_0307.npz,../data/LIP-RTVE/transcriptions/speaker000/speaker000_0307.txt,5,utf-8
205,LIP-RTVE,speaker000_0308,132,../data/LIP-RTVE/WAVs/speaker000/speaker000_0308.wav,../data/LIP-RTVE/ROIs/speaker000/speaker000_0308.npz,../data/LIP-RTVE/transcriptions/speaker000/speaker000_0308.txt,5,utf-8
206,LIP-RTVE,speaker000_0309,324,../data/LIP-RTVE/WAVs/speaker000/speaker000_0309.wav,../data/LIP-RTVE/ROIs/speaker000/speaker000_0309.npz,../data/LIP-RTVE/transcriptions/speaker000/speaker000_0309.txt,5,utf-8
207,LIP-RTVE,speaker000_0311,137,../data/LIP-RTVE/WAVs/speaker000/speaker000_0311.wav,../data/LIP-RTVE/ROIs/speaker000/speaker000_0311.npz,../data/LIP-RTVE/transcriptions/speaker000/speaker000_0311.txt,5,utf-8
208,LIP-RTVE,speaker000_0312,84,../data/LIP-RTVE/WAVs/speaker000/speaker000_0312.wav,../data/LIP-RTVE/ROIs/speaker000/speaker000_0312.npz,../data/LIP-RTVE/transcriptions/speaker000/speaker000_0312.txt,5,utf-8
209,LIP-RTVE,speaker000_0314,86,../data/LIP-RTVE/WAVs/speaker000/speaker000_0314.wav,../data/LIP-RTVE/ROIs/speaker000/speaker000_0314.npz,../data/LIP-RTVE/transcriptions/speaker000/speaker000_0314.txt,5,utf-8
210,LIP-RTVE,speaker000_0315,188,../data/LIP-RTVE/WAVs/speaker000/speaker000_0315.wav,../data/LIP-RTVE/ROIs/speaker000/speaker000_0315.npz,../data/LIP-RTVE/transcriptions/speaker000/speaker000_0315.txt,5,utf-8
211,LIP-RTVE,speaker000_0316,58,../data/LIP-RTVE/WAVs/speaker000/speaker000_0316.wav,../data/LIP-RTVE/ROIs/speaker000/speaker000_0316.npz,../data/LIP-RTVE/transcriptions/speaker000/speaker000_0316.txt,5,utf-8
212,LIP-RTVE,speaker000_0317,131,../data/LIP-RTVE/WAVs/speaker000/speaker000_0317.wav,../data/LIP-RTVE/ROIs/speaker000/speaker000_0317.npz,../data/LIP-RTVE/transcriptions/speaker000/speaker000_0317.txt,5,utf-8
213,LIP-RTVE,speaker000_0319,35,../data/LIP-RTVE/WAVs/speaker000/speaker000_0319.wav,../data/LIP-RTVE/ROIs/speaker000/speaker000_0319.npz,../data/LIP-RTVE/transcriptions/speaker000/speaker000_0319.txt,5,utf-8
214,LIP-RTVE,speaker000_0320,214,../data/LIP-RTVE/WAVs/speaker000/speaker000_0320.wav,../data/LIP-RTVE/ROIs/speaker000/speaker000_0320.npz,../data/LIP-RTVE/transcriptions/speaker000/speaker000_0320.txt,5,utf-8
215,LIP-RTVE,speaker000_0324,102,../data/LIP-RTVE/WAVs/speaker000/speaker000_0324.wav,../data/LIP-RTVE/ROIs/speaker000/speaker000_0324.npz,../data/LIP-RTVE/transcriptions/speaker000/speaker000_0324.txt,5,utf-8
216,LIP-RTVE,speaker000_0327,155,../data/LIP-RTVE/WAVs/speaker000/speaker000_0327.wav,../data/LIP-RTVE/ROIs/speaker000/speaker000_0327.npz,../data/LIP-RTVE/transcriptions/speaker000/speaker000_0327.txt,5,utf-8
217,LIP-RTVE,speaker000_0330,172,../data/LIP-RTVE/WAVs/speaker000/speaker000_0330.wav,../data/LIP-RTVE/ROIs/speaker000/speaker000_0330.npz,../data/LIP-RTVE/transcriptions/speaker000/speaker000_0330.txt,5,utf-8
218,LIP-RTVE,speaker000_0331,67,../data/LIP-RTVE/WAVs/speaker000/speaker000_0331.wav,../data/LIP-RTVE/ROIs/speaker000/speaker000_0331.npz,../data/LIP-RTVE/transcriptions/speaker000/speaker000_0331.txt,5,utf-8
219,LIP-RTVE,speaker000_0332,171,../data/LIP-RTVE/WAVs/speaker000/speaker000_0332.wav,../data/LIP-RTVE/ROIs/speaker000/speaker000_0332.npz,../data/LIP-RTVE/transcriptions/speaker000/speaker000_0332.txt,5,utf-8
220,LIP-RTVE,speaker000_0335,232,../data/LIP-RTVE/WAVs/speaker000/speaker000_0335.wav,../data/LIP-RTVE/ROIs/speaker000/speaker000_0335.npz,../data/LIP-RTVE/transcriptions/speaker000/speaker000_0335.txt,5,utf-8
221,LIP-RTVE,speaker000_0336,110,../data/LIP-RTVE/WAVs/speaker000/speaker000_0336.wav,../data/LIP-RTVE/ROIs/speaker000/speaker000_0336.npz,../data/LIP-RTVE/transcriptions/speaker000/speaker000_0336.txt,5,utf-8
222,LIP-RTVE,speaker000_0337,264,../data/LIP-RTVE/WAVs/speaker000/speaker000_0337.wav,../data/LIP-RTVE/ROIs/speaker000/speaker000_0337.npz,../data/LIP-RTVE/transcriptions/speaker000/speaker000_0337.txt,5,utf-8
223,LIP-RTVE,speaker000_0338,32,../data/LIP-RTVE/WAVs/speaker000/speaker000_0338.wav,../data/LIP-RTVE/ROIs/speaker000/speaker000_0338.npz,../data/LIP-RTVE/transcriptions/speaker000/speaker000_0338.txt,5,utf-8
224,LIP-RTVE,speaker000_0340,54,../data/LIP-RTVE/WAVs/speaker000/speaker000_0340.wav,../data/LIP-RTVE/ROIs/speaker000/speaker000_0340.npz,../data/LIP-RTVE/transcriptions/speaker000/speaker000_0340.txt,5,utf-8
225,LIP-RTVE,speaker000_0343,210,../data/LIP-RTVE/WAVs/speaker000/speaker000_0343.wav,../data/LIP-RTVE/ROIs/speaker000/speaker000_0343.npz,../data/LIP-RTVE/transcriptions/speaker000/speaker000_0343.txt,5,utf-8
226,LIP-RTVE,speaker000_0345,51,../data/LIP-RTVE/WAVs/speaker000/speaker000_0345.wav,../data/LIP-RTVE/ROIs/speaker000/speaker000_0345.npz,../data/LIP-RTVE/transcriptions/speaker000/speaker000_0345.txt,5,utf-8
227,LIP-RTVE,speaker000_0346,228,../data/LIP-RTVE/WAVs/speaker000/speaker000_0346.wav,../data/LIP-RTVE/ROIs/speaker000/speaker000_0346.npz,../data/LIP-RTVE/transcriptions/speaker000/speaker000_0346.txt,5,utf-8
228,LIP-RTVE,speaker000_0347,94,../data/LIP-RTVE/WAVs/speaker000/speaker000_0347.wav,../data/LIP-RTVE/ROIs/speaker000/speaker000_0347.npz,../data/LIP-RTVE/transcriptions/speaker000/speaker000_0347.txt,5,utf-8
229,LIP-RTVE,speaker000_0350,91,../data/LIP-RTVE/WAVs/speaker000/speaker000_0350.wav,../data/LIP-RTVE/ROIs/speaker000/speaker000_0350.npz,../data/LIP-RTVE/transcriptions/speaker000/speaker000_0350.txt,5,utf-8
230,LIP-RTVE,speaker000_0351,111,../data/LIP-RTVE/WAVs/speaker000/speaker000_0351.wav,../data/LIP-RTVE/ROIs/speaker000/speaker000_0351.npz,../data/LIP-RTVE/transcriptions/speaker000/speaker000_0351.txt,5,utf-8
231,LIP-RTVE,speaker000_0352,125,../data/LIP-RTVE/WAVs/speaker000/speaker000_0352.wav,../data/LIP-RTVE/ROIs/speaker000/speaker000_0352.npz,../data/LIP-RTVE/transcriptions/speaker000/speaker000_0352.txt,5,utf-8
232,LIP-RTVE,speaker000_0353,152,../data/LIP-RTVE/WAVs/speaker000/speaker000_0353.wav,../data/LIP-RTVE/ROIs/speaker000/speaker000_0353.npz,../data/LIP-RTVE/transcriptions/speaker000/speaker000_0353.txt,5,utf-8
233,LIP-RTVE,speaker000_0354,51,../data/LIP-RTVE/WAVs/speaker000/speaker000_0354.wav,../data/LIP-RTVE/ROIs/speaker000/speaker000_0354.npz,../data/LIP-RTVE/transcriptions/speaker000/speaker000_0354.txt,5,utf-8
234,LIP-RTVE,speaker000_0356,78,../data/LIP-RTVE/WAVs/speaker000/speaker000_0356.wav,../data/LIP-RTVE/ROIs/speaker000/speaker000_0356.npz,../data/LIP-RTVE/transcriptions/speaker000/speaker000_0356.txt,5,utf-8
235,LIP-RTVE,speaker000_0357,102,../data/LIP-RTVE/WAVs/speaker000/speaker000_0357.wav,../data/LIP-RTVE/ROIs/speaker000/speaker000_0357.npz,../data/LIP-RTVE/transcriptions/speaker000/speaker000_0357.txt,5,utf-8
236,LIP-RTVE,speaker000_0358,29,../data/LIP-RTVE/WAVs/speaker000/speaker000_0358.wav,../data/LIP-RTVE/ROIs/speaker000/speaker000_0358.npz,../data/LIP-RTVE/transcriptions/speaker000/speaker000_0358.txt,5,utf-8
237,LIP-RTVE,speaker000_0360,52,../data/LIP-RTVE/WAVs/speaker000/speaker000_0360.wav,../data/LIP-RTVE/ROIs/speaker000/speaker000_0360.npz,../data/LIP-RTVE/transcriptions/speaker000/speaker000_0360.txt,5,utf-8
238,LIP-RTVE,speaker000_0361,32,../data/LIP-RTVE/WAVs/speaker000/speaker000_0361.wav,../data/LIP-RTVE/ROIs/speaker000/speaker000_0361.npz,../data/LIP-RTVE/transcriptions/speaker000/speaker000_0361.txt,5,utf-8
239,LIP-RTVE,speaker000_0362,114,../data/LIP-RTVE/WAVs/speaker000/speaker000_0362.wav,../data/LIP-RTVE/ROIs/speaker000/speaker000_0362.npz,../data/LIP-RTVE/transcriptions/speaker000/speaker000_0362.txt,5,utf-8
240,LIP-RTVE,speaker000_0363,125,../data/LIP-RTVE/WAVs/speaker000/speaker000_0363.wav,../data/LIP-RTVE/ROIs/speaker000/speaker000_0363.npz,../data/LIP-RTVE/transcriptions/speaker000/speaker000_0363.txt,5,utf-8
241,LIP-RTVE,speaker000_0364,177,../data/LIP-RTVE/WAVs/speaker000/speaker000_0364.wav,../data/LIP-RTVE/ROIs/speaker000/speaker000_0364.npz,../data/LIP-RTVE/transcriptions/speaker000/speaker000_0364.txt,5,utf-8
242,LIP-RTVE,speaker000_0365,101,../data/LIP-RTVE/WAVs/speaker000/speaker000_0365.wav,../data/LIP-RTVE/ROIs/speaker000/speaker000_0365.npz,../data/LIP-RTVE/transcriptions/speaker000/speaker000_0365.txt,5,utf-8
243,LIP-RTVE,speaker000_0366,45,../data/LIP-RTVE/WAVs/speaker000/speaker000_0366.wav,../data/LIP-RTVE/ROIs/speaker000/speaker000_0366.npz,../data/LIP-RTVE/transcriptions/speaker000/speaker000_0366.txt,5,utf-8
244,LIP-RTVE,speaker000_0367,122,../data/LIP-RTVE/WAVs/speaker000/speaker000_0367.wav,../data/LIP-RTVE/ROIs/speaker000/speaker000_0367.npz,../data/LIP-RTVE/transcriptions/speaker000/speaker000_0367.txt,5,utf-8
245,LIP-RTVE,speaker000_0368,68,../data/LIP-RTVE/WAVs/speaker000/speaker000_0368.wav,../data/LIP-RTVE/ROIs/speaker000/speaker000_0368.npz,../data/LIP-RTVE/transcriptions/speaker000/speaker000_0368.txt,5,utf-8
246,LIP-RTVE,speaker000_0369,26,../data/LIP-RTVE/WAVs/speaker000/speaker000_0369.wav,../data/LIP-RTVE/ROIs/speaker000/speaker000_0369.npz,../data/LIP-RTVE/transcriptions/speaker000/speaker000_0369.txt,5,utf-8
247,LIP-RTVE,speaker000_0371,70,../data/LIP-RTVE/WAVs/speaker000/speaker000_0371.wav,../data/LIP-RTVE/ROIs/speaker000/speaker000_0371.npz,../data/LIP-RTVE/transcriptions/speaker000/speaker000_0371.txt,5,utf-8
248,LIP-RTVE,speaker000_0374,26,../data/LIP-RTVE/WAVs/speaker000/speaker000_0374.wav,../data/LIP-RTVE/ROIs/speaker000/speaker000_0374.npz,../data/LIP-RTVE/transcriptions/speaker000/speaker000_0374.txt,5,utf-8
249,LIP-RTVE,speaker000_0375,148,../data/LIP-RTVE/WAVs/speaker000/speaker000_0375.wav,../data/LIP-RTVE/ROIs/speaker000/speaker000_0375.npz,../data/LIP-RTVE/transcriptions/speaker000/speaker000_0375.txt,5,utf-8
250,LIP-RTVE,speaker000_0377,267,../data/LIP-RTVE/WAVs/speaker000/speaker000_0377.wav,../data/LIP-RTVE/ROIs/speaker000/speaker000_0377.npz,../data/LIP-RTVE/transcriptions/speaker000/speaker000_0377.txt,5,utf-8
251,LIP-RTVE,speaker000_0379,60,../data/LIP-RTVE/WAVs/speaker000/speaker000_0379.wav,../data/LIP-RTVE/ROIs/speaker000/speaker000_0379.npz,../data/LIP-RTVE/transcriptions/speaker000/speaker000_0379.txt,5,utf-8
252,LIP-RTVE,speaker000_0380,118,../data/LIP-RTVE/WAVs/speaker000/speaker000_0380.wav,../data/LIP-RTVE/ROIs/speaker000/speaker000_0380.npz,../data/LIP-RTVE/transcriptions/speaker000/speaker000_0380.txt,5,utf-8
253,LIP-RTVE,speaker000_0381,111,../data/LIP-RTVE/WAVs/speaker000/speaker000_0381.wav,../data/LIP-RTVE/ROIs/speaker000/speaker000_0381.npz,../data/LIP-RTVE/transcriptions/speaker000/speaker000_0381.txt,5,utf-8
254,LIP-RTVE,speaker000_0382,113,../data/LIP-RTVE/WAVs/speaker000/speaker000_0382.wav,../data/LIP-RTVE/ROIs/speaker000/speaker000_0382.npz,../data/LIP-RTVE/transcriptions/speaker000/speaker000_0382.txt,5,utf-8
255,LIP-RTVE,speaker000_0384,83,../data/LIP-RTVE/WAVs/speaker000/speaker000_0384.wav,../data/LIP-RTVE/ROIs/speaker000/speaker000_0384.npz,../data/LIP-RTVE/transcriptions/speaker000/speaker000_0384.txt,5,utf-8
256,LIP-RTVE,speaker000_0385,189,../data/LIP-RTVE/WAVs/speaker000/speaker000_0385.wav,../data/LIP-RTVE/ROIs/speaker000/speaker000_0385.npz,../data/LIP-RTVE/transcriptions/speaker000/speaker000_0385.txt,5,utf-8
257,LIP-RTVE,speaker000_0386,155,../data/LIP-RTVE/WAVs/speaker000/speaker000_0386.wav,../data/LIP-RTVE/ROIs/speaker000/speaker000_0386.npz,../data/LIP-RTVE/transcriptions/speaker000/speaker000_0386.txt,5,utf-8
258,LIP-RTVE,speaker000_0387,232,../data/LIP-RTVE/WAVs/speaker000/speaker000_0387.wav,../data/LIP-RTVE/ROIs/speaker000/speaker000_0387.npz,../data/LIP-RTVE/transcriptions/speaker000/speaker000_0387.txt,5,utf-8
259,LIP-RTVE,speaker000_0391,43,../data/LIP-RTVE/WAVs/speaker000/speaker000_0391.wav,../data/LIP-RTVE/ROIs/speaker000/speaker000_0391.npz,../data/LIP-RTVE/transcriptions/speaker000/speaker000_0391.txt,5,utf-8
260,LIP-RTVE,speaker000_0393,241,../data/LIP-RTVE/WAVs/speaker000/speaker000_0393.wav,../data/LIP-RTVE/ROIs/speaker000/speaker000_0393.npz,../data/LIP-RTVE/transcriptions/speaker000/speaker000_0393.txt,5,utf-8
261,LIP-RTVE,speaker000_0394,36,../data/LIP-RTVE/WAVs/speaker000/speaker000_0394.wav,../data/LIP-RTVE/ROIs/speaker000/speaker000_0394.npz,../data/LIP-RTVE/transcriptions/speaker000/speaker000_0394.txt,5,utf-8
262,LIP-RTVE,speaker000_0395,93,../data/LIP-RTVE/WAVs/speaker000/speaker000_0395.wav,../data/LIP-RTVE/ROIs/speaker000/speaker000_0395.npz,../data/LIP-RTVE/transcriptions/speaker000/speaker000_0395.txt,5,utf-8
263,LIP-RTVE,speaker000_0396,162,../data/LIP-RTVE/WAVs/speaker000/speaker000_0396.wav,../data/LIP-RTVE/ROIs/speaker000/speaker000_0396.npz,../data/LIP-RTVE/transcriptions/speaker000/speaker000_0396.txt,5,utf-8
264,LIP-RTVE,speaker000_0397,203,../data/LIP-RTVE/WAVs/speaker000/speaker000_0397.wav,../data/LIP-RTVE/ROIs/speaker000/speaker000_0397.npz,../data/LIP-RTVE/transcriptions/speaker000/speaker000_0397.txt,5,utf-8
265,LIP-RTVE,speaker000_0398,176,../data/LIP-RTVE/WAVs/speaker000/speaker000_0398.wav,../data/LIP-RTVE/ROIs/speaker000/speaker000_0398.npz,../data/LIP-RTVE/transcriptions/speaker000/speaker000_0398.txt,5,utf-8
266,LIP-RTVE,speaker000_0401,91,../data/LIP-RTVE/WAVs/speaker000/speaker000_0401.wav,../data/LIP-RTVE/ROIs/speaker000/speaker000_0401.npz,../data/LIP-RTVE/transcriptions/speaker000/speaker000_0401.txt,5,utf-8
267,LIP-RTVE,speaker000_0404,57,../data/LIP-RTVE/WAVs/speaker000/speaker000_0404.wav,../data/LIP-RTVE/ROIs/speaker000/speaker000_0404.npz,../data/LIP-RTVE/transcriptions/speaker000/speaker000_0404.txt,5,utf-8
268,LIP-RTVE,speaker000_0406,141,../data/LIP-RTVE/WAVs/speaker000/speaker000_0406.wav,../data/LIP-RTVE/ROIs/speaker000/speaker000_0406.npz,../data/LIP-RTVE/transcriptions/speaker000/speaker000_0406.txt,5,utf-8
269,LIP-RTVE,speaker000_0407,195,../data/LIP-RTVE/WAVs/speaker000/speaker000_0407.wav,../data/LIP-RTVE/ROIs/speaker000/speaker000_0407.npz,../data/LIP-RTVE/transcriptions/speaker000/speaker000_0407.txt,5,utf-8
270,LIP-RTVE,speaker000_0408,26,../data/LIP-RTVE/WAVs/speaker000/speaker000_0408.wav,../data/LIP-RTVE/ROIs/speaker000/speaker000_0408.npz,../data/LIP-RTVE/transcriptions/speaker000/speaker000_0408.txt,5,utf-8
271,LIP-RTVE,speaker000_0411,29,../data/LIP-RTVE/WAVs/speaker000/speaker000_0411.wav,../data/LIP-RTVE/ROIs/speaker000/speaker000_0411.npz,../data/LIP-RTVE/transcriptions/speaker000/speaker000_0411.txt,5,utf-8
272,LIP-RTVE,speaker000_0412,277,../data/LIP-RTVE/WAVs/speaker000/speaker000_0412.wav,../data/LIP-RTVE/ROIs/speaker000/speaker000_0412.npz,../data/LIP-RTVE/transcriptions/speaker000/speaker000_0412.txt,5,utf-8
273,LIP-RTVE,speaker000_0414,60,../data/LIP-RTVE/WAVs/speaker000/speaker000_0414.wav,../data/LIP-RTVE/ROIs/speaker000/speaker000_0414.npz,../data/LIP-RTVE/transcriptions/speaker000/speaker000_0414.txt,5,utf-8
274,LIP-RTVE,speaker000_0415,170,../data/LIP-RTVE/WAVs/speaker000/speaker000_0415.wav,../data/LIP-RTVE/ROIs/speaker000/speaker000_0415.npz,../data/LIP-RTVE/transcriptions/speaker000/speaker000_0415.txt,5,utf-8
275,LIP-RTVE,speaker000_0417,121,../data/LIP-RTVE/WAVs/speaker000/speaker000_0417.wav,../data/LIP-RTVE/ROIs/speaker000/speaker000_0417.npz,../data/LIP-RTVE/transcriptions/speaker000/speaker000_0417.txt,5,utf-8
276,LIP-RTVE,speaker000_0418,281,../data/LIP-RTVE/WAVs/speaker000/speaker000_0418.wav,../data/LIP-RTVE/ROIs/speaker000/speaker000_0418.npz,../data/LIP-RTVE/transcriptions/speaker000/speaker000_0418.txt,5,utf-8
277,LIP-RTVE,speaker000_0419,117,../data/LIP-RTVE/WAVs/speaker000/speaker000_0419.wav,../data/LIP-RTVE/ROIs/speaker000/speaker000_0419.npz,../data/LIP-RTVE/transcriptions/speaker000/speaker000_0419.txt,5,utf-8
278,LIP-RTVE,speaker000_0420,91,../data/LIP-RTVE/WAVs/speaker000/speaker000_0420.wav,../data/LIP-RTVE/ROIs/speaker000/speaker000_0420.npz,../data/LIP-RTVE/transcriptions/speaker000/speaker000_0420.txt,5,utf-8
279,LIP-RTVE,speaker000_0421,257,../data/LIP-RTVE/WAVs/speaker000/speaker000_0421.wav,../data/LIP-RTVE/ROIs/speaker000/speaker000_0421.npz,../data/LIP-RTVE/transcriptions/speaker000/speaker000_0421.txt,5,utf-8
280,LIP-RTVE,speaker000_0423,133,../data/LIP-RTVE/WAVs/speaker000/speaker000_0423.wav,../data/LIP-RTVE/ROIs/speaker000/speaker000_0423.npz,../data/LIP-RTVE/transcriptions/speaker000/speaker000_0423.txt,5,utf-8
281,LIP-RTVE,speaker000_0424,85,../data/LIP-RTVE/WAVs/speaker000/speaker000_0424.wav,../data/LIP-RTVE/ROIs/speaker000/speaker000_0424.npz,../data/LIP-RTVE/transcriptions/speaker000/speaker000_0424.txt,5,utf-8
282,LIP-RTVE,speaker000_0425,253,../data/LIP-RTVE/WAVs/speaker000/speaker000_0425.wav,../data/LIP-RTVE/ROIs/speaker000/speaker000_0425.npz,../data/LIP-RTVE/transcriptions/speaker000/speaker000_0425.txt,5,utf-8
283,LIP-RTVE,speaker000_0426,161,../data/LIP-RTVE/WAVs/speaker000/speaker000_0426.wav,../data/LIP-RTVE/ROIs/speaker000/speaker000_0426.npz,../data/LIP-RTVE/transcriptions/speaker000/speaker000_0426.txt,5,utf-8
284,LIP-RTVE,speaker000_0427,115,../data/LIP-RTVE/WAVs/speaker000/speaker000_0427.wav,../data/LIP-RTVE/ROIs/speaker000/speaker000_0427.npz,../data/LIP-RTVE/transcriptions/speaker000/speaker000_0427.txt,5,utf-8
285,LIP-RTVE,speaker000_0428,257,../data/LIP-RTVE/WAVs/speaker000/speaker000_0428.wav,../data/LIP-RTVE/ROIs/speaker000/speaker000_0428.npz,../data/LIP-RTVE/transcriptions/speaker000/speaker000_0428.txt,5,utf-8
286,LIP-RTVE,speaker000_0430,81,../data/LIP-RTVE/WAVs/speaker000/speaker000_0430.wav,../data/LIP-RTVE/ROIs/speaker000/speaker000_0430.npz,../data/LIP-RTVE/transcriptions/speaker000/speaker000_0430.txt,5,utf-8
287,LIP-RTVE,speaker000_0432,159,../data/LIP-RTVE/WAVs/speaker000/speaker000_0432.wav,../data/LIP-RTVE/ROIs/speaker000/speaker000_0432.npz,../data/LIP-RTVE/transcriptions/speaker000/speaker000_0432.txt,5,utf-8
288,LIP-RTVE,speaker000_0434,258,../data/LIP-RTVE/WAVs/speaker000/speaker000_0434.wav,../data/LIP-RTVE/ROIs/speaker000/speaker000_0434.npz,../data/LIP-RTVE/transcriptions/speaker000/speaker000_0434.txt,5,utf-8
289,LIP-RTVE,speaker000_0436,232,../data/LIP-RTVE/WAVs/speaker000/speaker000_0436.wav,../data/LIP-RTVE/ROIs/speaker000/speaker000_0436.npz,../data/LIP-RTVE/transcriptions/speaker000/speaker000_0436.txt,5,utf-8
290,LIP-RTVE,speaker000_0437,296,../data/LIP-RTVE/WAVs/speaker000/speaker000_0437.wav,../data/LIP-RTVE/ROIs/speaker000/speaker000_0437.npz,../data/LIP-RTVE/transcriptions/speaker000/speaker000_0437.txt,5,utf-8
291,LIP-RTVE,speaker000_0439,137,../data/LIP-RTVE/WAVs/speaker000/speaker000_0439.wav,../data/LIP-RTVE/ROIs/speaker000/speaker000_0439.npz,../data/LIP-RTVE/transcriptions/speaker000/speaker000_0439.txt,5,utf-8
292,LIP-RTVE,speaker000_0440,249,../data/LIP-RTVE/WAVs/speaker000/speaker000_0440.wav,../data/LIP-RTVE/ROIs/speaker000/speaker000_0440.npz,../data/LIP-RTVE/transcriptions/speaker000/speaker000_0440.txt,5,utf-8
293,LIP-RTVE,speaker000_0441,183,../data/LIP-RTVE/WAVs/speaker000/speaker000_0441.wav,../data/LIP-RTVE/ROIs/speaker000/speaker000_0441.npz,../data/LIP-RTVE/transcriptions/speaker000/speaker000_0441.txt,5,utf-8
294,LIP-RTVE,speaker000_0443,72,../data/LIP-RTVE/WAVs/speaker000/speaker000_0443.wav,../data/LIP-RTVE/ROIs/speaker000/speaker000_0443.npz,../data/LIP-RTVE/transcriptions/speaker000/speaker000_0443.txt,5,utf-8
295,LIP-RTVE,speaker000_0444,86,../data/LIP-RTVE/WAVs/speaker000/speaker000_0444.wav,../data/LIP-RTVE/ROIs/speaker000/speaker000_0444.npz,../data/LIP-RTVE/transcriptions/speaker000/speaker000_0444.txt,5,utf-8
296,LIP-RTVE,speaker000_0447,97,../data/LIP-RTVE/WAVs/speaker000/speaker000_0447.wav,../data/LIP-RTVE/ROIs/speaker000/speaker000_0447.npz,../data/LIP-RTVE/transcriptions/speaker000/speaker000_0447.txt,5,utf-8
297,LIP-RTVE,speaker000_0448,46,../data/LIP-RTVE/WAVs/speaker000/speaker000_0448.wav,../data/LIP-RTVE/ROIs/speaker000/speaker000_0448.npz,../data/LIP-RTVE/transcriptions/speaker000/speaker000_0448.txt,5,utf-8
298,LIP-RTVE,speaker000_0450,126,../data/LIP-RTVE/WAVs/speaker000/speaker000_0450.wav,../data/LIP-RTVE/ROIs/speaker000/speaker000_0450.npz,../data/LIP-RTVE/transcriptions/speaker000/speaker000_0450.txt,5,utf-8
299,LIP-RTVE,speaker000_0455,152,../data/LIP-RTVE/WAVs/speaker000/speaker000_0455.wav,../data/LIP-RTVE/ROIs/speaker000/speaker000_0455.npz,../data/LIP-RTVE/transcriptions/speaker000/speaker000_0455.txt,5,utf-8
300,LIP-RTVE,speaker000_0458,225,../data/LIP-RTVE/WAVs/speaker000/speaker000_0458.wav,../data/LIP-RTVE/ROIs/speaker000/speaker000_0458.npz,../data/LIP-RTVE/transcriptions/speaker000/speaker000_0458.txt,5,utf-8
301,LIP-RTVE,speaker000_0460,191,../data/LIP-RTVE/WAVs/speaker000/speaker000_0460.wav,../data/LIP-RTVE/ROIs/speaker000/speaker000_0460.npz,../data/LIP-RTVE/transcriptions/speaker000/speaker000_0460.txt,5,utf-8
302,LIP-RTVE,speaker000_0461,237,../data/LIP-RTVE/WAVs/speaker000/speaker000_0461.wav,../data/LIP-RTVE/ROIs/speaker000/speaker000_0461.npz,../data/LIP-RTVE/transcriptions/speaker000/speaker000_0461.txt,5,utf-8
303,LIP-RTVE,speaker000_0462,224,../data/LIP-RTVE/WAVs/speaker000/speaker000_0462.wav,../data/LIP-RTVE/ROIs/speaker000/speaker000_0462.npz,../data/LIP-RTVE/transcriptions/speaker000/speaker000_0462.txt,5,utf-8
304,LIP-RTVE,speaker000_0463,269,../data/LIP-RTVE/WAVs/speaker000/speaker000_0463.wav,../data/LIP-RTVE/ROIs/speaker000/speaker000_0463.npz,../data/LIP-RTVE/transcriptions/speaker000/speaker000_0463.txt,5,utf-8
305,LIP-RTVE,speaker000_0466,236,../data/LIP-RTVE/WAVs/speaker000/speaker000_0466.wav,../data/LIP-RTVE/ROIs/speaker000/speaker000_0466.npz,../data/LIP-RTVE/transcriptions/speaker000/speaker000_0466.txt,5,utf-8
306,LIP-RTVE,speaker000_0468,238,../data/LIP-RTVE/WAVs/speaker000/speaker000_0468.wav,../data/LIP-RTVE/ROIs/speaker000/speaker000_0468.npz,../data/LIP-RTVE/transcriptions/speaker000/speaker000_0468.txt,5,utf-8
307,LIP-RTVE,speaker000_0475,260,../data/LIP-RTVE/WAVs/speaker000/speaker000_0475.wav,../data/LIP-RTVE/ROIs/speaker000/speaker000_0475.npz,../data/LIP-RTVE/transcriptions/speaker000/speaker000_0475.txt,5,utf-8
308,LIP-RTVE,speaker000_0476,106,../data/LIP-RTVE/WAVs/speaker000/speaker000_0476.wav,../data/LIP-RTVE/ROIs/speaker000/speaker000_0476.npz,../data/LIP-RTVE/transcriptions/speaker000/speaker000_0476.txt,5,utf-8
309,LIP-RTVE,speaker000_0477,348,../data/LIP-RTVE/WAVs/speaker000/speaker000_0477.wav,../data/LIP-RTVE/ROIs/speaker000/speaker000_0477.npz,../data/LIP-RTVE/transcriptions/speaker000/speaker000_0477.txt,5,utf-8
310,LIP-RTVE,speaker000_0479,138,../data/LIP-RTVE/WAVs/speaker000/speaker000_0479.wav,../data/LIP-RTVE/ROIs/speaker000/speaker000_0479.npz,../data/LIP-RTVE/transcriptions/speaker000/speaker000_0479.txt,5,utf-8
311,LIP-RTVE,speaker000_0480,316,../data/LIP-RTVE/WAVs/speaker000/speaker000_0480.wav,../data/LIP-RTVE/ROIs/speaker000/speaker000_0480.npz,../data/LIP-RTVE/transcriptions/speaker000/speaker000_0480.txt,5,utf-8
312,LIP-RTVE,speaker000_0482,155,../data/LIP-RTVE/WAVs/speaker000/speaker000_0482.wav,../data/LIP-RTVE/ROIs/speaker000/speaker000_0482.npz,../data/LIP-RTVE/transcriptions/speaker000/speaker000_0482.txt,5,utf-8
313,LIP-RTVE,speaker000_0486,32,../data/LIP-RTVE/WAVs/speaker000/speaker000_0486.wav,../data/LIP-RTVE/ROIs/speaker000/speaker000_0486.npz,../data/LIP-RTVE/transcriptions/speaker000/speaker000_0486.txt,5,utf-8
314,LIP-RTVE,speaker000_0488,238,../data/LIP-RTVE/WAVs/speaker000/speaker000_0488.wav,../data/LIP-RTVE/ROIs/speaker000/speaker000_0488.npz,../data/LIP-RTVE/transcriptions/speaker000/speaker000_0488.txt,5,utf-8
315,LIP-RTVE,speaker000_0489,79,../data/LIP-RTVE/WAVs/speaker000/speaker000_0489.wav,../data/LIP-RTVE/ROIs/speaker000/speaker000_0489.npz,../data/LIP-RTVE/transcriptions/speaker000/speaker000_0489.txt,5,utf-8
316,LIP-RTVE,speaker000_0491,170,../data/LIP-RTVE/WAVs/speaker000/speaker000_0491.wav,../data/LIP-RTVE/ROIs/speaker000/speaker000_0491.npz,../data/LIP-RTVE/transcriptions/speaker000/speaker000_0491.txt,5,utf-8
317,LIP-RTVE,speaker000_0493,72,../data/LIP-RTVE/WAVs/speaker000/speaker000_0493.wav,../data/LIP-RTVE/ROIs/speaker000/speaker000_0493.npz,../data/LIP-RTVE/transcriptions/speaker000/speaker000_0493.txt,5,utf-8
318,LIP-RTVE,speaker000_0494,129,../data/LIP-RTVE/WAVs/speaker000/speaker000_0494.wav,../data/LIP-RTVE/ROIs/speaker000/speaker000_0494.npz,../data/LIP-RTVE/transcriptions/speaker000/speaker000_0494.txt,5,utf-8
319,LIP-RTVE,speaker000_0495,36,../data/LIP-RTVE/WAVs/speaker000/speaker000_0495.wav,../data/LIP-RTVE/ROIs/speaker000/speaker000_0495.npz,../data/LIP-RTVE/transcriptions/speaker000/speaker000_0495.txt,5,utf-8
320,LIP-RTVE,speaker000_0496,105,../data/LIP-RTVE/WAVs/speaker000/speaker000_0496.wav,../data/LIP-RTVE/ROIs/speaker000/speaker000_0496.npz,../data/LIP-RTVE/transcriptions/speaker000/speaker000_0496.txt,5,utf-8
321,LIP-RTVE,speaker000_0497,28,../data/LIP-RTVE/WAVs/speaker000/speaker000_0497.wav,../data/LIP-RTVE/ROIs/speaker000/speaker000_0497.npz,../data/LIP-RTVE/transcriptions/speaker000/speaker000_0497.txt,5,utf-8
322,LIP-RTVE,speaker000_0498,202,../data/LIP-RTVE/WAVs/speaker000/speaker000_0498.wav,../data/LIP-RTVE/ROIs/speaker000/speaker000_0498.npz,../data/LIP-RTVE/transcriptions/speaker000/speaker000_0498.txt,5,utf-8
323,LIP-RTVE,speaker000_0499,34,../data/LIP-RTVE/WAVs/speaker000/speaker000_0499.wav,../data/LIP-RTVE/ROIs/speaker000/speaker000_0499.npz,../data/LIP-RTVE/transcriptions/speaker000/speaker000_0499.txt,5,utf-8
324,LIP-RTVE,speaker000_0502,153,../data/LIP-RTVE/WAVs/speaker000/speaker000_0502.wav,../data/LIP-RTVE/ROIs/speaker000/speaker000_0502.npz,../data/LIP-RTVE/transcriptions/speaker000/speaker000_0502.txt,5,utf-8
325,LIP-RTVE,speaker000_0505,93,../data/LIP-RTVE/WAVs/speaker000/speaker000_0505.wav,../data/LIP-RTVE/ROIs/speaker000/speaker000_0505.npz,../data/LIP-RTVE/transcriptions/speaker000/speaker000_0505.txt,5,utf-8
326,LIP-RTVE,speaker000_0506,27,../data/LIP-RTVE/WAVs/speaker000/speaker000_0506.wav,../data/LIP-RTVE/ROIs/speaker000/speaker000_0506.npz,../data/LIP-RTVE/transcriptions/speaker000/speaker000_0506.txt,5,utf-8
327,LIP-RTVE,speaker000_0507,122,../data/LIP-RTVE/WAVs/speaker000/speaker000_0507.wav,../data/LIP-RTVE/ROIs/speaker000/speaker000_0507.npz,../data/LIP-RTVE/transcriptions/speaker000/speaker000_0507.txt,5,utf-8
328,LIP-RTVE,speaker000_0508,90,../data/LIP-RTVE/WAVs/speaker000/speaker000_0508.wav,../data/LIP-RTVE/ROIs/speaker000/speaker000_0508.npz,../data/LIP-RTVE/transcriptions/speaker000/speaker000_0508.txt,5,utf-8
329,LIP-RTVE,speaker000_0509,118,../data/LIP-RTVE/WAVs/speaker000/speaker000_0509.wav,../data/LIP-RTVE/ROIs/speaker000/speaker000_0509.npz,../data/LIP-RTVE/transcriptions/speaker000/speaker000_0509.txt,5,utf-8
330,LIP-RTVE,speaker000_0511,32,../data/LIP-RTVE/WAVs/speaker000/speaker000_0511.wav,../data/LIP-RTVE/ROIs/speaker000/speaker000_0511.npz,../data/LIP-RTVE/transcriptions/speaker000/speaker000_0511.txt,5,utf-8
331,LIP-RTVE,speaker000_0513,50,../data/LIP-RTVE/WAVs/speaker000/speaker000_0513.wav,../data/LIP-RTVE/ROIs/speaker000/speaker000_0513.npz,../data/LIP-RTVE/transcriptions/speaker000/speaker000_0513.txt,5,utf-8
332,LIP-RTVE,speaker000_0514,31,../data/LIP-RTVE/WAVs/speaker000/speaker000_0514.wav,../data/LIP-RTVE/ROIs/speaker000/speaker000_0514.npz,../data/LIP-RTVE/transcriptions/speaker000/speaker000_0514.txt,5,utf-8
333,LIP-RTVE,speaker000_0515,84,../data/LIP-RTVE/WAVs/speaker000/speaker000_0515.wav,../data/LIP-RTVE/ROIs/speaker000/speaker000_0515.npz,../data/LIP-RTVE/transcriptions/speaker000/speaker000_0515.txt,5,utf-8
334,LIP-RTVE,speaker000_0517,37,../data/LIP-RTVE/WAVs/speaker000/speaker000_0517.wav,../data/LIP-RTVE/ROIs/speaker000/speaker000_0517.npz,../data/LIP-RTVE/transcriptions/speaker000/speaker000_0517.txt,5,utf-8
335,LIP-RTVE,speaker000_0518,29,../data/LIP-RTVE/WAVs/speaker000/speaker000_0518.wav,../data/LIP-RTVE/ROIs/speaker000/speaker000_0518.npz,../data/LIP-RTVE/transcriptions/speaker000/speaker000_0518.txt,5,utf-8
336,LIP-RTVE,speaker000_0519,89,../data/LIP-RTVE/WAVs/speaker000/speaker000_0519.wav,../data/LIP-RTVE/ROIs/speaker000/speaker000_0519.npz,../data/LIP-RTVE/transcriptions/speaker000/speaker000_0519.txt,5,utf-8
337,LIP-RTVE,speaker000_0522,71,../data/LIP-RTVE/WAVs/speaker000/speaker000_0522.wav,../data/LIP-RTVE/ROIs/speaker000/speaker000_0522.npz,../data/LIP-RTVE/transcriptions/speaker000/speaker000_0522.txt,5,utf-8
338,LIP-RTVE,speaker000_0523,100,../data/LIP-RTVE/WAVs/speaker000/speaker000_0523.wav,../data/LIP-RTVE/ROIs/speaker000/speaker000_0523.npz,../data/LIP-RTVE/transcriptions/speaker000/speaker000_0523.txt,5,utf-8
339,LIP-RTVE,speaker000_0526,101,../data/LIP-RTVE/WAVs/speaker000/speaker000_0526.wav,../data/LIP-RTVE/ROIs/speaker000/speaker000_0526.npz,../data/LIP-RTVE/transcriptions/speaker000/speaker000_0526.txt,5,utf-8
340,LIP-RTVE,speaker000_0527,27,../data/LIP-RTVE/WAVs/speaker000/speaker000_0527.wav,../data/LIP-RTVE/ROIs/speaker000/speaker000_0527.npz,../data/LIP-RTVE/transcriptions/speaker000/speaker000_0527.txt,5,utf-8
341,LIP-RTVE,speaker000_0528,162,../data/LIP-RTVE/WAVs/speaker000/speaker000_0528.wav,../data/LIP-RTVE/ROIs/speaker000/speaker000_0528.npz,../data/LIP-RTVE/transcriptions/speaker000/speaker000_0528.txt,5,utf-8
342,LIP-RTVE,speaker000_0529,71,../data/LIP-RTVE/WAVs/speaker000/speaker000_0529.wav,../data/LIP-RTVE/ROIs/speaker000/speaker000_0529.npz,../data/LIP-RTVE/transcriptions/speaker000/speaker000_0529.txt,5,utf-8
343,LIP-RTVE,speaker000_0533,164,../data/LIP-RTVE/WAVs/speaker000/speaker000_0533.wav,../data/LIP-RTVE/ROIs/speaker000/speaker000_0533.npz,../data/LIP-RTVE/transcriptions/speaker000/speaker000_0533.txt,5,utf-8
344,LIP-RTVE,speaker000_0534,43,../data/LIP-RTVE/WAVs/speaker000/speaker000_0534.wav,../data/LIP-RTVE/ROIs/speaker000/speaker000_0534.npz,../data/LIP-RTVE/transcriptions/speaker000/speaker000_0534.txt,5,utf-8
345,LIP-RTVE,speaker000_0535,118,../data/LIP-RTVE/WAVs/speaker000/speaker000_0535.wav,../data/LIP-RTVE/ROIs/speaker000/speaker000_0535.npz,../data/LIP-RTVE/transcriptions/speaker000/speaker000_0535.txt,5,utf-8
346,LIP-RTVE,speaker000_0536,52,../data/LIP-RTVE/WAVs/speaker000/speaker000_0536.wav,../data/LIP-RTVE/ROIs/speaker000/speaker000_0536.npz,../data/LIP-RTVE/transcriptions/speaker000/speaker000_0536.txt,5,utf-8
347,LIP-RTVE,speaker000_0537,28,../data/LIP-RTVE/WAVs/speaker000/speaker000_0537.wav,../data/LIP-RTVE/ROIs/speaker000/speaker000_0537.npz,../data/LIP-RTVE/transcriptions/speaker000/speaker000_0537.txt,5,utf-8
348,LIP-RTVE,speaker000_0538,107,../data/LIP-RTVE/WAVs/speaker000/speaker000_0538.wav,../data/LIP-RTVE/ROIs/speaker000/speaker000_0538.npz,../data/LIP-RTVE/transcriptions/speaker000/speaker000_0538.txt,5,utf-8
349,LIP-RTVE,speaker000_0539,179,../data/LIP-RTVE/WAVs/speaker000/speaker000_0539.wav,../data/LIP-RTVE/ROIs/speaker000/speaker000_0539.npz,../data/LIP-RTVE/transcriptions/speaker000/speaker000_0539.txt,5,utf-8
350,LIP-RTVE,speaker000_0540,103,../data/LIP-RTVE/WAVs/speaker000/speaker000_0540.wav,../data/LIP-RTVE/ROIs/speaker000/speaker000_0540.npz,../data/LIP-RTVE/transcriptions/speaker000/speaker000_0540.txt,5,utf-8
351,LIP-RTVE,speaker000_0543,60,../data/LIP-RTVE/WAVs/speaker000/speaker000_0543.wav,../data/LIP-RTVE/ROIs/speaker000/speaker000_0543.npz,../data/LIP-RTVE/transcriptions/speaker000/speaker000_0543.txt,5,utf-8
352,LIP-RTVE,speaker000_0544,117,../data/LIP-RTVE/WAVs/speaker000/speaker000_0544.wav,../data/LIP-RTVE/ROIs/speaker000/speaker000_0544.npz,../data/LIP-RTVE/transcriptions/speaker000/speaker000_0544.txt,5,utf-8
353,LIP-RTVE,speaker000_0546,44,../data/LIP-RTVE/WAVs/speaker000/speaker000_0546.wav,../data/LIP-RTVE/ROIs/speaker000/speaker000_0546.npz,../data/LIP-RTVE/transcriptions/speaker000/speaker000_0546.txt,5,utf-8
354,LIP-RTVE,speaker000_0550,130,../data/LIP-RTVE/WAVs/speaker000/speaker000_0550.wav,../data/LIP-RTVE/ROIs/speaker000/speaker000_0550.npz,../data/LIP-RTVE/transcriptions/speaker000/speaker000_0550.txt,5,utf-8
355,LIP-RTVE,speaker000_0551,55,../data/LIP-RTVE/WAVs/speaker000/speaker000_0551.wav,../data/LIP-RTVE/ROIs/speaker000/speaker000_0551.npz,../data/LIP-RTVE/transcriptions/speaker000/speaker000_0551.txt,5,utf-8
356,LIP-RTVE,speaker000_0552,71,../data/LIP-RTVE/WAVs/speaker000/speaker000_0552.wav,../data/LIP-RTVE/ROIs/speaker000/speaker000_0552.npz,../data/LIP-RTVE/transcriptions/speaker000/speaker000_0552.txt,5,utf-8
357,LIP-RTVE,speaker000_0553,108,../data/LIP-RTVE/WAVs/speaker000/speaker000_0553.wav,../data/LIP-RTVE/ROIs/speaker000/speaker000_0553.npz,../data/LIP-RTVE/transcriptions/speaker000/speaker000_0553.txt,5,utf-8
358,LIP-RTVE,speaker000_0554,116,../data/LIP-RTVE/WAVs/speaker000/speaker000_0554.wav,../data/LIP-RTVE/ROIs/speaker000/speaker000_0554.npz,../data/LIP-RTVE/transcriptions/speaker000/speaker000_0554.txt,5,utf-8
359,LIP-RTVE,speaker000_0555,47,../data/LIP-RTVE/WAVs/speaker000/speaker000_0555.wav,../data/LIP-RTVE/ROIs/speaker000/speaker000_0555.npz,../data/LIP-RTVE/transcriptions/speaker000/speaker000_0555.txt,5,utf-8
360,LIP-RTVE,speaker000_0556,88,../data/LIP-RTVE/WAVs/speaker000/speaker000_0556.wav,../data/LIP-RTVE/ROIs/speaker000/speaker000_0556.npz,../data/LIP-RTVE/transcriptions/speaker000/speaker000_0556.txt,5,utf-8
361,LIP-RTVE,speaker000_0557,95,../data/LIP-RTVE/WAVs/speaker000/speaker000_0557.wav,../data/LIP-RTVE/ROIs/speaker000/speaker000_0557.npz,../data/LIP-RTVE/transcriptions/speaker000/speaker000_0557.txt,5,utf-8
362,LIP-RTVE,speaker000_0558,68,../data/LIP-RTVE/WAVs/speaker000/speaker000_0558.wav,../data/LIP-RTVE/ROIs/speaker000/speaker000_0558.npz,../data/LIP-RTVE/transcriptions/speaker000/speaker000_0558.txt,5,utf-8
363,LIP-RTVE,speaker000_0559,120,../data/LIP-RTVE/WAVs/speaker000/speaker000_0559.wav,../data/LIP-RTVE/ROIs/speaker000/speaker000_0559.npz,../data/LIP-RTVE/transcriptions/speaker000/speaker000_0559.txt,5,utf-8
364,LIP-RTVE,speaker000_0560,67,../data/LIP-RTVE/WAVs/speaker000/speaker000_0560.wav,../data/LIP-RTVE/ROIs/speaker000/speaker000_0560.npz,../data/LIP-RTVE/transcriptions/speaker000/speaker000_0560.txt,5,utf-8
365,LIP-RTVE,speaker000_0561,103,../data/LIP-RTVE/WAVs/speaker000/speaker000_0561.wav,../data/LIP-RTVE/ROIs/speaker000/speaker000_0561.npz,../data/LIP-RTVE/transcriptions/speaker000/speaker000_0561.txt,5,utf-8
366,LIP-RTVE,speaker000_0562,130,../data/LIP-RTVE/WAVs/speaker000/speaker000_0562.wav,../data/LIP-RTVE/ROIs/speaker000/speaker000_0562.npz,../data/LIP-RTVE/transcriptions/speaker000/speaker000_0562.txt,5,utf-8
367,LIP-RTVE,speaker000_0563,74,../data/LIP-RTVE/WAVs/speaker000/speaker000_0563.wav,../data/LIP-RTVE/ROIs/speaker000/speaker000_0563.npz,../data/LIP-RTVE/transcriptions/speaker000/speaker000_0563.txt,5,utf-8
368,LIP-RTVE,speaker000_0564,161,../data/LIP-RTVE/WAVs/speaker000/speaker000_0564.wav,../data/LIP-RTVE/ROIs/speaker000/speaker000_0564.npz,../data/LIP-RTVE/transcriptions/speaker000/speaker000_0564.txt,5,utf-8
369,LIP-RTVE,speaker000_0565,32,../data/LIP-RTVE/WAVs/speaker000/speaker000_0565.wav,../data/LIP-RTVE/ROIs/speaker000/speaker000_0565.npz,../data/LIP-RTVE/transcriptions/speaker000/speaker000_0565.txt,5,utf-8
370,LIP-RTVE,speaker000_0566,31,../data/LIP-RTVE/WAVs/speaker000/speaker000_0566.wav,../data/LIP-RTVE/ROIs/speaker000/speaker000_0566.npz,../data/LIP-RTVE/transcriptions/speaker000/speaker000_0566.txt,5,utf-8
371,LIP-RTVE,speaker000_0567,65,../data/LIP-RTVE/WAVs/speaker000/speaker000_0567.wav,../data/LIP-RTVE/ROIs/speaker000/speaker000_0567.npz,../data/LIP-RTVE/transcriptions/speaker000/speaker000_0567.txt,5,utf-8
372,LIP-RTVE,speaker000_0571,101,../data/LIP-RTVE/WAVs/speaker000/speaker000_0571.wav,../data/LIP-RTVE/ROIs/speaker000/speaker000_0571.npz,../data/LIP-RTVE/transcriptions/speaker000/speaker000_0571.txt,5,utf-8
373,LIP-RTVE,speaker000_0572,100,../data/LIP-RTVE/WAVs/speaker000/speaker000_0572.wav,../data/LIP-RTVE/ROIs/speaker000/speaker000_0572.npz,../data/LIP-RTVE/transcriptions/speaker000/speaker000_0572.txt,5,utf-8
374,LIP-RTVE,speaker000_0574,145,../data/LIP-RTVE/WAVs/speaker000/speaker000_0574.wav,../data/LIP-RTVE/ROIs/speaker000/speaker000_0574.npz,../data/LIP-RTVE/transcriptions/speaker000/speaker000_0574.txt,5,utf-8
375,LIP-RTVE,speaker000_0576,50,../data/LIP-RTVE/WAVs/speaker000/speaker000_0576.wav,../data/LIP-RTVE/ROIs/speaker000/speaker000_0576.npz,../data/LIP-RTVE/transcriptions/speaker000/speaker000_0576.txt,5,utf-8
376,LIP-RTVE,speaker000_0577,40,../data/LIP-RTVE/WAVs/speaker000/speaker000_0577.wav,../data/LIP-RTVE/ROIs/speaker000/speaker000_0577.npz,../data/LIP-RTVE/transcriptions/speaker000/speaker000_0577.txt,5,utf-8
377,LIP-RTVE,speaker000_0578,39,../data/LIP-RTVE/WAVs/speaker000/speaker000_0578.wav,../data/LIP-RTVE/ROIs/speaker000/speaker000_0578.npz,../data/LIP-RTVE/transcriptions/speaker000/speaker000_0578.txt,5,utf-8
378,LIP-RTVE,speaker000_0579,128,../data/LIP-RTVE/WAVs/speaker000/speaker000_0579.wav,../data/LIP-RTVE/ROIs/speaker000/speaker000_0579.npz,../data/LIP-RTVE/transcriptions/speaker000/speaker000_0579.txt,5,utf-8
379,LIP-RTVE,speaker000_0580,51,../data/LIP-RTVE/WAVs/speaker000/speaker000_0580.wav,../data/LIP-RTVE/ROIs/speaker000/speaker000_0580.npz,../data/LIP-RTVE/transcriptions/speaker000/speaker000_0580.txt,5,utf-8
380,LIP-RTVE,speaker000_0581,178,../data/LIP-RTVE/WAVs/speaker000/speaker000_0581.wav,../data/LIP-RTVE/ROIs/speaker000/speaker000_0581.npz,../data/LIP-RTVE/transcriptions/speaker000/speaker000_0581.txt,5,utf-8
381,LIP-RTVE,speaker000_0582,148,../data/LIP-RTVE/WAVs/speaker000/speaker000_0582.wav,../data/LIP-RTVE/ROIs/speaker000/speaker000_0582.npz,../data/LIP-RTVE/transcriptions/speaker000/speaker000_0582.txt,5,utf-8
382,LIP-RTVE,speaker000_0583,115,../data/LIP-RTVE/WAVs/speaker000/speaker000_0583.wav,../data/LIP-RTVE/ROIs/speaker000/speaker000_0583.npz,../data/LIP-RTVE/transcriptions/speaker000/speaker000_0583.txt,5,utf-8
383,LIP-RTVE,speaker000_0584,32,../data/LIP-RTVE/WAVs/speaker000/speaker000_0584.wav,../data/LIP-RTVE/ROIs/speaker000/speaker000_0584.npz,../data/LIP-RTVE/transcriptions/speaker000/speaker000_0584.txt,5,utf-8
384,LIP-RTVE,speaker000_0585,140,../data/LIP-RTVE/WAVs/speaker000/speaker000_0585.wav,../data/LIP-RTVE/ROIs/speaker000/speaker000_0585.npz,../data/LIP-RTVE/transcriptions/speaker000/speaker000_0585.txt,5,utf-8
385,LIP-RTVE,speaker000_0587,132,../data/LIP-RTVE/WAVs/speaker000/speaker000_0587.wav,../data/LIP-RTVE/ROIs/speaker000/speaker000_0587.npz,../data/LIP-RTVE/transcriptions/speaker000/speaker000_0587.txt,5,utf-8
386,LIP-RTVE,speaker000_0588,62,../data/LIP-RTVE/WAVs/speaker000/speaker000_0588.wav,../data/LIP-RTVE/ROIs/speaker000/speaker000_0588.npz,../data/LIP-RTVE/transcriptions/speaker000/speaker000_0588.txt,5,utf-8
387,LIP-RTVE,speaker000_0589,110,../data/LIP-RTVE/WAVs/speaker000/speaker000_0589.wav,../data/LIP-RTVE/ROIs/speaker000/speaker000_0589.npz,../data/LIP-RTVE/transcriptions/speaker000/speaker000_0589.txt,5,utf-8
388,LIP-RTVE,speaker000_0590,49,../data/LIP-RTVE/WAVs/speaker000/speaker000_0590.wav,../data/LIP-RTVE/ROIs/speaker000/speaker000_0590.npz,../data/LIP-RTVE/transcriptions/speaker000/speaker000_0590.txt,5,utf-8
389,LIP-RTVE,speaker000_0591,29,../data/LIP-RTVE/WAVs/speaker000/speaker000_0591.wav,../data/LIP-RTVE/ROIs/speaker000/speaker000_0591.npz,../data/LIP-RTVE/transcriptions/speaker000/speaker000_0591.txt,5,utf-8
390,LIP-RTVE,speaker000_0592,125,../data/LIP-RTVE/WAVs/speaker000/speaker000_0592.wav,../data/LIP-RTVE/ROIs/speaker000/speaker000_0592.npz,../data/LIP-RTVE/transcriptions/speaker000/speaker000_0592.txt,5,utf-8
391,LIP-RTVE,speaker000_0594,63,../data/LIP-RTVE/WAVs/speaker000/speaker000_0594.wav,../data/LIP-RTVE/ROIs/speaker000/speaker000_0594.npz,../data/LIP-RTVE/transcriptions/speaker000/speaker000_0594.txt,5,utf-8
392,LIP-RTVE,speaker000_0596,146,../data/LIP-RTVE/WAVs/speaker000/speaker000_0596.wav,../data/LIP-RTVE/ROIs/speaker000/speaker000_0596.npz,../data/LIP-RTVE/transcriptions/speaker000/speaker000_0596.txt,5,utf-8
393,LIP-RTVE,speaker000_0597,107,../data/LIP-RTVE/WAVs/speaker000/speaker000_0597.wav,../data/LIP-RTVE/ROIs/speaker000/speaker000_0597.npz,../data/LIP-RTVE/transcriptions/speaker000/speaker000_0597.txt,5,utf-8
394,LIP-RTVE,speaker000_0598,102,../data/LIP-RTVE/WAVs/speaker000/speaker000_0598.wav,../data/LIP-RTVE/ROIs/speaker000/speaker000_0598.npz,../data/LIP-RTVE/transcriptions/speaker000/speaker000_0598.txt,5,utf-8
395,LIP-RTVE,speaker000_0599,46,../data/LIP-RTVE/WAVs/speaker000/speaker000_0599.wav,../data/LIP-RTVE/ROIs/speaker000/speaker000_0599.npz,../data/LIP-RTVE/transcriptions/speaker000/speaker000_0599.txt,5,utf-8
396,LIP-RTVE,speaker000_0602,63,../data/LIP-RTVE/WAVs/speaker000/speaker000_0602.wav,../data/LIP-RTVE/ROIs/speaker000/speaker000_0602.npz,../data/LIP-RTVE/transcriptions/speaker000/speaker000_0602.txt,5,utf-8
397,LIP-RTVE,speaker000_0604,32,../data/LIP-RTVE/WAVs/speaker000/speaker000_0604.wav,../data/LIP-RTVE/ROIs/speaker000/speaker000_0604.npz,../data/LIP-RTVE/transcriptions/speaker000/speaker000_0604.txt,5,utf-8
398,LIP-RTVE,speaker000_0605,123,../data/LIP-RTVE/WAVs/speaker000/speaker000_0605.wav,../data/LIP-RTVE/ROIs/speaker000/speaker000_0605.npz,../data/LIP-RTVE/transcriptions/speaker000/speaker000_0605.txt,5,utf-8
399,LIP-RTVE,speaker000_0606,56,../data/LIP-RTVE/WAVs/speaker000/speaker000_0606.wav,../data/LIP-RTVE/ROIs/speaker000/speaker000_0606.npz,../data/LIP-RTVE/transcriptions/speaker000/speaker000_0606.txt,5,utf-8
400,LIP-RTVE,speaker000_0607,126,../data/LIP-RTVE/WAVs/speaker000/speaker000_0607.wav,../data/LIP-RTVE/ROIs/speaker000/speaker000_0607.npz,../data/LIP-RTVE/transcriptions/speaker000/speaker000_0607.txt,5,utf-8
401,LIP-RTVE,speaker000_0609,101,../data/LIP-RTVE/WAVs/speaker000/speaker000_0609.wav,../data/LIP-RTVE/ROIs/speaker000/speaker000_0609.npz,../data/LIP-RTVE/transcriptions/speaker000/speaker000_0609.txt,5,utf-8
402,LIP-RTVE,speaker000_0610,134,../data/LIP-RTVE/WAVs/speaker000/speaker000_0610.wav,../data/LIP-RTVE/ROIs/speaker000/speaker000_0610.npz,../data/LIP-RTVE/transcriptions/speaker000/speaker000_0610.txt,5,utf-8
403,LIP-RTVE,speaker000_0612,134,../data/LIP-RTVE/WAVs/speaker000/speaker000_0612.wav,../data/LIP-RTVE/ROIs/speaker000/speaker000_0612.npz,../data/LIP-RTVE/transcriptions/speaker000/speaker000_0612.txt,5,utf-8
404,LIP-RTVE,speaker000_0613,131,../data/LIP-RTVE/WAVs/speaker000/speaker000_0613.wav,../data/LIP-RTVE/ROIs/speaker000/speaker000_0613.npz,../data/LIP-RTVE/transcriptions/speaker000/speaker000_0613.txt,5,utf-8
405,LIP-RTVE,speaker000_0614,131,../data/LIP-RTVE/WAVs/speaker000/speaker000_0614.wav,../data/LIP-RTVE/ROIs/speaker000/speaker000_0614.npz,../data/LIP-RTVE/transcriptions/speaker000/speaker000_0614.txt,5,utf-8
406,LIP-RTVE,speaker000_0615,89,../data/LIP-RTVE/WAVs/speaker000/speaker000_0615.wav,../data/LIP-RTVE/ROIs/speaker000/speaker000_0615.npz,../data/LIP-RTVE/transcriptions/speaker000/speaker000_0615.txt,5,utf-8
407,LIP-RTVE,speaker000_0616,151,../data/LIP-RTVE/WAVs/speaker000/speaker000_0616.wav,../data/LIP-RTVE/ROIs/speaker000/speaker000_0616.npz,../data/LIP-RTVE/transcriptions/speaker000/speaker000_0616.txt,5,utf-8
408,LIP-RTVE,speaker000_0617,42,../data/LIP-RTVE/WAVs/speaker000/speaker000_0617.wav,../data/LIP-RTVE/ROIs/speaker000/speaker000_0617.npz,../data/LIP-RTVE/transcriptions/speaker000/speaker000_0617.txt,5,utf-8
409,LIP-RTVE,speaker000_0620,55,../data/LIP-RTVE/WAVs/speaker000/speaker000_0620.wav,../data/LIP-RTVE/ROIs/speaker000/speaker000_0620.npz,../data/LIP-RTVE/transcriptions/speaker000/speaker000_0620.txt,5,utf-8
410,LIP-RTVE,speaker000_0621,37,../data/LIP-RTVE/WAVs/speaker000/speaker000_0621.wav,../data/LIP-RTVE/ROIs/speaker000/speaker000_0621.npz,../data/LIP-RTVE/transcriptions/speaker000/speaker000_0621.txt,5,utf-8
411,LIP-RTVE,speaker000_0624,143,../data/LIP-RTVE/WAVs/speaker000/speaker000_0624.wav,../data/LIP-RTVE/ROIs/speaker000/speaker000_0624.npz,../data/LIP-RTVE/transcriptions/speaker000/speaker000_0624.txt,5,utf-8
412,LIP-RTVE,speaker000_0626,42,../data/LIP-RTVE/WAVs/speaker000/speaker000_0626.wav,../data/LIP-RTVE/ROIs/speaker000/speaker000_0626.npz,../data/LIP-RTVE/transcriptions/speaker000/speaker000_0626.txt,5,utf-8
413,LIP-RTVE,speaker000_0627,100,../data/LIP-RTVE/WAVs/speaker000/speaker000_0627.wav,../data/LIP-RTVE/ROIs/speaker000/speaker000_0627.npz,../data/LIP-RTVE/transcriptions/speaker000/speaker000_0627.txt,5,utf-8
414,LIP-RTVE,speaker000_0631,153,../data/LIP-RTVE/WAVs/speaker000/speaker000_0631.wav,../data/LIP-RTVE/ROIs/speaker000/speaker000_0631.npz,../data/LIP-RTVE/transcriptions/speaker000/speaker000_0631.txt,5,utf-8
415,LIP-RTVE,speaker000_0632,66,../data/LIP-RTVE/WAVs/speaker000/speaker000_0632.wav,../data/LIP-RTVE/ROIs/speaker000/speaker000_0632.npz,../data/LIP-RTVE/transcriptions/speaker000/speaker000_0632.txt,5,utf-8
416,LIP-RTVE,speaker000_0633,201,../data/LIP-RTVE/WAVs/speaker000/speaker000_0633.wav,../data/LIP-RTVE/ROIs/speaker000/speaker000_0633.npz,../data/LIP-RTVE/transcriptions/speaker000/speaker000_0633.txt,5,utf-8
417,LIP-RTVE,speaker000_0637,45,../data/LIP-RTVE/WAVs/speaker000/speaker000_0637.wav,../data/LIP-RTVE/ROIs/speaker000/speaker000_0637.npz,../data/LIP-RTVE/transcriptions/speaker000/speaker000_0637.txt,5,utf-8
418,LIP-RTVE,speaker000_0638,65,../data/LIP-RTVE/WAVs/speaker000/speaker000_0638.wav,../data/LIP-RTVE/ROIs/speaker000/speaker000_0638.npz,../data/LIP-RTVE/transcriptions/speaker000/speaker000_0638.txt,5,utf-8
419,LIP-RTVE,speaker000_0639,117,../data/LIP-RTVE/WAVs/speaker000/speaker000_0639.wav,../data/LIP-RTVE/ROIs/speaker000/speaker000_0639.npz,../data/LIP-RTVE/transcriptions/speaker000/speaker000_0639.txt,5,utf-8
420,LIP-RTVE,speaker000_0640,30,../data/LIP-RTVE/WAVs/speaker000/speaker000_0640.wav,../data/LIP-RTVE/ROIs/speaker000/speaker000_0640.npz,../data/LIP-RTVE/transcriptions/speaker000/speaker000_0640.txt,5,utf-8
421,LIP-RTVE,speaker000_0642,38,../data/LIP-RTVE/WAVs/speaker000/speaker000_0642.wav,../data/LIP-RTVE/ROIs/speaker000/speaker000_0642.npz,../data/LIP-RTVE/transcriptions/speaker000/speaker000_0642.txt,5,utf-8
422,LIP-RTVE,speaker000_0643,161,../data/LIP-RTVE/WAVs/speaker000/speaker000_0643.wav,../data/LIP-RTVE/ROIs/speaker000/speaker000_0643.npz,../data/LIP-RTVE/transcriptions/speaker000/speaker000_0643.txt,5,utf-8
423,LIP-RTVE,speaker000_0645,119,../data/LIP-RTVE/WAVs/speaker000/speaker000_0645.wav,../data/LIP-RTVE/ROIs/speaker000/speaker000_0645.npz,../data/LIP-RTVE/transcriptions/speaker000/speaker000_0645.txt,5,utf-8
424,LIP-RTVE,speaker000_0647,132,../data/LIP-RTVE/WAVs/speaker000/speaker000_0647.wav,../data/LIP-RTVE/ROIs/speaker000/speaker000_0647.npz,../data/LIP-RTVE/transcriptions/speaker000/speaker000_0647.txt,5,utf-8
425,LIP-RTVE,speaker000_0649,123,../data/LIP-RTVE/WAVs/speaker000/speaker000_0649.wav,../data/LIP-RTVE/ROIs/speaker000/speaker000_0649.npz,../data/LIP-RTVE/transcriptions/speaker000/speaker000_0649.txt,5,utf-8
426,LIP-RTVE,speaker000_0650,34,../data/LIP-RTVE/WAVs/speaker000/speaker000_0650.wav,../data/LIP-RTVE/ROIs/speaker000/speaker000_0650.npz,../data/LIP-RTVE/transcriptions/speaker000/speaker000_0650.txt,5,utf-8
427,LIP-RTVE,speaker000_0654,140,../data/LIP-RTVE/WAVs/speaker000/speaker000_0654.wav,../data/LIP-RTVE/ROIs/speaker000/speaker000_0654.npz,../data/LIP-RTVE/transcriptions/speaker000/speaker000_0654.txt,5,utf-8
428,LIP-RTVE,speaker000_0655,53,../data/LIP-RTVE/WAVs/speaker000/speaker000_0655.wav,../data/LIP-RTVE/ROIs/speaker000/speaker000_0655.npz,../data/LIP-RTVE/transcriptions/speaker000/speaker000_0655.txt,5,utf-8
429,LIP-RTVE,speaker000_0656,115,../data/LIP-RTVE/WAVs/speaker000/speaker000_0656.wav,../data/LIP-RTVE/ROIs/speaker000/speaker000_0656.npz,../data/LIP-RTVE/transcriptions/speaker000/speaker000_0656.txt,5,utf-8
430,LIP-RTVE,speaker000_0657,27,../data/LIP-RTVE/WAVs/speaker000/speaker000_0657.wav,../data/LIP-RTVE/ROIs/speaker000/speaker000_0657.npz,../data/LIP-RTVE/transcriptions/speaker000/speaker000_0657.txt,5,utf-8
431,LIP-RTVE,speaker000_0659,48,../data/LIP-RTVE/WAVs/speaker000/speaker000_0659.wav,../data/LIP-RTVE/ROIs/speaker000/speaker000_0659.npz,../data/LIP-RTVE/transcriptions/speaker000/speaker000_0659.txt,5,utf-8
432,LIP-RTVE,speaker000_0661,77,../data/LIP-RTVE/WAVs/speaker000/speaker000_0661.wav,../data/LIP-RTVE/ROIs/speaker000/speaker000_0661.npz,../data/LIP-RTVE/transcriptions/speaker000/speaker000_0661.txt,5,utf-8
433,LIP-RTVE,speaker000_0665,54,../data/LIP-RTVE/WAVs/speaker000/speaker000_0665.wav,../data/LIP-RTVE/ROIs/speaker000/speaker000_0665.npz,../data/LIP-RTVE/transcriptions/speaker000/speaker000_0665.txt,5,utf-8
434,LIP-RTVE,speaker000_0666,142,../data/LIP-RTVE/WAVs/speaker000/speaker000_0666.wav,../data/LIP-RTVE/ROIs/speaker000/speaker000_0666.npz,../data/LIP-RTVE/transcriptions/speaker000/speaker000_0666.txt,5,utf-8
435,LIP-RTVE,speaker000_0667,98,../data/LIP-RTVE/WAVs/speaker000/speaker000_0667.wav,../data/LIP-RTVE/ROIs/speaker000/speaker000_0667.npz,../data/LIP-RTVE/transcriptions/speaker000/speaker000_0667.txt,5,utf-8
436,LIP-RTVE,speaker000_0668,28,../data/LIP-RTVE/WAVs/speaker000/speaker000_0668.wav,../data/LIP-RTVE/ROIs/speaker000/speaker000_0668.npz,../data/LIP-RTVE/transcriptions/speaker000/speaker000_0668.txt,5,utf-8
437,LIP-RTVE,speaker000_0669,176,../data/LIP-RTVE/WAVs/speaker000/speaker000_0669.wav,../data/LIP-RTVE/ROIs/speaker000/speaker000_0669.npz,../data/LIP-RTVE/transcriptions/speaker000/speaker000_0669.txt,5,utf-8
438,LIP-RTVE,speaker000_0670,125,../data/LIP-RTVE/WAVs/speaker000/speaker000_0670.wav,../data/LIP-RTVE/ROIs/speaker000/speaker000_0670.npz,../data/LIP-RTVE/transcriptions/speaker000/speaker000_0670.txt,5,utf-8
439,LIP-RTVE,speaker000_0671,98,../data/LIP-RTVE/WAVs/speaker000/speaker000_0671.wav,../data/LIP-RTVE/ROIs/speaker000/speaker000_0671.npz,../data/LIP-RTVE/transcriptions/speaker000/speaker000_0671.txt,5,utf-8
440,LIP-RTVE,speaker000_0672,121,../data/LIP-RTVE/WAVs/speaker000/speaker000_0672.wav,../data/LIP-RTVE/ROIs/speaker000/speaker000_0672.npz,../data/LIP-RTVE/transcriptions/speaker000/speaker000_0672.txt,5,utf-8
441,LIP-RTVE,speaker000_0674,157,../data/LIP-RTVE/WAVs/speaker000/speaker000_0674.wav,../data/LIP-RTVE/ROIs/speaker000/speaker000_0674.npz,../data/LIP-RTVE/transcriptions/speaker000/speaker000_0674.txt,5,utf-8
442,LIP-RTVE,speaker000_0675,81,../data/LIP-RTVE/WAVs/speaker000/speaker000_0675.wav,../data/LIP-RTVE/ROIs/speaker000/speaker000_0675.npz,../data/LIP-RTVE/transcriptions/speaker000/speaker000_0675.txt,5,utf-8
443,LIP-RTVE,speaker000_0676,27,../data/LIP-RTVE/WAVs/speaker000/speaker000_0676.wav,../data/LIP-RTVE/ROIs/speaker000/speaker000_0676.npz,../data/LIP-RTVE/transcriptions/speaker000/speaker000_0676.txt,5,utf-8
444,LIP-RTVE,speaker000_0677,63,../data/LIP-RTVE/WAVs/speaker000/speaker000_0677.wav,../data/LIP-RTVE/ROIs/speaker000/speaker000_0677.npz,../data/LIP-RTVE/transcriptions/speaker000/speaker000_0677.txt,5,utf-8
445,LIP-RTVE,speaker000_0678,29,../data/LIP-RTVE/WAVs/speaker000/speaker000_0678.wav,../data/LIP-RTVE/ROIs/speaker000/speaker000_0678.npz,../data/LIP-RTVE/transcriptions/speaker000/speaker000_0678.txt,5,utf-8
446,LIP-RTVE,speaker000_0679,109,../data/LIP-RTVE/WAVs/speaker000/speaker000_0679.wav,../data/LIP-RTVE/ROIs/speaker000/speaker000_0679.npz,../data/LIP-RTVE/transcriptions/speaker000/speaker000_0679.txt,5,utf-8
447,LIP-RTVE,speaker000_0681,256,../data/LIP-RTVE/WAVs/speaker000/speaker000_0681.wav,../data/LIP-RTVE/ROIs/speaker000/speaker000_0681.npz,../data/LIP-RTVE/transcriptions/speaker000/speaker000_0681.txt,5,utf-8
448,LIP-RTVE,speaker000_0682,106,../data/LIP-RTVE/WAVs/speaker000/speaker000_0682.wav,../data/LIP-RTVE/ROIs/speaker000/speaker000_0682.npz,../data/LIP-RTVE/transcriptions/speaker000/speaker000_0682.txt,5,utf-8
449,LIP-RTVE,speaker000_0683,60,../data/LIP-RTVE/WAVs/speaker000/speaker000_0683.wav,../data/LIP-RTVE/ROIs/speaker000/speaker000_0683.npz,../data/LIP-RTVE/transcriptions/speaker000/speaker000_0683.txt,5,utf-8
450,LIP-RTVE,speaker000_0685,91,../data/LIP-RTVE/WAVs/speaker000/speaker000_0685.wav,../data/LIP-RTVE/ROIs/speaker000/speaker000_0685.npz,../data/LIP-RTVE/transcriptions/speaker000/speaker000_0685.txt,5,utf-8
451,LIP-RTVE,speaker000_0686,31,../data/LIP-RTVE/WAVs/speaker000/speaker000_0686.wav,../data/LIP-RTVE/ROIs/speaker000/speaker000_0686.npz,../data/LIP-RTVE/transcriptions/speaker000/speaker000_0686.txt,5,utf-8
452,LIP-RTVE,speaker000_0687,83,../data/LIP-RTVE/WAVs/speaker000/speaker000_0687.wav,../data/LIP-RTVE/ROIs/speaker000/speaker000_0687.npz,../data/LIP-RTVE/transcriptions/speaker000/speaker000_0687.txt,5,utf-8
453,LIP-RTVE,speaker000_0688,82,../data/LIP-RTVE/WAVs/speaker000/speaker000_0688.wav,../data/LIP-RTVE/ROIs/speaker000/speaker000_0688.npz,../data/LIP-RTVE/transcriptions/speaker000/speaker000_0688.txt,5,utf-8
454,LIP-RTVE,speaker000_0689,267,../data/LIP-RTVE/WAVs/speaker000/speaker000_0689.wav,../data/LIP-RTVE/ROIs/speaker000/speaker000_0689.npz,../data/LIP-RTVE/transcriptions/speaker000/speaker000_0689.txt,5,utf-8
455,LIP-RTVE,speaker000_0691,262,../data/LIP-RTVE/WAVs/speaker000/speaker000_0691.wav,../data/LIP-RTVE/ROIs/speaker000/speaker000_0691.npz,../data/LIP-RTVE/transcriptions/speaker000/speaker000_0691.txt,5,utf-8
456,LIP-RTVE,speaker000_0692,79,../data/LIP-RTVE/WAVs/speaker000/speaker000_0692.wav,../data/LIP-RTVE/ROIs/speaker000/speaker000_0692.npz,../data/LIP-RTVE/transcriptions/speaker000/speaker000_0692.txt,5,utf-8
457,LIP-RTVE,speaker000_0693,64,../data/LIP-RTVE/WAVs/speaker000/speaker000_0693.wav,../data/LIP-RTVE/ROIs/speaker000/speaker000_0693.npz,../data/LIP-RTVE/transcriptions/speaker000/speaker000_0693.txt,5,utf-8
458,LIP-RTVE,speaker000_0694,269,../data/LIP-RTVE/WAVs/speaker000/speaker000_0694.wav,../data/LIP-RTVE/ROIs/speaker000/speaker000_0694.npz,../data/LIP-RTVE/transcriptions/speaker000/speaker000_0694.txt,5,utf-8
459,LIP-RTVE,speaker000_0696,38,../data/LIP-RTVE/WAVs/speaker000/speaker000_0696.wav,../data/LIP-RTVE/ROIs/speaker000/speaker000_0696.npz,../data/LIP-RTVE/transcriptions/speaker000/speaker000_0696.txt,5,utf-8
460,LIP-RTVE,speaker000_0697,123,../data/LIP-RTVE/WAVs/speaker000/speaker000_0697.wav,../data/LIP-RTVE/ROIs/speaker000/speaker000_0697.npz,../data/LIP-RTVE/transcriptions/speaker000/speaker000_0697.txt,5,utf-8
461,LIP-RTVE,speaker000_0698,143,../data/LIP-RTVE/WAVs/speaker000/speaker000_0698.wav,../data/LIP-RTVE/ROIs/speaker000/speaker000_0698.npz,../data/LIP-RTVE/transcriptions/speaker000/speaker000_0698.txt,5,utf-8
462,LIP-RTVE,speaker000_0699,130,../data/LIP-RTVE/WAVs/speaker000/speaker000_0699.wav,../data/LIP-RTVE/ROIs/speaker000/speaker000_0699.npz,../data/LIP-RTVE/transcriptions/speaker000/speaker000_0699.txt,5,utf-8
463,LIP-RTVE,speaker000_0700,84,../data/LIP-RTVE/WAVs/speaker000/speaker000_0700.wav,../data/LIP-RTVE/ROIs/speaker000/speaker000_0700.npz,../data/LIP-RTVE/transcriptions/speaker000/speaker000_0700.txt,5,utf-8
464,LIP-RTVE,speaker000_0701,66,../data/LIP-RTVE/WAVs/speaker000/speaker000_0701.wav,../data/LIP-RTVE/ROIs/speaker000/speaker000_0701.npz,../data/LIP-RTVE/transcriptions/speaker000/speaker000_0701.txt,5,utf-8
465,LIP-RTVE,speaker000_0702,123,../data/LIP-RTVE/WAVs/speaker000/speaker000_0702.wav,../data/LIP-RTVE/ROIs/speaker000/speaker000_0702.npz,../data/LIP-RTVE/transcriptions/speaker000/speaker000_0702.txt,5,utf-8
466,LIP-RTVE,speaker000_0703,130,../data/LIP-RTVE/WAVs/speaker000/speaker000_0703.wav,../data/LIP-RTVE/ROIs/speaker000/speaker000_0703.npz,../data/LIP-RTVE/transcriptions/speaker000/speaker000_0703.txt,5,utf-8
467,LIP-RTVE,speaker000_0705,56,../data/LIP-RTVE/WAVs/speaker000/speaker000_0705.wav,../data/LIP-RTVE/ROIs/speaker000/speaker000_0705.npz,../data/LIP-RTVE/transcriptions/speaker000/speaker000_0705.txt,5,utf-8
468,LIP-RTVE,speaker000_0706,165,../data/LIP-RTVE/WAVs/speaker000/speaker000_0706.wav,../data/LIP-RTVE/ROIs/speaker000/speaker000_0706.npz,../data/LIP-RTVE/transcriptions/speaker000/speaker000_0706.txt,5,utf-8
469,LIP-RTVE,speaker000_0707,47,../data/LIP-RTVE/WAVs/speaker000/speaker000_0707.wav,../data/LIP-RTVE/ROIs/speaker000/speaker000_0707.npz,../data/LIP-RTVE/transcriptions/speaker000/speaker000_0707.txt,5,utf-8
470,LIP-RTVE,speaker000_0708,38,../data/LIP-RTVE/WAVs/speaker000/speaker000_0708.wav,../data/LIP-RTVE/ROIs/speaker000/speaker000_0708.npz,../data/LIP-RTVE/transcriptions/speaker000/speaker000_0708.txt,5,utf-8
471,LIP-RTVE,speaker000_0709,236,../data/LIP-RTVE/WAVs/speaker000/speaker000_0709.wav,../data/LIP-RTVE/ROIs/speaker000/speaker000_0709.npz,../data/LIP-RTVE/transcriptions/speaker000/speaker000_0709.txt,5,utf-8
472,LIP-RTVE,speaker000_0711,79,../data/LIP-RTVE/WAVs/speaker000/speaker000_0711.wav,../data/LIP-RTVE/ROIs/speaker000/speaker000_0711.npz,../data/LIP-RTVE/transcriptions/speaker000/speaker000_0711.txt,5,utf-8
473,LIP-RTVE,speaker000_0712,84,../data/LIP-RTVE/WAVs/speaker000/speaker000_0712.wav,../data/LIP-RTVE/ROIs/speaker000/speaker000_0712.npz,../data/LIP-RTVE/transcriptions/speaker000/speaker000_0712.txt,5,utf-8
474,LIP-RTVE,speaker000_0714,150,../data/LIP-RTVE/WAVs/speaker000/speaker000_0714.wav,../data/LIP-RTVE/ROIs/speaker000/speaker000_0714.npz,../data/LIP-RTVE/transcriptions/speaker000/speaker000_0714.txt,5,utf-8
475,LIP-RTVE,speaker000_0716,52,../data/LIP-RTVE/WAVs/speaker000/speaker000_0716.wav,../data/LIP-RTVE/ROIs/speaker000/speaker000_0716.npz,../data/LIP-RTVE/transcriptions/speaker000/speaker000_0716.txt,5,utf-8
476,LIP-RTVE,speaker000_0720,58,../data/LIP-RTVE/WAVs/speaker000/speaker000_0720.wav,../data/LIP-RTVE/ROIs/speaker000/speaker000_0720.npz,../data/LIP-RTVE/transcriptions/speaker000/speaker000_0720.txt,5,utf-8
477,LIP-RTVE,speaker000_0722,120,../data/LIP-RTVE/WAVs/speaker000/speaker000_0722.wav,../data/LIP-RTVE/ROIs/speaker000/speaker000_0722.npz,../data/LIP-RTVE/transcriptions/speaker000/speaker000_0722.txt,5,utf-8
478,LIP-RTVE,speaker000_0723,30,../data/LIP-RTVE/WAVs/speaker000/speaker000_0723.wav,../data/LIP-RTVE/ROIs/speaker000/speaker000_0723.npz,../data/LIP-RTVE/transcriptions/speaker000/speaker000_0723.txt,5,utf-8
479,LIP-RTVE,speaker000_0724,56,../data/LIP-RTVE/WAVs/speaker000/speaker000_0724.wav,../data/LIP-RTVE/ROIs/speaker000/speaker000_0724.npz,../data/LIP-RTVE/transcriptions/speaker000/speaker000_0724.txt,5,utf-8
480,LIP-RTVE,speaker000_0725,102,../data/LIP-RTVE/WAVs/speaker000/speaker000_0725.wav,../data/LIP-RTVE/ROIs/speaker000/speaker000_0725.npz,../data/LIP-RTVE/transcriptions/speaker000/speaker000_0725.txt,5,utf-8
481,LIP-RTVE,speaker000_0726,26,../data/LIP-RTVE/WAVs/speaker000/speaker000_0726.wav,../data/LIP-RTVE/ROIs/speaker000/speaker000_0726.npz,../data/LIP-RTVE/transcriptions/speaker000/speaker000_0726.txt,5,utf-8
482,LIP-RTVE,speaker000_0728,103,../data/LIP-RTVE/WAVs/speaker000/speaker000_0728.wav,../data/LIP-RTVE/ROIs/speaker000/speaker000_0728.npz,../data/LIP-RTVE/transcriptions/speaker000/speaker000_0728.txt,5,utf-8
483,LIP-RTVE,speaker000_0729,29,../data/LIP-RTVE/WAVs/speaker000/speaker000_0729.wav,../data/LIP-RTVE/ROIs/speaker000/speaker000_0729.npz,../data/LIP-RTVE/transcriptions/speaker000/speaker000_0729.txt,5,utf-8
484,LIP-RTVE,speaker000_0730,77,../data/LIP-RTVE/WAVs/speaker000/speaker000_0730.wav,../data/LIP-RTVE/ROIs/speaker000/speaker000_0730.npz,../data/LIP-RTVE/transcriptions/speaker000/speaker000_0730.txt,5,utf-8
485,LIP-RTVE,speaker000_0731,101,../data/LIP-RTVE/WAVs/speaker000/speaker000_0731.wav,../data/LIP-RTVE/ROIs/speaker000/speaker000_0731.npz,../data/LIP-RTVE/transcriptions/speaker000/speaker000_0731.txt,5,utf-8
486,LIP-RTVE,speaker000_0733,45,../data/LIP-RTVE/WAVs/speaker000/speaker000_0733.wav,../data/LIP-RTVE/ROIs/speaker000/speaker000_0733.npz,../data/LIP-RTVE/transcriptions/speaker000/speaker000_0733.txt,5,utf-8
487,LIP-RTVE,speaker000_0734,64,../data/LIP-RTVE/WAVs/speaker000/speaker000_0734.wav,../data/LIP-RTVE/ROIs/speaker000/speaker000_0734.npz,../data/LIP-RTVE/transcriptions/speaker000/speaker000_0734.txt,5,utf-8
488,LIP-RTVE,speaker000_0735,89,../data/LIP-RTVE/WAVs/speaker000/speaker000_0735.wav,../data/LIP-RTVE/ROIs/speaker000/speaker000_0735.npz,../data/LIP-RTVE/transcriptions/speaker000/speaker000_0735.txt,5,utf-8
489,LIP-RTVE,speaker000_0736,33,../data/LIP-RTVE/WAVs/speaker000/speaker000_0736.wav,../data/LIP-RTVE/ROIs/speaker000/speaker000_0736.npz,../data/LIP-RTVE/transcriptions/speaker000/speaker000_0736.txt,5,utf-8
490,LIP-RTVE,speaker000_0737,96,../data/LIP-RTVE/WAVs/speaker000/speaker000_0737.wav,../data/LIP-RTVE/ROIs/speaker000/speaker000_0737.npz,../data/LIP-RTVE/transcriptions/speaker000/speaker000_0737.txt,5,utf-8
491,LIP-RTVE,speaker000_0738,71,../data/LIP-RTVE/WAVs/speaker000/speaker000_0738.wav,../data/LIP-RTVE/ROIs/speaker000/speaker000_0738.npz,../data/LIP-RTVE/transcriptions/speaker000/speaker000_0738.txt,5,utf-8
492,LIP-RTVE,speaker000_0740,68,../data/LIP-RTVE/WAVs/speaker000/speaker000_0740.wav,../data/LIP-RTVE/ROIs/speaker000/speaker000_0740.npz,../data/LIP-RTVE/transcriptions/speaker000/speaker000_0740.txt,5,utf-8
493,LIP-RTVE,speaker000_0742,102,../data/LIP-RTVE/WAVs/speaker000/speaker000_0742.wav,../data/LIP-RTVE/ROIs/speaker000/speaker000_0742.npz,../data/LIP-RTVE/transcriptions/speaker000/speaker000_0742.txt,5,utf-8
494,LIP-RTVE,speaker000_0743,63,../data/LIP-RTVE/WAVs/speaker000/speaker000_0743.wav,../data/LIP-RTVE/ROIs/speaker000/speaker000_0743.npz,../data/LIP-RTVE/transcriptions/speaker000/speaker000_0743.txt,5,utf-8
495,LIP-RTVE,speaker000_0745,187,../data/LIP-RTVE/WAVs/speaker000/speaker000_0745.wav,../data/LIP-RTVE/ROIs/speaker000/speaker000_0745.npz,../data/LIP-RTVE/transcriptions/speaker000/speaker000_0745.txt,5,utf-8
496,LIP-RTVE,speaker000_0746,132,../data/LIP-RTVE/WAVs/speaker000/speaker000_0746.wav,../data/LIP-RTVE/ROIs/speaker000/speaker000_0746.npz,../data/LIP-RTVE/transcriptions/speaker000/speaker000_0746.txt,5,utf-8
497,LIP-RTVE,speaker000_0748,132,../data/LIP-RTVE/WAVs/speaker000/speaker000_0748.wav,../data/LIP-RTVE/ROIs/speaker000/speaker000_0748.npz,../data/LIP-RTVE/transcriptions/speaker000/speaker000_0748.txt,5,utf-8
498,LIP-RTVE,speaker000_0749,31,../data/LIP-RTVE/WAVs/speaker000/speaker000_0749.wav,../data/LIP-RTVE/ROIs/speaker000/speaker000_0749.npz,../data/LIP-RTVE/transcriptions/speaker000/speaker000_0749.txt,5,utf-8
499,LIP-RTVE,speaker000_0750,104,../data/LIP-RTVE/WAVs/speaker000/speaker000_0750.wav,../data/LIP-RTVE/ROIs/speaker000/speaker000_0750.npz,../data/LIP-RTVE/transcriptions/speaker000/speaker000_0750.txt,5,utf-8
500,LIP-RTVE,speaker000_0753,146,../data/LIP-RTVE/WAVs/speaker000/speaker000_0753.wav,../data/LIP-RTVE/ROIs/speaker000/speaker000_0753.npz,../data/LIP-RTVE/transcriptions/speaker000/speaker000_0753.txt,5,utf-8
501,LIP-RTVE,speaker000_0754,55,../data/LIP-RTVE/WAVs/speaker000/speaker000_0754.wav,../data/LIP-RTVE/ROIs/speaker000/speaker000_0754.npz,../data/LIP-RTVE/transcriptions/speaker000/speaker000_0754.txt,5,utf-8
502,LIP-RTVE,speaker000_0755,139,../data/LIP-RTVE/WAVs/speaker000/speaker000_0755.wav,../data/LIP-RTVE/ROIs/speaker000/speaker000_0755.npz,../data/LIP-RTVE/transcriptions/speaker000/speaker000_0755.txt,5,utf-8
503,LIP-RTVE,speaker000_0756,36,../data/LIP-RTVE/WAVs/speaker000/speaker000_0756.wav,../data/LIP-RTVE/ROIs/speaker000/speaker000_0756.npz,../data/LIP-RTVE/transcriptions/speaker000/speaker000_0756.txt,5,utf-8
504,LIP-RTVE,speaker000_0758,83,../data/LIP-RTVE/WAVs/speaker000/speaker000_0758.wav,../data/LIP-RTVE/ROIs/speaker000/speaker000_0758.npz,../data/LIP-RTVE/transcriptions/speaker000/speaker000_0758.txt,5,utf-8
505,LIP-RTVE,speaker000_0759,102,../data/LIP-RTVE/WAVs/speaker000/speaker000_0759.wav,../data/LIP-RTVE/ROIs/speaker000/speaker000_0759.npz,../data/LIP-RTVE/transcriptions/speaker000/speaker000_0759.txt,5,utf-8
506,LIP-RTVE,speaker000_0761,62,../data/LIP-RTVE/WAVs/speaker000/speaker000_0761.wav,../data/LIP-RTVE/ROIs/speaker000/speaker000_0761.npz,../data/LIP-RTVE/transcriptions/speaker000/speaker000_0761.txt,5,utf-8
507,LIP-RTVE,speaker000_0762,47,../data/LIP-RTVE/WAVs/speaker000/speaker000_0762.wav,../data/LIP-RTVE/ROIs/speaker000/speaker000_0762.npz,../data/LIP-RTVE/transcriptions/speaker000/speaker000_0762.txt,5,utf-8
508,LIP-RTVE,speaker000_0763,64,../data/LIP-RTVE/WAVs/speaker000/speaker000_0763.wav,../data/LIP-RTVE/ROIs/speaker000/speaker000_0763.npz,../data/LIP-RTVE/transcriptions/speaker000/speaker000_0763.txt,5,utf-8
509,LIP-RTVE,speaker000_0764,115,../data/LIP-RTVE/WAVs/speaker000/speaker000_0764.wav,../data/LIP-RTVE/ROIs/speaker000/speaker000_0764.npz,../data/LIP-RTVE/transcriptions/speaker000/speaker000_0764.txt,5,utf-8
510,LIP-RTVE,speaker000_0766,162,../data/LIP-RTVE/WAVs/speaker000/speaker000_0766.wav,../data/LIP-RTVE/ROIs/speaker000/speaker000_0766.npz,../data/LIP-RTVE/transcriptions/speaker000/speaker000_0766.txt,5,utf-8
511,LIP-RTVE,speaker000_0768,234,../data/LIP-RTVE/WAVs/speaker000/speaker000_0768.wav,../data/LIP-RTVE/ROIs/speaker000/speaker000_0768.npz,../data/LIP-RTVE/transcriptions/speaker000/speaker000_0768.txt,5,utf-8
512,LIP-RTVE,speaker000_0771,33,../data/LIP-RTVE/WAVs/speaker000/speaker000_0771.wav,../data/LIP-RTVE/ROIs/speaker000/speaker000_0771.npz,../data/LIP-RTVE/transcriptions/speaker000/speaker000_0771.txt,5,utf-8
513,LIP-RTVE,speaker000_0775,134,../data/LIP-RTVE/WAVs/speaker000/speaker000_0775.wav,../data/LIP-RTVE/ROIs/speaker000/speaker000_0775.npz,../data/LIP-RTVE/transcriptions/speaker000/speaker000_0775.txt,5,utf-8
514,LIP-RTVE,speaker000_0776,198,../data/LIP-RTVE/WAVs/speaker000/speaker000_0776.wav,../data/LIP-RTVE/ROIs/speaker000/speaker000_0776.npz,../data/LIP-RTVE/transcriptions/speaker000/speaker000_0776.txt,5,utf-8
515,LIP-RTVE,speaker000_0777,89,../data/LIP-RTVE/WAVs/speaker000/speaker000_0777.wav,../data/LIP-RTVE/ROIs/speaker000/speaker000_0777.npz,../data/LIP-RTVE/transcriptions/speaker000/speaker000_0777.txt,5,utf-8
516,LIP-RTVE,speaker000_0778,29,../data/LIP-RTVE/WAVs/speaker000/speaker000_0778.wav,../data/LIP-RTVE/ROIs/speaker000/speaker000_0778.npz,../data/LIP-RTVE/transcriptions/speaker000/speaker000_0778.txt,5,utf-8
517,LIP-RTVE,speaker000_0779,170,../data/LIP-RTVE/WAVs/speaker000/speaker000_0779.wav,../data/LIP-RTVE/ROIs/speaker000/speaker000_0779.npz,../data/LIP-RTVE/transcriptions/speaker000/speaker000_0779.txt,5,utf-8
518,LIP-RTVE,speaker000_0784,31,../data/LIP-RTVE/WAVs/speaker000/speaker000_0784.wav,../data/LIP-RTVE/ROIs/speaker000/speaker000_0784.npz,../data/LIP-RTVE/transcriptions/speaker000/speaker000_0784.txt,5,utf-8
519,LIP-RTVE,speaker000_0785,251,../data/LIP-RTVE/WAVs/speaker000/speaker000_0785.wav,../data/LIP-RTVE/ROIs/speaker000/speaker000_0785.npz,../data/LIP-RTVE/transcriptions/speaker000/speaker000_0785.txt,5,utf-8
520,LIP-RTVE,speaker000_0786,112,../data/LIP-RTVE/WAVs/speaker000/speaker000_0786.wav,../data/LIP-RTVE/ROIs/speaker000/speaker000_0786.npz,../data/LIP-RTVE/transcriptions/speaker000/speaker000_0786.txt,5,utf-8
521,LIP-RTVE,speaker000_0787,31,../data/LIP-RTVE/WAVs/speaker000/speaker000_0787.wav,../data/LIP-RTVE/ROIs/speaker000/speaker000_0787.npz,../data/LIP-RTVE/transcriptions/speaker000/speaker000_0787.txt,5,utf-8
522,LIP-RTVE,speaker000_0788,52,../data/LIP-RTVE/WAVs/speaker000/speaker000_0788.wav,../data/LIP-RTVE/ROIs/speaker000/speaker000_0788.npz,../data/LIP-RTVE/transcriptions/speaker000/speaker000_0788.txt,5,utf-8
523,LIP-RTVE,speaker000_0789,130,../data/LIP-RTVE/WAVs/speaker000/speaker000_0789.wav,../data/LIP-RTVE/ROIs/speaker000/speaker000_0789.npz,../data/LIP-RTVE/transcriptions/speaker000/speaker000_0789.txt,5,utf-8
524,LIP-RTVE,speaker000_0790,88,../data/LIP-RTVE/WAVs/speaker000/speaker000_0790.wav,../data/LIP-RTVE/ROIs/speaker000/speaker000_0790.npz,../data/LIP-RTVE/transcriptions/speaker000/speaker000_0790.txt,5,utf-8
525,LIP-RTVE,speaker000_0791,140,../data/LIP-RTVE/WAVs/speaker000/speaker000_0791.wav,../data/LIP-RTVE/ROIs/speaker000/speaker000_0791.npz,../data/LIP-RTVE/transcriptions/speaker000/speaker000_0791.txt,5,utf-8
526,LIP-RTVE,speaker000_0792,51,../data/LIP-RTVE/WAVs/speaker000/speaker000_0792.wav,../data/LIP-RTVE/ROIs/speaker000/speaker000_0792.npz,../data/LIP-RTVE/transcriptions/speaker000/speaker000_0792.txt,5,utf-8
527,LIP-RTVE,speaker000_0794,67,../data/LIP-RTVE/WAVs/speaker000/speaker000_0794.wav,../data/LIP-RTVE/ROIs/speaker000/speaker000_0794.npz,../data/LIP-RTVE/transcriptions/speaker000/speaker000_0794.txt,5,utf-8
528,LIP-RTVE,speaker000_0797,56,../data/LIP-RTVE/WAVs/speaker000/speaker000_0797.wav,../data/LIP-RTVE/ROIs/speaker000/speaker000_0797.npz,../data/LIP-RTVE/transcriptions/speaker000/speaker000_0797.txt,5,utf-8
529,LIP-RTVE,speaker000_0798,154,../data/LIP-RTVE/WAVs/speaker000/speaker000_0798.wav,../data/LIP-RTVE/ROIs/speaker000/speaker000_0798.npz,../data/LIP-RTVE/transcriptions/speaker000/speaker000_0798.txt,5,utf-8
530,LIP-RTVE,speaker000_0799,26,../data/LIP-RTVE/WAVs/speaker000/speaker000_0799.wav,../data/LIP-RTVE/ROIs/speaker000/speaker000_0799.npz,../data/LIP-RTVE/transcriptions/speaker000/speaker000_0799.txt,5,utf-8
531,LIP-RTVE,speaker000_0800,27,../data/LIP-RTVE/WAVs/speaker000/speaker000_0800.wav,../data/LIP-RTVE/ROIs/speaker000/speaker000_0800.npz,../data/LIP-RTVE/transcriptions/speaker000/speaker000_0800.txt,5,utf-8
532,LIP-RTVE,speaker000_0802,86,../data/LIP-RTVE/WAVs/speaker000/speaker000_0802.wav,../data/LIP-RTVE/ROIs/speaker000/speaker000_0802.npz,../data/LIP-RTVE/transcriptions/speaker000/speaker000_0802.txt,5,utf-8
533,LIP-RTVE,speaker000_0803,82,../data/LIP-RTVE/WAVs/speaker000/speaker000_0803.wav,../data/LIP-RTVE/ROIs/speaker000/speaker000_0803.npz,../data/LIP-RTVE/transcriptions/speaker000/speaker000_0803.txt,5,utf-8
534,LIP-RTVE,speaker000_0805,98,../data/LIP-RTVE/WAVs/speaker000/speaker000_0805.wav,../data/LIP-RTVE/ROIs/speaker000/speaker000_0805.npz,../data/LIP-RTVE/transcriptions/speaker000/speaker000_0805.txt,5,utf-8
535,LIP-RTVE,speaker000_0806,181,../data/LIP-RTVE/WAVs/speaker000/speaker000_0806.wav,../data/LIP-RTVE/ROIs/speaker000/speaker000_0806.npz,../data/LIP-RTVE/transcriptions/speaker000/speaker000_0806.txt,5,utf-8
536,LIP-RTVE,speaker000_0807,92,../data/LIP-RTVE/WAVs/speaker000/speaker000_0807.wav,../data/LIP-RTVE/ROIs/speaker000/speaker000_0807.npz,../data/LIP-RTVE/transcriptions/speaker000/speaker000_0807.txt,5,utf-8
537,LIP-RTVE,speaker000_0808,152,../data/LIP-RTVE/WAVs/speaker000/speaker000_0808.wav,../data/LIP-RTVE/ROIs/speaker000/speaker000_0808.npz,../data/LIP-RTVE/transcriptions/speaker000/speaker000_0808.txt,5,utf-8
538,LIP-RTVE,speaker000_0809,120,../data/LIP-RTVE/WAVs/speaker000/speaker000_0809.wav,../data/LIP-RTVE/ROIs/speaker000/speaker000_0809.npz,../data/LIP-RTVE/transcriptions/speaker000/speaker000_0809.txt,5,utf-8
539,LIP-RTVE,speaker000_0810,238,../data/LIP-RTVE/WAVs/speaker000/speaker000_0810.wav,../data/LIP-RTVE/ROIs/speaker000/speaker000_0810.npz,../data/LIP-RTVE/transcriptions/speaker000/speaker000_0810.txt,5,utf-8
540,LIP-RTVE,speaker000_0811,79,../data/LIP-RTVE/WAVs/speaker000/speaker000_0811.wav,../data/LIP-RTVE/ROIs/speaker000/speaker000_0811.npz,../data/LIP-RTVE/transcriptions/speaker000/speaker000_0811.txt,5,utf-8
541,LIP-RTVE,speaker000_0813,104,../data/LIP-RTVE/WAVs/speaker000/speaker000_0813.wav,../data/LIP-RTVE/ROIs/speaker000/speaker000_0813.npz,../data/LIP-RTVE/transcriptions/speaker000/speaker000_0813.txt,5,utf-8
542,LIP-RTVE,speaker000_0814,147,../data/LIP-RTVE/WAVs/speaker000/speaker000_0814.wav,../data/LIP-RTVE/ROIs/speaker000/speaker000_0814.npz,../data/LIP-RTVE/transcriptions/speaker000/speaker000_0814.txt,5,utf-8
543,LIP-RTVE,speaker000_0815,42,../data/LIP-RTVE/WAVs/speaker000/speaker000_0815.wav,../data/LIP-RTVE/ROIs/speaker000/speaker000_0815.npz,../data/LIP-RTVE/transcriptions/speaker000/speaker000_0815.txt,5,utf-8
544,LIP-RTVE,speaker000_0816,95,../data/LIP-RTVE/WAVs/speaker000/speaker000_0816.wav,../data/LIP-RTVE/ROIs/speaker000/speaker000_0816.npz,../data/LIP-RTVE/transcriptions/speaker000/speaker000_0816.txt,5,utf-8
545,LIP-RTVE,speaker000_0817,69,../data/LIP-RTVE/WAVs/speaker000/speaker000_0817.wav,../data/LIP-RTVE/ROIs/speaker000/speaker000_0817.npz,../data/LIP-RTVE/transcriptions/speaker000/speaker000_0817.txt,5,utf-8
546,LIP-RTVE,speaker000_0818,205,../data/LIP-RTVE/WAVs/speaker000/speaker000_0818.wav,../data/LIP-RTVE/ROIs/speaker000/speaker000_0818.npz,../data/LIP-RTVE/transcriptions/speaker000/speaker000_0818.txt,5,utf-8
547,LIP-RTVE,speaker000_0819,203,../data/LIP-RTVE/WAVs/speaker000/speaker000_0819.wav,../data/LIP-RTVE/ROIs/speaker000/speaker000_0819.npz,../data/LIP-RTVE/transcriptions/speaker000/speaker000_0819.txt,5,utf-8
548,LIP-RTVE,speaker000_0820,36,../data/LIP-RTVE/WAVs/speaker000/speaker000_0820.wav,../data/LIP-RTVE/ROIs/speaker000/speaker000_0820.npz,../data/LIP-RTVE/transcriptions/speaker000/speaker000_0820.txt,5,utf-8
549,LIP-RTVE,speaker000_0822,94,../data/LIP-RTVE/WAVs/speaker000/speaker000_0822.wav,../data/LIP-RTVE/ROIs/speaker000/speaker000_0822.npz,../data/LIP-RTVE/transcriptions/speaker000/speaker000_0822.txt,5,utf-8
550,LIP-RTVE,speaker000_0826,76,../data/LIP-RTVE/WAVs/speaker000/speaker000_0826.wav,../data/LIP-RTVE/ROIs/speaker000/speaker000_0826.npz,../data/LIP-RTVE/transcriptions/speaker000/speaker000_0826.txt,5,utf-8
551,LIP-RTVE,speaker000_0827,110,../data/LIP-RTVE/WAVs/speaker000/speaker000_0827.wav,../data/LIP-RTVE/ROIs/speaker000/speaker000_0827.npz,../data/LIP-RTVE/transcriptions/speaker000/speaker000_0827.txt,5,utf-8
552,LIP-RTVE,speaker000_0828,55,../data/LIP-RTVE/WAVs/speaker000/speaker000_0828.wav,../data/LIP-RTVE/ROIs/speaker000/speaker000_0828.npz,../data/LIP-RTVE/transcriptions/speaker000/speaker000_0828.txt,5,utf-8
553,LIP-RTVE,speaker000_0829,124,../data/LIP-RTVE/WAVs/speaker000/speaker000_0829.wav,../data/LIP-RTVE/ROIs/speaker000/speaker000_0829.npz,../data/LIP-RTVE/transcriptions/speaker000/speaker000_0829.txt,5,utf-8
554,LIP-RTVE,speaker000_0830,66,../data/LIP-RTVE/WAVs/speaker000/speaker000_0830.wav,../data/LIP-RTVE/ROIs/speaker000/speaker000_0830.npz,../data/LIP-RTVE/transcriptions/speaker000/speaker000_0830.txt,5,utf-8
555,LIP-RTVE,speaker000_0831,172,../data/LIP-RTVE/WAVs/speaker000/speaker000_0831.wav,../data/LIP-RTVE/ROIs/speaker000/speaker000_0831.npz,../data/LIP-RTVE/transcriptions/speaker000/speaker000_0831.txt,5,utf-8
556,LIP-RTVE,speaker000_0833,134,../data/LIP-RTVE/WAVs/speaker000/speaker000_0833.wav,../data/LIP-RTVE/ROIs/speaker000/speaker000_0833.npz,../data/LIP-RTVE/transcriptions/speaker000/speaker000_0833.txt,5,utf-8
557,LIP-RTVE,speaker000_0834,185,../data/LIP-RTVE/WAVs/speaker000/speaker000_0834.wav,../data/LIP-RTVE/ROIs/speaker000/speaker000_0834.npz,../data/LIP-RTVE/transcriptions/speaker000/speaker000_0834.txt,5,utf-8
558,LIP-RTVE,speaker000_0837,40,../data/LIP-RTVE/WAVs/speaker000/speaker000_0837.wav,../data/LIP-RTVE/ROIs/speaker000/speaker000_0837.npz,../data/LIP-RTVE/transcriptions/speaker000/speaker000_0837.txt,5,utf-8
559,LIP-RTVE,speaker000_0841,33,../data/LIP-RTVE/WAVs/speaker000/speaker000_0841.wav,../data/LIP-RTVE/ROIs/speaker000/speaker000_0841.npz,../data/LIP-RTVE/transcriptions/speaker000/speaker000_0841.txt,5,utf-8
560,LIP-RTVE,speaker000_0843,220,../data/LIP-RTVE/WAVs/speaker000/speaker000_0843.wav,../data/LIP-RTVE/ROIs/speaker000/speaker000_0843.npz,../data/LIP-RTVE/transcriptions/speaker000/speaker000_0843.txt,5,utf-8
561,LIP-RTVE,speaker000_0844,166,../data/LIP-RTVE/WAVs/speaker000/speaker000_0844.wav,../data/LIP-RTVE/ROIs/speaker000/speaker000_0844.npz,../data/LIP-RTVE/transcriptions/speaker000/speaker000_0844.txt,5,utf-8
562,LIP-RTVE,speaker000_0846,139,../data/LIP-RTVE/WAVs/speaker000/speaker000_0846.wav,../data/LIP-RTVE/ROIs/speaker000/speaker000_0846.npz,../data/LIP-RTVE/transcriptions/speaker000/speaker000_0846.txt,5,utf-8
563,LIP-RTVE,speaker000_0848,144,../data/LIP-RTVE/WAVs/speaker000/speaker000_0848.wav,../data/LIP-RTVE/ROIs/speaker000/speaker000_0848.npz,../data/LIP-RTVE/transcriptions/speaker000/speaker000_0848.txt,5,utf-8
564,LIP-RTVE,speaker000_0849,27,../data/LIP-RTVE/WAVs/speaker000/speaker000_0849.wav,../data/LIP-RTVE/ROIs/speaker000/speaker000_0849.npz,../data/LIP-RTVE/transcriptions/speaker000/speaker000_0849.txt,5,utf-8
565,LIP-RTVE,speaker000_0853,103,../data/LIP-RTVE/WAVs/speaker000/speaker000_0853.wav,../data/LIP-RTVE/ROIs/speaker000/speaker000_0853.npz,../data/LIP-RTVE/transcriptions/speaker000/speaker000_0853.txt,5,utf-8
566,LIP-RTVE,speaker000_0854,171,../data/LIP-RTVE/WAVs/speaker000/speaker000_0854.wav,../data/LIP-RTVE/ROIs/speaker000/speaker000_0854.npz,../data/LIP-RTVE/transcriptions/speaker000/speaker000_0854.txt,5,utf-8
567,LIP-RTVE,speaker000_0855,45,../data/LIP-RTVE/WAVs/speaker000/speaker000_0855.wav,../data/LIP-RTVE/ROIs/speaker000/speaker000_0855.npz,../data/LIP-RTVE/transcriptions/speaker000/speaker000_0855.txt,5,utf-8
568,LIP-RTVE,speaker000_0856,39,../data/LIP-RTVE/WAVs/speaker000/speaker000_0856.wav,../data/LIP-RTVE/ROIs/speaker000/speaker000_0856.npz,../data/LIP-RTVE/transcriptions/speaker000/speaker000_0856.txt,5,utf-8
569,LIP-RTVE,speaker000_0860,168,../data/LIP-RTVE/WAVs/speaker000/speaker000_0860.wav,../data/LIP-RTVE/ROIs/speaker000/speaker000_0860.npz,../data/LIP-RTVE/transcriptions/speaker000/speaker000_0860.txt,5,utf-8
570,LIP-RTVE,speaker000_0862,87,../data/LIP-RTVE/WAVs/speaker000/speaker000_0862.wav,../data/LIP-RTVE/ROIs/speaker000/speaker000_0862.npz,../data/LIP-RTVE/transcriptions/speaker000/speaker000_0862.txt,5,utf-8
571,LIP-RTVE,speaker000_0864,114,../data/LIP-RTVE/WAVs/speaker000/speaker000_0864.wav,../data/LIP-RTVE/ROIs/speaker000/speaker000_0864.npz,../data/LIP-RTVE/transcriptions/speaker000/speaker000_0864.txt,5,utf-8
572,LIP-RTVE,speaker000_0865,90,../data/LIP-RTVE/WAVs/speaker000/speaker000_0865.wav,../data/LIP-RTVE/ROIs/speaker000/speaker000_0865.npz,../data/LIP-RTVE/transcriptions/speaker000/speaker000_0865.txt,5,utf-8
573,LIP-RTVE,speaker000_0866,164,../data/LIP-RTVE/WAVs/speaker000/speaker000_0866.wav,../data/LIP-RTVE/ROIs/speaker000/speaker000_0866.npz,../data/LIP-RTVE/transcriptions/speaker000/speaker000_0866.txt,5,utf-8
574,LIP-RTVE,speaker000_0867,175,../data/LIP-RTVE/WAVs/speaker000/speaker000_0867.wav,../data/LIP-RTVE/ROIs/speaker000/speaker000_0867.npz,../data/LIP-RTVE/transcriptions/speaker000/speaker000_0867.txt,5,utf-8
575,LIP-RTVE,speaker000_0868,60,../data/LIP-RTVE/WAVs/speaker000/speaker000_0868.wav,../data/LIP-RTVE/ROIs/speaker000/speaker000_0868.npz,../data/LIP-RTVE/transcriptions/speaker000/speaker000_0868.txt,5,utf-8
576,LIP-RTVE,speaker000_0869,275,../data/LIP-RTVE/WAVs/speaker000/speaker000_0869.wav,../data/LIP-RTVE/ROIs/speaker000/speaker000_0869.npz,../data/LIP-RTVE/transcriptions/speaker000/speaker000_0869.txt,5,utf-8
577,LIP-RTVE,speaker000_0871,123,../data/LIP-RTVE/WAVs/speaker000/speaker000_0871.wav,../data/LIP-RTVE/ROIs/speaker000/speaker000_0871.npz,../data/LIP-RTVE/transcriptions/speaker000/speaker000_0871.txt,5,utf-8
578,LIP-RTVE,speaker000_0872,190,../data/LIP-RTVE/WAVs/speaker000/speaker000_0872.wav,../data/LIP-RTVE/ROIs/speaker000/speaker000_0872.npz,../data/LIP-RTVE/transcriptions/speaker000/speaker000_0872.txt,5,utf-8
579,LIP-RTVE,speaker000_0873,66,../data/LIP-RTVE/WAVs/speaker000/speaker000_0873.wav,../data/LIP-RTVE/ROIs/speaker000/speaker000_0873.npz,../data/LIP-RTVE/transcriptions/speaker000/speaker000_0873.txt,5,utf-8
580,LIP-RTVE,speaker000_0874,174,../data/LIP-RTVE/WAVs/speaker000/speaker000_0874.wav,../data/LIP-RTVE/ROIs/speaker000/speaker000_0874.npz,../data/LIP-RTVE/transcriptions/speaker000/speaker000_0874.txt,5,utf-8
581,LIP-RTVE,speaker000_0876,222,../data/LIP-RTVE/WAVs/speaker000/speaker000_0876.wav,../data/LIP-RTVE/ROIs/speaker000/speaker000_0876.npz,../data/LIP-RTVE/transcriptions/speaker000/speaker000_0876.txt,5,utf-8
582,LIP-RTVE,speaker000_0877,57,../data/LIP-RTVE/WAVs/speaker000/speaker000_0877.wav,../data/LIP-RTVE/ROIs/speaker000/speaker000_0877.npz,../data/LIP-RTVE/transcriptions/speaker000/speaker000_0877.txt,5,utf-8
583,LIP-RTVE,speaker000_0880,115,../data/LIP-RTVE/WAVs/speaker000/speaker000_0880.wav,../data/LIP-RTVE/ROIs/speaker000/speaker000_0880.npz,../data/LIP-RTVE/transcriptions/speaker000/speaker000_0880.txt,5,utf-8
584,LIP-RTVE,speaker000_0884,113,../data/LIP-RTVE/WAVs/speaker000/speaker000_0884.wav,../data/LIP-RTVE/ROIs/speaker000/speaker000_0884.npz,../data/LIP-RTVE/transcriptions/speaker000/speaker000_0884.txt,5,utf-8
585,LIP-RTVE,speaker000_0885,211,../data/LIP-RTVE/WAVs/speaker000/speaker000_0885.wav,../data/LIP-RTVE/ROIs/speaker000/speaker000_0885.npz,../data/LIP-RTVE/transcriptions/speaker000/speaker000_0885.txt,5,utf-8
586,LIP-RTVE,speaker000_0886,97,../data/LIP-RTVE/WAVs/speaker000/speaker000_0886.wav,../data/LIP-RTVE/ROIs/speaker000/speaker000_0886.npz,../data/LIP-RTVE/transcriptions/speaker000/speaker000_0886.txt,5,utf-8
587,LIP-RTVE,speaker000_0887,188,../data/LIP-RTVE/WAVs/speaker000/speaker000_0887.wav,../data/LIP-RTVE/ROIs/speaker000/speaker000_0887.npz,../data/LIP-RTVE/transcriptions/speaker000/speaker000_0887.txt,5,utf-8
588,LIP-RTVE,speaker000_0888,99,../data/LIP-RTVE/WAVs/speaker000/speaker000_0888.wav,../data/LIP-RTVE/ROIs/speaker000/speaker000_0888.npz,../data/LIP-RTVE/transcriptions/speaker000/speaker000_0888.txt,5,utf-8
589,LIP-RTVE,speaker000_0890,46,../data/LIP-RTVE/WAVs/speaker000/speaker000_0890.wav,../data/LIP-RTVE/ROIs/speaker000/speaker000_0890.npz,../data/LIP-RTVE/transcriptions/speaker000/speaker000_0890.txt,5,utf-8
590,LIP-RTVE,speaker000_0893,143,../data/LIP-RTVE/WAVs/speaker000/speaker000_0893.wav,../data/LIP-RTVE/ROIs/speaker000/speaker000_0893.npz,../data/LIP-RTVE/transcriptions/speaker000/speaker000_0893.txt,5,utf-8
591,LIP-RTVE,speaker000_0895,62,../data/LIP-RTVE/WAVs/speaker000/speaker000_0895.wav,../data/LIP-RTVE/ROIs/speaker000/speaker000_0895.npz,../data/LIP-RTVE/transcriptions/speaker000/speaker000_0895.txt,5,utf-8
592,LIP-RTVE,speaker000_0896,207,../data/LIP-RTVE/WAVs/speaker000/speaker000_0896.wav,../data/LIP-RTVE/ROIs/speaker000/speaker000_0896.npz,../data/LIP-RTVE/transcriptions/speaker000/speaker000_0896.txt,5,utf-8
593,LIP-RTVE,speaker000_0898,107,../data/LIP-RTVE/WAVs/speaker000/speaker000_0898.wav,../data/LIP-RTVE/ROIs/speaker000/speaker000_0898.npz,../data/LIP-RTVE/transcriptions/speaker000/speaker000_0898.txt,5,utf-8
594,LIP-RTVE,speaker000_0899,74,../data/LIP-RTVE/WAVs/speaker000/speaker000_0899.wav,../data/LIP-RTVE/ROIs/speaker000/speaker000_0899.npz,../data/LIP-RTVE/transcriptions/speaker000/speaker000_0899.txt,5,utf-8
595,LIP-RTVE,speaker000_0900,115,../data/LIP-RTVE/WAVs/speaker000/speaker000_0900.wav,../data/LIP-RTVE/ROIs/speaker000/speaker000_0900.npz,../data/LIP-RTVE/transcriptions/speaker000/speaker000_0900.txt,5,utf-8
596,LIP-RTVE,speaker000_0901,189,../data/LIP-RTVE/WAVs/speaker000/speaker000_0901.wav,../data/LIP-RTVE/ROIs/speaker000/speaker000_0901.npz,../data/LIP-RTVE/transcriptions/speaker000/speaker000_0901.txt,5,utf-8
597,LIP-RTVE,speaker000_0902,73,../data/LIP-RTVE/WAVs/speaker000/speaker000_0902.wav,../data/LIP-RTVE/ROIs/speaker000/speaker000_0902.npz,../data/LIP-RTVE/transcriptions/speaker000/speaker000_0902.txt,5,utf-8
598,LIP-RTVE,speaker000_0903,131,../data/LIP-RTVE/WAVs/speaker000/speaker000_0903.wav,../data/LIP-RTVE/ROIs/speaker000/speaker000_0903.npz,../data/LIP-RTVE/transcriptions/speaker000/speaker000_0903.txt,5,utf-8
599,LIP-RTVE,speaker000_0905,184,../data/LIP-RTVE/WAVs/speaker000/speaker000_0905.wav,../data/LIP-RTVE/ROIs/speaker000/speaker000_0905.npz,../data/LIP-RTVE/transcriptions/speaker000/speaker000_0905.txt,5,utf-8
600,LIP-RTVE,speaker000_0906,45,../data/LIP-RTVE/WAVs/speaker000/speaker000_0906.wav,../data/LIP-RTVE/ROIs/speaker000/speaker000_0906.npz,../data/LIP-RTVE/transcriptions/speaker000/speaker000_0906.txt,5,utf-8
601,LIP-RTVE,speaker000_0908,181,../data/LIP-RTVE/WAVs/speaker000/speaker000_0908.wav,../data/LIP-RTVE/ROIs/speaker000/speaker000_0908.npz,../data/LIP-RTVE/transcriptions/speaker000/speaker000_0908.txt,5,utf-8
602,LIP-RTVE,speaker000_0910,95,../data/LIP-RTVE/WAVs/speaker000/speaker000_0910.wav,../data/LIP-RTVE/ROIs/speaker000/speaker000_0910.npz,../data/LIP-RTVE/transcriptions/speaker000/speaker000_0910.txt,5,utf-8
603,LIP-RTVE,speaker000_0912,65,../data/LIP-RTVE/WAVs/speaker000/speaker000_0912.wav,../data/LIP-RTVE/ROIs/speaker000/speaker000_0912.npz,../data/LIP-RTVE/transcriptions/speaker000/speaker000_0912.txt,5,utf-8
604,LIP-RTVE,speaker000_0913,134,../data/LIP-RTVE/WAVs/speaker000/speaker000_0913.wav,../data/LIP-RTVE/ROIs/speaker000/speaker000_0913.npz,../data/LIP-RTVE/transcriptions/speaker000/speaker000_0913.txt,5,utf-8
605,LIP-RTVE,speaker000_0915,116,../data/LIP-RTVE/WAVs/speaker000/speaker000_0915.wav,../data/LIP-RTVE/ROIs/speaker000/speaker000_0915.npz,../data/LIP-RTVE/transcriptions/speaker000/speaker000_0915.txt,5,utf-8
606,LIP-RTVE,speaker000_0917,126,../data/LIP-RTVE/WAVs/speaker000/speaker000_0917.wav,../data/LIP-RTVE/ROIs/speaker000/speaker000_0917.npz,../data/LIP-RTVE/transcriptions/speaker000/speaker000_0917.txt,5,utf-8
607,LIP-RTVE,speaker000_0918,159,../data/LIP-RTVE/WAVs/speaker000/speaker000_0918.wav,../data/LIP-RTVE/ROIs/speaker000/speaker000_0918.npz,../data/LIP-RTVE/transcriptions/speaker000/speaker000_0918.txt,5,utf-8
608,LIP-RTVE,speaker000_0919,93,../data/LIP-RTVE/WAVs/speaker000/speaker000_0919.wav,../data/LIP-RTVE/ROIs/speaker000/speaker000_0919.npz,../data/LIP-RTVE/transcriptions/speaker000/speaker000_0919.txt,5,utf-8
609,LIP-RTVE,speaker000_0920,40,../data/LIP-RTVE/WAVs/speaker000/speaker000_0920.wav,../data/LIP-RTVE/ROIs/speaker000/speaker000_0920.npz,../data/LIP-RTVE/transcriptions/speaker000/speaker000_0920.txt,5,utf-8
610,LIP-RTVE,speaker000_0921,141,../data/LIP-RTVE/WAVs/speaker000/speaker000_0921.wav,../data/LIP-RTVE/ROIs/speaker000/speaker000_0921.npz,../data/LIP-RTVE/transcriptions/speaker000/speaker000_0921.txt,5,utf-8
611,LIP-RTVE,speaker000_0923,111,../data/LIP-RTVE/WAVs/speaker000/speaker000_0923.wav,../data/LIP-RTVE/ROIs/speaker000/speaker000_0923.npz,../data/LIP-RTVE/transcriptions/speaker000/speaker000_0923.txt,5,utf-8
612,LIP-RTVE,speaker000_0924,144,../data/LIP-RTVE/WAVs/speaker000/speaker000_0924.wav,../data/LIP-RTVE/ROIs/speaker000/speaker000_0924.npz,../data/LIP-RTVE/transcriptions/speaker000/speaker000_0924.txt,5,utf-8
613,LIP-RTVE,speaker000_0926,168,../data/LIP-RTVE/WAVs/speaker000/speaker000_0926.wav,../data/LIP-RTVE/ROIs/speaker000/speaker000_0926.npz,../data/LIP-RTVE/transcriptions/speaker000/speaker000_0926.txt,5,utf-8
614,LIP-RTVE,speaker000_0929,123,../data/LIP-RTVE/WAVs/speaker000/speaker000_0929.wav,../data/LIP-RTVE/ROIs/speaker000/speaker000_0929.npz,../data/LIP-RTVE/transcriptions/speaker000/speaker000_0929.txt,5,utf-8
615,LIP-RTVE,speaker000_0930,142,../data/LIP-RTVE/WAVs/speaker000/speaker000_0930.wav,../data/LIP-RTVE/ROIs/speaker000/speaker000_0930.npz,../data/LIP-RTVE/transcriptions/speaker000/speaker000_0930.txt,5,utf-8
616,LIP-RTVE,speaker000_0931,185,../data/LIP-RTVE/WAVs/speaker000/speaker000_0931.wav,../data/LIP-RTVE/ROIs/speaker000/speaker000_0931.npz,../data/LIP-RTVE/transcriptions/speaker000/speaker000_0931.txt,5,utf-8
617,LIP-RTVE,speaker000_0932,106,../data/LIP-RTVE/WAVs/speaker000/speaker000_0932.wav,../data/LIP-RTVE/ROIs/speaker000/speaker000_0932.npz,../data/LIP-RTVE/transcriptions/speaker000/speaker000_0932.txt,5,utf-8
618,LIP-RTVE,speaker000_0933,95,../data/LIP-RTVE/WAVs/speaker000/speaker000_0933.wav,../data/LIP-RTVE/ROIs/speaker000/speaker000_0933.npz,../data/LIP-RTVE/transcriptions/speaker000/speaker000_0933.txt,5,utf-8
619,LIP-RTVE,speaker000_0934,173,../data/LIP-RTVE/WAVs/speaker000/speaker000_0934.wav,../data/LIP-RTVE/ROIs/speaker000/speaker000_0934.npz,../data/LIP-RTVE/transcriptions/speaker000/speaker000_0934.txt,5,utf-8
620,LIP-RTVE,speaker000_0936,160,../data/LIP-RTVE/WAVs/speaker000/speaker000_0936.wav,../data/LIP-RTVE/ROIs/speaker000/speaker000_0936.npz,../data/LIP-RTVE/transcriptions/speaker000/speaker000_0936.txt,5,utf-8
621,LIP-RTVE,speaker000_0937,26,../data/LIP-RTVE/WAVs/speaker000/speaker000_0937.wav,../data/LIP-RTVE/ROIs/speaker000/speaker000_0937.npz,../data/LIP-RTVE/transcriptions/speaker000/speaker000_0937.txt,5,utf-8
622,LIP-RTVE,speaker000_0938,41,../data/LIP-RTVE/WAVs/speaker000/speaker000_0938.wav,../data/LIP-RTVE/ROIs/speaker000/speaker000_0938.npz,../data/LIP-RTVE/transcriptions/speaker000/speaker000_0938.txt,5,utf-8
623,LIP-RTVE,speaker000_0940,192,../data/LIP-RTVE/WAVs/speaker000/speaker000_0940.wav,../data/LIP-RTVE/ROIs/speaker000/speaker000_0940.npz,../data/LIP-RTVE/transcriptions/speaker000/speaker000_0940.txt,5,utf-8
624,LIP-RTVE,speaker000_0942,67,../data/LIP-RTVE/WAVs/speaker000/speaker000_0942.wav,../data/LIP-RTVE/ROIs/speaker000/speaker000_0942.npz,../data/LIP-RTVE/transcriptions/speaker000/speaker000_0942.txt,5,utf-8
625,LIP-RTVE,speaker000_0946,121,../data/LIP-RTVE/WAVs/speaker000/speaker000_0946.wav,../data/LIP-RTVE/ROIs/speaker000/speaker000_0946.npz,../data/LIP-RTVE/transcriptions/speaker000/speaker000_0946.txt,5,utf-8
626,LIP-RTVE,speaker000_0947,221,../data/LIP-RTVE/WAVs/speaker000/speaker000_0947.wav,../data/LIP-RTVE/ROIs/speaker000/speaker000_0947.npz,../data/LIP-RTVE/transcriptions/speaker000/speaker000_0947.txt,5,utf-8
627,LIP-RTVE,speaker000_0948,118,../data/LIP-RTVE/WAVs/speaker000/speaker000_0948.wav,../data/LIP-RTVE/ROIs/speaker000/speaker000_0948.npz,../data/LIP-RTVE/transcriptions/speaker000/speaker000_0948.txt,5,utf-8
628,LIP-RTVE,speaker000_0950,63,../data/LIP-RTVE/WAVs/speaker000/speaker000_0950.wav,../data/LIP-RTVE/ROIs/speaker000/speaker000_0950.npz,../data/LIP-RTVE/transcriptions/speaker000/speaker000_0950.txt,5,utf-8
629,LIP-RTVE,speaker000_0954,46,../data/LIP-RTVE/WAVs/speaker000/speaker000_0954.wav,../data/LIP-RTVE/ROIs/speaker000/speaker000_0954.npz,../data/LIP-RTVE/transcriptions/speaker000/speaker000_0954.txt,5,utf-8
630,LIP-RTVE,speaker000_0955,171,../data/LIP-RTVE/WAVs/speaker000/speaker000_0955.wav,../data/LIP-RTVE/ROIs/speaker000/speaker000_0955.npz,../data/LIP-RTVE/transcriptions/speaker000/speaker000_0955.txt,5,utf-8
631,LIP-RTVE,speaker000_0956,135,../data/LIP-RTVE/WAVs/speaker000/speaker000_0956.wav,../data/LIP-RTVE/ROIs/speaker000/speaker000_0956.npz,../data/LIP-RTVE/transcriptions/speaker000/speaker000_0956.txt,5,utf-8
632,LIP-RTVE,speaker000_0957,193,../data/LIP-RTVE/WAVs/speaker000/speaker000_0957.wav,../data/LIP-RTVE/ROIs/speaker000/speaker000_0957.npz,../data/LIP-RTVE/transcriptions/speaker000/speaker000_0957.txt,5,utf-8
633,LIP-RTVE,speaker000_0958,37,../data/LIP-RTVE/WAVs/speaker000/speaker000_0958.wav,../data/LIP-RTVE/ROIs/speaker000/speaker000_0958.npz,../data/LIP-RTVE/transcriptions/speaker000/speaker000_0958.txt,5,utf-8
634,LIP-RTVE,speaker000_0959,155,../data/LIP-RTVE/WAVs/speaker000/speaker000_0959.wav,../data/LIP-RTVE/ROIs/speaker000/speaker000_0959.npz,../data/LIP-RTVE/transcriptions/speaker000/speaker000_0959.txt,5,utf-8
635,LIP-RTVE,speaker000_0961,119,../data/LIP-RTVE/WAVs/speaker000/speaker000_0961.wav,../data/LIP-RTVE/ROIs/speaker000/speaker000_0961.npz,../data/LIP-RTVE/transcriptions/speaker000/speaker000_0961.txt,5,utf-8
636,LIP-RTVE,speaker000_0964,122,../data/LIP-RTVE/WAVs/speaker000/speaker000_0964.wav,../data/LIP-RTVE/ROIs/speaker000/speaker000_0964.npz,../data/LIP-RTVE/transcriptions/speaker000/speaker000_0964.txt,5,utf-8
637,LIP-RTVE,speaker000_0965,91,../data/LIP-RTVE/WAVs/speaker000/speaker000_0965.wav,../data/LIP-RTVE/ROIs/speaker000/speaker000_0965.npz,../data/LIP-RTVE/transcriptions/speaker000/speaker000_0965.txt,5,utf-8
638,LIP-RTVE,speaker000_0967,206,../data/LIP-RTVE/WAVs/speaker000/speaker000_0967.wav,../data/LIP-RTVE/ROIs/speaker000/speaker000_0967.npz,../data/LIP-RTVE/transcriptions/speaker000/speaker000_0967.txt,5,utf-8
639,LIP-RTVE,speaker000_0968,188,../data/LIP-RTVE/WAVs/speaker000/speaker000_0968.wav,../data/LIP-RTVE/ROIs/speaker000/speaker000_0968.npz,../data/LIP-RTVE/transcriptions/speaker000/speaker000_0968.txt,5,utf-8
640,LIP-RTVE,speaker000_0969,109,../data/LIP-RTVE/WAVs/speaker000/speaker000_0969.wav,../data/LIP-RTVE/ROIs/speaker000/speaker000_0969.npz,../data/LIP-RTVE/transcriptions/speaker000/speaker000_0969.txt,5,utf-8
641,LIP-RTVE,speaker000_0970,204,../data/LIP-RTVE/WAVs/speaker000/speaker000_0970.wav,../data/LIP-RTVE/ROIs/speaker000/speaker000_0970.npz,../data/LIP-RTVE/transcriptions/speaker000/speaker000_0970.txt,5,utf-8
642,LIP-RTVE,speaker000_0971,155,../data/LIP-RTVE/WAVs/speaker000/speaker000_0971.wav,../data/LIP-RTVE/ROIs/speaker000/speaker000_0971.npz,../data/LIP-RTVE/transcriptions/speaker000/speaker000_0971.txt,5,utf-8
643,LIP-RTVE,speaker000_0974,77,../data/LIP-RTVE/WAVs/speaker000/speaker000_0974.wav,../data/LIP-RTVE/ROIs/speaker000/speaker000_0974.npz,../data/LIP-RTVE/transcriptions/speaker000/speaker000_0974.txt,5,utf-8
644,LIP-RTVE,speaker000_0976,107,../data/LIP-RTVE/WAVs/speaker000/speaker000_0976.wav,../data/LIP-RTVE/ROIs/speaker000/speaker000_0976.npz,../data/LIP-RTVE/transcriptions/speaker000/speaker000_0976.txt,5,utf-8
645,LIP-RTVE,speaker000_0977,105,../data/LIP-RTVE/WAVs/speaker000/speaker000_0977.wav,../data/LIP-RTVE/ROIs/speaker000/speaker000_0977.npz,../data/LIP-RTVE/transcriptions/speaker000/speaker000_0977.txt,5,utf-8
646,LIP-RTVE,speaker000_0978,52,../data/LIP-RTVE/WAVs/speaker000/speaker000_0978.wav,../data/LIP-RTVE/ROIs/speaker000/speaker000_0978.npz,../data/LIP-RTVE/transcriptions/speaker000/speaker000_0978.txt,5,utf-8
647,LIP-RTVE,speaker000_0981,38,../data/LIP-RTVE/WAVs/speaker000/speaker000_0981.wav,../data/LIP-RTVE/ROIs/speaker000/speaker000_0981.npz,../data/LIP-RTVE/transcriptions/speaker000/speaker000_0981.txt,5,utf-8
648,LIP-RTVE,speaker000_0982,95,../data/LIP-RTVE/WAVs/speaker000/speaker000_0982.wav,../data/LIP-RTVE/ROIs/speaker000/speaker000_0982.npz,../data/LIP-RTVE/transcriptions/speaker000/speaker000_0982.txt,5,utf-8
649,LIP-RTVE,speaker000_0983,95,../data/LIP-RTVE/WAVs/speaker000/speaker000_0983.wav,../data/LIP-RTVE/ROIs/speaker000/speaker000_0983.npz,../data/LIP-RTVE/transcriptions/speaker000/speaker000_0983.txt,5,utf-8
650,LIP-RTVE,speaker000_0984,229,../data/LIP-RTVE/WAVs/speaker000/speaker000_0984.wav,../data/LIP-RTVE/ROIs/speaker000/speaker000_0984.npz,../data/LIP-RTVE/transcriptions/speaker000/speaker000_0984.txt,5,utf-8
651,LIP-RTVE,speaker000_0985,83,../data/LIP-RTVE/WAVs/speaker000/speaker000_0985.wav,../data/LIP-RTVE/ROIs/speaker000/speaker000_0985.npz,../data/LIP-RTVE/transcriptions/speaker000/speaker000_0985.txt,5,utf-8
652,LIP-RTVE,speaker000_0986,148,../data/LIP-RTVE/WAVs/speaker000/speaker000_0986.wav,../data/LIP-RTVE/ROIs/speaker000/speaker000_0986.npz,../data/LIP-RTVE/transcriptions/speaker000/speaker000_0986.txt,5,utf-8
653,LIP-RTVE,speaker000_0987,65,../data/LIP-RTVE/WAVs/speaker000/speaker000_0987.wav,../data/LIP-RTVE/ROIs/speaker000/speaker000_0987.npz,../data/LIP-RTVE/transcriptions/speaker000/speaker000_0987.txt,5,utf-8
654,LIP-RTVE,speaker000_0990,110,../data/LIP-RTVE/WAVs/speaker000/speaker000_0990.wav,../data/LIP-RTVE/ROIs/speaker000/speaker000_0990.npz,../data/LIP-RTVE/transcriptions/speaker000/speaker000_0990.txt,5,utf-8
655,LIP-RTVE,speaker000_0992,101,../data/LIP-RTVE/WAVs/speaker000/speaker000_0992.wav,../data/LIP-RTVE/ROIs/speaker000/speaker000_0992.npz,../data/LIP-RTVE/transcriptions/speaker000/speaker000_0992.txt,5,utf-8
656,LIP-RTVE,speaker000_0993,85,../data/LIP-RTVE/WAVs/speaker000/speaker000_0993.wav,../data/LIP-RTVE/ROIs/speaker000/speaker000_0993.npz,../data/LIP-RTVE/transcriptions/speaker000/speaker000_0993.txt,5,utf-8
657,LIP-RTVE,speaker000_0994,102,../data/LIP-RTVE/WAVs/speaker000/speaker000_0994.wav,../data/LIP-RTVE/ROIs/speaker000/speaker000_0994.npz,../data/LIP-RTVE/transcriptions/speaker000/speaker000_0994.txt,5,utf-8
658,LIP-RTVE,speaker000_0995,222,../data/LIP-RTVE/WAVs/speaker000/speaker000_0995.wav,../data/LIP-RTVE/ROIs/speaker000/speaker000_0995.npz,../data/LIP-RTVE/transcriptions/speaker000/speaker000_0995.txt,5,utf-8
659,LIP-RTVE,speaker000_0997,242,../data/LIP-RTVE/WAVs/speaker000/speaker000_0997.wav,../data/LIP-RTVE/ROIs/speaker000/speaker000_0997.npz,../data/LIP-RTVE/transcriptions/speaker000/speaker000_0997.txt,5,utf-8
660,LIP-RTVE,speaker000_0998,130,../data/LIP-RTVE/WAVs/speaker000/speaker000_0998.wav,../data/LIP-RTVE/ROIs/speaker000/speaker000_0998.npz,../data/LIP-RTVE/transcriptions/speaker000/speaker000_0998.txt,5,utf-8
661,LIP-RTVE,speaker000_0999,134,../data/LIP-RTVE/WAVs/speaker000/speaker000_0999.wav,../data/LIP-RTVE/ROIs/speaker000/speaker000_0999.npz,../data/LIP-RTVE/transcriptions/speaker000/speaker000_0999.txt,5,utf-8
662,LIP-RTVE,speaker000_1000,225,../data/LIP-RTVE/WAVs/speaker000/speaker000_1000.wav,../data/LIP-RTVE/ROIs/speaker000/speaker000_1000.npz,../data/LIP-RTVE/transcriptions/speaker000/speaker000_1000.txt,5,utf-8
663,LIP-RTVE,speaker000_1001,74,../data/LIP-RTVE/WAVs/speaker000/speaker000_1001.wav,../data/LIP-RTVE/ROIs/speaker000/speaker000_1001.npz,../data/LIP-RTVE/transcriptions/speaker000/speaker000_1001.txt,5,utf-8
664,LIP-RTVE,speaker000_1002,122,../data/LIP-RTVE/WAVs/speaker000/speaker000_1002.wav,../data/LIP-RTVE/ROIs/speaker000/speaker000_1002.npz,../data/LIP-RTVE/transcriptions/speaker000/speaker000_1002.txt,5,utf-8
665,LIP-RTVE,speaker000_1003,162,../data/LIP-RTVE/WAVs/speaker000/speaker000_1003.wav,../data/LIP-RTVE/ROIs/speaker000/speaker000_1003.npz,../data/LIP-RTVE/transcriptions/speaker000/speaker000_1003.txt,5,utf-8
666,LIP-RTVE,speaker000_1004,45,../data/LIP-RTVE/WAVs/speaker000/speaker000_1004.wav,../data/LIP-RTVE/ROIs/speaker000/speaker000_1004.npz,../data/LIP-RTVE/transcriptions/speaker000/speaker000_1004.txt,5,utf-8
667,LIP-RTVE,speaker000_1005,94,../data/LIP-RTVE/WAVs/speaker000/speaker000_1005.wav,../data/LIP-RTVE/ROIs/speaker000/speaker000_1005.npz,../data/LIP-RTVE/transcriptions/speaker000/speaker000_1005.txt,5,utf-8
668,LIP-RTVE,speaker000_1006,79,../data/LIP-RTVE/WAVs/speaker000/speaker000_1006.wav,../data/LIP-RTVE/ROIs/speaker000/speaker000_1006.npz,../data/LIP-RTVE/transcriptions/speaker000/speaker000_1006.txt,5,utf-8
669,LIP-RTVE,speaker000_1007,195,../data/LIP-RTVE/WAVs/speaker000/speaker000_1007.wav,../data/LIP-RTVE/ROIs/speaker000/speaker000_1007.npz,../data/LIP-RTVE/transcriptions/speaker000/speaker000_1007.txt,5,utf-8
670,LIP-RTVE,speaker000_1008,56,../data/LIP-RTVE/WAVs/speaker000/speaker000_1008.wav,../data/LIP-RTVE/ROIs/speaker000/speaker000_1008.npz,../data/LIP-RTVE/transcriptions/speaker000/speaker000_1008.txt,5,utf-8
671,LIP-RTVE,speaker000_1009,81,../data/LIP-RTVE/WAVs/speaker000/speaker000_1009.wav,../data/LIP-RTVE/ROIs/speaker000/speaker000_1009.npz,../data/LIP-RTVE/transcriptions/speaker000/speaker000_1009.txt,5,utf-8
672,LIP-RTVE,speaker000_1010,236,../data/LIP-RTVE/WAVs/speaker000/speaker000_1010.wav,../data/LIP-RTVE/ROIs/speaker000/speaker000_1010.npz,../data/LIP-RTVE/transcriptions/speaker000/speaker000_1010.txt,5,utf-8
673,LIP-RTVE,speaker000_1012,204,../data/LIP-RTVE/WAVs/speaker000/speaker000_1012.wav,../data/LIP-RTVE/ROIs/speaker000/speaker000_1012.npz,../data/LIP-RTVE/transcriptions/speaker000/speaker000_1012.txt,5,utf-8
674,LIP-RTVE,speaker000_1013,85,../data/LIP-RTVE/WAVs/speaker000/speaker000_1013.wav,../data/LIP-RTVE/ROIs/speaker000/speaker000_1013.npz,../data/LIP-RTVE/transcriptions/speaker000/speaker000_1013.txt,5,utf-8
675,LIP-RTVE,speaker000_1016,134,../data/LIP-RTVE/WAVs/speaker000/speaker000_1016.wav,../data/LIP-RTVE/ROIs/speaker000/speaker000_1016.npz,../data/LIP-RTVE/transcriptions/speaker000/speaker000_1016.txt,5,utf-8
676,LIP-RTVE,speaker000_1017,54,../data/LIP-RTVE/WAVs/speaker000/speaker000_1017.wav,../data/LIP-RTVE/ROIs/speaker000/speaker000_1017.npz,../data/LIP-RTVE/transcriptions/speaker000/speaker000_1017.txt,5,utf-8
677,LIP-RTVE,speaker000_1018,116,../data/LIP-RTVE/WAVs/speaker000/speaker000_1018.wav,../data/LIP-RTVE/ROIs/speaker000/speaker000_1018.npz,../data/LIP-RTVE/transcriptions/speaker000/speaker000_1018.txt,5,utf-8
678,LIP-RTVE,speaker000_1019,91,../data/LIP-RTVE/WAVs/speaker000/speaker000_1019.wav,../data/LIP-RTVE/ROIs/speaker000/speaker000_1019.npz,../data/LIP-RTVE/transcriptions/speaker000/speaker000_1019.txt,5,utf-8
679,LIP-RTVE,speaker000_1020,97,../data/LIP-RTVE/WAVs/speaker000/speaker000_1020.wav,../data/LIP-RTVE/ROIs/speaker000/speaker000_1020.npz,../data/LIP-RTVE/transcriptions/speaker000/speaker000_1020.txt,5,utf-8
680,LIP-RTVE,speaker000_1022,93,../data/LIP-RTVE/WAVs/speaker000/speaker000_1022.wav,../data/LIP-RTVE/ROIs/speaker000/speaker000_1022.npz,../data/LIP-RTVE/transcriptions/speaker000/speaker000_1022.txt,5,utf-8
681,LIP-RTVE,speaker000_1023,195,../data/LIP-RTVE/WAVs/speaker000/speaker000_1023.wav,../data/LIP-RTVE/ROIs/speaker000/speaker000_1023.npz,../data/LIP-RTVE/transcriptions/speaker000/speaker000_1023.txt,5,utf-8
682,LIP-RTVE,speaker000_1024,65,../data/LIP-RTVE/WAVs/speaker000/speaker000_1024.wav,../data/LIP-RTVE/ROIs/speaker000/speaker000_1024.npz,../data/LIP-RTVE/transcriptions/speaker000/speaker000_1024.txt,5,utf-8
683,LIP-RTVE,speaker000_1025,108,../data/LIP-RTVE/WAVs/speaker000/speaker000_1025.wav,../data/LIP-RTVE/ROIs/speaker000/speaker000_1025.npz,../data/LIP-RTVE/transcriptions/speaker000/speaker000_1025.txt,5,utf-8
684,LIP-RTVE,speaker000_1026,76,../data/LIP-RTVE/WAVs/speaker000/speaker000_1026.wav,../data/LIP-RTVE/ROIs/speaker000/speaker000_1026.npz,../data/LIP-RTVE/transcriptions/speaker000/speaker000_1026.txt,5,utf-8
685,LIP-RTVE,speaker000_1027,111,../data/LIP-RTVE/WAVs/speaker000/speaker000_1027.wav,../data/LIP-RTVE/ROIs/speaker000/speaker000_1027.npz,../data/LIP-RTVE/transcriptions/speaker000/speaker000_1027.txt,5,utf-8
686,LIP-RTVE,speaker000_1028,100,../data/LIP-RTVE/WAVs/speaker000/speaker000_1028.wav,../data/LIP-RTVE/ROIs/speaker000/speaker000_1028.npz,../data/LIP-RTVE/transcriptions/speaker000/speaker000_1028.txt,5,utf-8
687,LIP-RTVE,speaker000_1029,60,../data/LIP-RTVE/WAVs/speaker000/speaker000_1029.wav,../data/LIP-RTVE/ROIs/speaker000/speaker000_1029.npz,../data/LIP-RTVE/transcriptions/speaker000/speaker000_1029.txt,5,utf-8
688,LIP-RTVE,speaker000_1030,137,../data/LIP-RTVE/WAVs/speaker000/speaker000_1030.wav,../data/LIP-RTVE/ROIs/speaker000/speaker000_1030.npz,../data/LIP-RTVE/transcriptions/speaker000/speaker000_1030.txt,5,utf-8
689,LIP-RTVE,speaker000_1034,33,../data/LIP-RTVE/WAVs/speaker000/speaker000_1034.wav,../data/LIP-RTVE/ROIs/speaker000/speaker000_1034.npz,../data/LIP-RTVE/transcriptions/speaker000/speaker000_1034.txt,5,utf-8
690,LIP-RTVE,speaker000_1035,199,../data/LIP-RTVE/WAVs/speaker000/speaker000_1035.wav,../data/LIP-RTVE/ROIs/speaker000/speaker000_1035.npz,../data/LIP-RTVE/transcriptions/speaker000/speaker000_1035.txt,5,utf-8
691,LIP-RTVE,speaker000_1036,248,../data/LIP-RTVE/WAVs/speaker000/speaker000_1036.wav,../data/LIP-RTVE/ROIs/speaker000/speaker000_1036.npz,../data/LIP-RTVE/transcriptions/speaker000/speaker000_1036.txt,5,utf-8
692,LIP-RTVE,speaker000_1039,215,../data/LIP-RTVE/WAVs/speaker000/speaker000_1039.wav,../data/LIP-RTVE/ROIs/speaker000/speaker000_1039.npz,../data/LIP-RTVE/transcriptions/speaker000/speaker000_1039.txt,5,utf-8
693,LIP-RTVE,speaker000_1043,120,../data/LIP-RTVE/WAVs/speaker000/speaker000_1043.wav,../data/LIP-RTVE/ROIs/speaker000/speaker000_1043.npz,../data/LIP-RTVE/transcriptions/speaker000/speaker000_1043.txt,5,utf-8
694,LIP-RTVE,speaker000_1044,88,../data/LIP-RTVE/WAVs/speaker000/speaker000_1044.wav,../data/LIP-RTVE/ROIs/speaker000/speaker000_1044.npz,../data/LIP-RTVE/transcriptions/speaker000/speaker000_1044.txt,5,utf-8
695,LIP-RTVE,speaker000_1045,197,../data/LIP-RTVE/WAVs/speaker000/speaker000_1045.wav,../data/LIP-RTVE/ROIs/speaker000/speaker000_1045.npz,../data/LIP-RTVE/transcriptions/speaker000/speaker000_1045.txt,5,utf-8
696,LIP-RTVE,speaker000_1047,236,../data/LIP-RTVE/WAVs/speaker000/speaker000_1047.wav,../data/LIP-RTVE/ROIs/speaker000/speaker000_1047.npz,../data/LIP-RTVE/transcriptions/speaker000/speaker000_1047.txt,5,utf-8
697,LIP-RTVE,speaker000_1048,98,../data/LIP-RTVE/WAVs/speaker000/speaker000_1048.wav,../data/LIP-RTVE/ROIs/speaker000/speaker000_1048.npz,../data/LIP-RTVE/transcriptions/speaker000/speaker000_1048.txt,5,utf-8
698,LIP-RTVE,speaker000_1050,235,../data/LIP-RTVE/WAVs/speaker000/speaker000_1050.wav,../data/LIP-RTVE/ROIs/speaker000/speaker000_1050.npz,../data/LIP-RTVE/transcriptions/speaker000/speaker000_1050.txt,5,utf-8
699,LIP-RTVE,speaker000_1053,36,../data/LIP-RTVE/WAVs/speaker000/speaker000_1053.wav,../data/LIP-RTVE/ROIs/speaker000/speaker000_1053.npz,../data/LIP-RTVE/transcriptions/speaker000/speaker000_1053.txt,5,utf-8
700,LIP-RTVE,speaker000_1054,167,../data/LIP-RTVE/WAVs/speaker000/speaker000_1054.wav,../data/LIP-RTVE/ROIs/speaker000/speaker000_1054.npz,../data/LIP-RTVE/transcriptions/speaker000/speaker000_1054.txt,5,utf-8
701,LIP-RTVE,speaker000_1055,75,../data/LIP-RTVE/WAVs/speaker000/speaker000_1055.wav,../data/LIP-RTVE/ROIs/speaker000/speaker000_1055.npz,../data/LIP-RTVE/transcriptions/speaker000/speaker000_1055.txt,5,utf-8
702,LIP-RTVE,speaker000_1056,154,../data/LIP-RTVE/WAVs/speaker000/speaker000_1056.wav,../data/LIP-RTVE/ROIs/speaker000/speaker000_1056.npz,../data/LIP-RTVE/transcriptions/speaker000/speaker000_1056.txt,5,utf-8
703,LIP-RTVE,speaker000_1058,55,../data/LIP-RTVE/WAVs/speaker000/speaker000_1058.wav,../data/LIP-RTVE/ROIs/speaker000/speaker000_1058.npz,../data/LIP-RTVE/transcriptions/speaker000/speaker000_1058.txt,5,utf-8
704,LIP-RTVE,speaker000_1059,73,../data/LIP-RTVE/WAVs/speaker000/speaker000_1059.wav,../data/LIP-RTVE/ROIs/speaker000/speaker000_1059.npz,../data/LIP-RTVE/transcriptions/speaker000/speaker000_1059.txt,5,utf-8
705,LIP-RTVE,speaker000_1061,42,../data/LIP-RTVE/WAVs/speaker000/speaker000_1061.wav,../data/LIP-RTVE/ROIs/speaker000/speaker000_1061.npz,../data/LIP-RTVE/transcriptions/speaker000/speaker000_1061.txt,5,utf-8
706,LIP-RTVE,speaker000_1062,78,../data/LIP-RTVE/WAVs/speaker000/speaker000_1062.wav,../data/LIP-RTVE/ROIs/speaker000/speaker000_1062.npz,../data/LIP-RTVE/transcriptions/speaker000/speaker000_1062.txt,5,utf-8
707,LIP-RTVE,speaker000_1063,40,../data/LIP-RTVE/WAVs/speaker000/speaker000_1063.wav,../data/LIP-RTVE/ROIs/speaker000/speaker000_1063.npz,../data/LIP-RTVE/transcriptions/speaker000/speaker000_1063.txt,5,utf-8
708,LIP-RTVE,speaker000_1064,146,../data/LIP-RTVE/WAVs/speaker000/speaker000_1064.wav,../data/LIP-RTVE/ROIs/speaker000/speaker000_1064.npz,../data/LIP-RTVE/transcriptions/speaker000/speaker000_1064.txt,5,utf-8
709,LIP-RTVE,speaker000_1065,42,../data/LIP-RTVE/WAVs/speaker000/speaker000_1065.wav,../data/LIP-RTVE/ROIs/speaker000/speaker000_1065.npz,../data/LIP-RTVE/transcriptions/speaker000/speaker000_1065.txt,5,utf-8
710,LIP-RTVE,speaker000_1066,129,../data/LIP-RTVE/WAVs/speaker000/speaker000_1066.wav,../data/LIP-RTVE/ROIs/speaker000/speaker000_1066.npz,../data/LIP-RTVE/transcriptions/speaker000/speaker000_1066.txt,5,utf-8
711,LIP-RTVE,speaker000_1067,98,../data/LIP-RTVE/WAVs/speaker000/speaker000_1067.wav,../data/LIP-RTVE/ROIs/speaker000/speaker000_1067.npz,../data/LIP-RTVE/transcriptions/speaker000/speaker000_1067.txt,5,utf-8
712,LIP-RTVE,speaker000_1068,97,../data/LIP-RTVE/WAVs/speaker000/speaker000_1068.wav,../data/LIP-RTVE/ROIs/speaker000/speaker000_1068.npz,../data/LIP-RTVE/transcriptions/speaker000/speaker000_1068.txt,5,utf-8
713,LIP-RTVE,speaker000_1070,150,../data/LIP-RTVE/WAVs/speaker000/speaker000_1070.wav,../data/LIP-RTVE/ROIs/speaker000/speaker000_1070.npz,../data/LIP-RTVE/transcriptions/speaker000/speaker000_1070.txt,5,utf-8
714,LIP-RTVE,speaker000_1071,77,../data/LIP-RTVE/WAVs/speaker000/speaker000_1071.wav,../data/LIP-RTVE/ROIs/speaker000/speaker000_1071.npz,../data/LIP-RTVE/transcriptions/speaker000/speaker000_1071.txt,5,utf-8
715,LIP-RTVE,speaker000_1072,114,../data/LIP-RTVE/WAVs/speaker000/speaker000_1072.wav,../data/LIP-RTVE/ROIs/speaker000/speaker000_1072.npz,../data/LIP-RTVE/transcriptions/speaker000/speaker000_1072.txt,5,utf-8
716,LIP-RTVE,speaker000_1076,119,../data/LIP-RTVE/WAVs/speaker000/speaker000_1076.wav,../data/LIP-RTVE/ROIs/speaker000/speaker000_1076.npz,../data/LIP-RTVE/transcriptions/speaker000/speaker000_1076.txt,5,utf-8
717,LIP-RTVE,speaker000_1077,49,../data/LIP-RTVE/WAVs/speaker000/speaker000_1077.wav,../data/LIP-RTVE/ROIs/speaker000/speaker000_1077.npz,../data/LIP-RTVE/transcriptions/speaker000/speaker000_1077.txt,5,utf-8
718,LIP-RTVE,speaker000_1078,144,../data/LIP-RTVE/WAVs/speaker000/speaker000_1078.wav,../data/LIP-RTVE/ROIs/speaker000/speaker000_1078.npz,../data/LIP-RTVE/transcriptions/speaker000/speaker000_1078.txt,5,utf-8
719,LIP-RTVE,speaker000_1079,92,../data/LIP-RTVE/WAVs/speaker000/speaker000_1079.wav,../data/LIP-RTVE/ROIs/speaker000/speaker000_1079.npz,../data/LIP-RTVE/transcriptions/speaker000/speaker000_1079.txt,5,utf-8
720,LIP-RTVE,speaker000_1080,93,../data/LIP-RTVE/WAVs/speaker000/speaker000_1080.wav,../data/LIP-RTVE/ROIs/speaker000/speaker000_1080.npz,../data/LIP-RTVE/transcriptions/speaker000/speaker000_1080.txt,5,utf-8
721,LIP-RTVE,speaker000_1081,198,../data/LIP-RTVE/WAVs/speaker000/speaker000_1081.wav,../data/LIP-RTVE/ROIs/speaker000/speaker000_1081.npz,../data/LIP-RTVE/transcriptions/speaker000/speaker000_1081.txt,5,utf-8
722,LIP-RTVE,speaker000_1082,103,../data/LIP-RTVE/WAVs/speaker000/speaker000_1082.wav,../data/LIP-RTVE/ROIs/speaker000/speaker000_1082.npz,../data/LIP-RTVE/transcriptions/speaker000/speaker000_1082.txt,5,utf-8
723,LIP-RTVE,speaker000_1083,174,../data/LIP-RTVE/WAVs/speaker000/speaker000_1083.wav,../data/LIP-RTVE/ROIs/speaker000/speaker000_1083.npz,../data/LIP-RTVE/transcriptions/speaker000/speaker000_1083.txt,5,utf-8
724,LIP-RTVE,speaker000_1085,108,../data/LIP-RTVE/WAVs/speaker000/speaker000_1085.wav,../data/LIP-RTVE/ROIs/speaker000/speaker000_1085.npz,../data/LIP-RTVE/transcriptions/speaker000/speaker000_1085.txt,5,utf-8
725,LIP-RTVE,speaker000_1086,56,../data/LIP-RTVE/WAVs/speaker000/speaker000_1086.wav,../data/LIP-RTVE/ROIs/speaker000/speaker000_1086.npz,../data/LIP-RTVE/transcriptions/speaker000/speaker000_1086.txt,5,utf-8
726,LIP-RTVE,speaker000_1087,148,../data/LIP-RTVE/WAVs/speaker000/speaker000_1087.wav,../data/LIP-RTVE/ROIs/speaker000/speaker000_1087.npz,../data/LIP-RTVE/transcriptions/speaker000/speaker000_1087.txt,5,utf-8
727,LIP-RTVE,speaker000_1089,164,../data/LIP-RTVE/WAVs/speaker000/speaker000_1089.wav,../data/LIP-RTVE/ROIs/speaker000/speaker000_1089.npz,../data/LIP-RTVE/transcriptions/speaker000/speaker000_1089.txt,5,utf-8
728,LIP-RTVE,speaker000_1090,101,../data/LIP-RTVE/WAVs/speaker000/speaker000_1090.wav,../data/LIP-RTVE/ROIs/speaker000/speaker000_1090.npz,../data/LIP-RTVE/transcriptions/speaker000/speaker000_1090.txt,5,utf-8
729,LIP-RTVE,speaker000_1093,67,../data/LIP-RTVE/WAVs/speaker000/speaker000_1093.wav,../data/LIP-RTVE/ROIs/speaker000/speaker000_1093.npz,../data/LIP-RTVE/transcriptions/speaker000/speaker000_1093.txt,5,utf-8
730,LIP-RTVE,speaker000_1094,83,../data/LIP-RTVE/WAVs/speaker000/speaker000_1094.wav,../data/LIP-RTVE/ROIs/speaker000/speaker000_1094.npz,../data/LIP-RTVE/transcriptions/speaker000/speaker000_1094.txt,5,utf-8
731,LIP-RTVE,speaker000_1095,145,../data/LIP-RTVE/WAVs/speaker000/speaker000_1095.wav,../data/LIP-RTVE/ROIs/speaker000/speaker000_1095.npz,../data/LIP-RTVE/transcriptions/speaker000/speaker000_1095.txt,5,utf-8
732,LIP-RTVE,speaker000_1096,92,../data/LIP-RTVE/WAVs/speaker000/speaker000_1096.wav,../data/LIP-RTVE/ROIs/speaker000/speaker000_1096.npz,../data/LIP-RTVE/transcriptions/speaker000/speaker000_1096.txt,5,utf-8
733,LIP-RTVE,speaker000_1098,67,../data/LIP-RTVE/WAVs/speaker000/speaker000_1098.wav,../data/LIP-RTVE/ROIs/speaker000/speaker000_1098.npz,../data/LIP-RTVE/transcriptions/speaker000/speaker000_1098.txt,5,utf-8
734,LIP-RTVE,speaker000_1099,134,../data/LIP-RTVE/WAVs/speaker000/speaker000_1099.wav,../data/LIP-RTVE/ROIs/speaker000/speaker000_1099.npz,../data/LIP-RTVE/transcriptions/speaker000/speaker000_1099.txt,5,utf-8
735,LIP-RTVE,speaker000_1100,127,../data/LIP-RTVE/WAVs/speaker000/speaker000_1100.wav,../data/LIP-RTVE/ROIs/speaker000/speaker000_1100.npz,../data/LIP-RTVE/transcriptions/speaker000/speaker000_1100.txt,5,utf-8
736,LIP-RTVE,speaker000_1102,196,../data/LIP-RTVE/WAVs/speaker000/speaker000_1102.wav,../data/LIP-RTVE/ROIs/speaker000/speaker000_1102.npz,../data/LIP-RTVE/transcriptions/speaker000/speaker000_1102.txt,5,utf-8
737,LIP-RTVE,speaker000_1103,138,../data/LIP-RTVE/WAVs/speaker000/speaker000_1103.wav,../data/LIP-RTVE/ROIs/speaker000/speaker000_1103.npz,../data/LIP-RTVE/transcriptions/speaker000/speaker000_1103.txt,5,utf-8
738,LIP-RTVE,speaker000_1105,26,../data/LIP-RTVE/WAVs/speaker000/speaker000_1105.wav,../data/LIP-RTVE/ROIs/speaker000/speaker000_1105.npz,../data/LIP-RTVE/transcriptions/speaker000/speaker000_1105.txt,5,utf-8
739,LIP-RTVE,speaker000_1109,88,../data/LIP-RTVE/WAVs/speaker000/speaker000_1109.wav,../data/LIP-RTVE/ROIs/speaker000/speaker000_1109.npz,../data/LIP-RTVE/transcriptions/speaker000/speaker000_1109.txt,5,utf-8
740,LIP-RTVE,speaker000_1111,85,../data/LIP-RTVE/WAVs/speaker000/speaker000_1111.wav,../data/LIP-RTVE/ROIs/speaker000/speaker000_1111.npz,../data/LIP-RTVE/transcriptions/speaker000/speaker000_1111.txt,5,utf-8
741,LIP-RTVE,speaker000_1112,173,../data/LIP-RTVE/WAVs/speaker000/speaker000_1112.wav,../data/LIP-RTVE/ROIs/speaker000/speaker000_1112.npz,../data/LIP-RTVE/transcriptions/speaker000/speaker000_1112.txt,5,utf-8
742,LIP-RTVE,speaker000_1113,110,../data/LIP-RTVE/WAVs/speaker000/speaker000_1113.wav,../data/LIP-RTVE/ROIs/speaker000/speaker000_1113.npz,../data/LIP-RTVE/transcriptions/speaker000/speaker000_1113.txt,5,utf-8
743,LIP-RTVE,speaker000_1116,206,../data/LIP-RTVE/WAVs/speaker000/speaker000_1116.wav,../data/LIP-RTVE/ROIs/speaker000/speaker000_1116.npz,../data/LIP-RTVE/transcriptions/speaker000/speaker000_1116.txt,5,utf-8
744,LIP-RTVE,speaker000_1118,59,../data/LIP-RTVE/WAVs/speaker000/speaker000_1118.wav,../data/LIP-RTVE/ROIs/speaker000/speaker000_1118.npz,../data/LIP-RTVE/transcriptions/speaker000/speaker000_1118.txt,5,utf-8
745,LIP-RTVE,speaker000_1120,171,../data/LIP-RTVE/WAVs/speaker000/speaker000_1120.wav,../data/LIP-RTVE/ROIs/speaker000/speaker000_1120.npz,../data/LIP-RTVE/transcriptions/speaker000/speaker000_1120.txt,5,utf-8
746,LIP-RTVE,speaker000_1121,28,../data/LIP-RTVE/WAVs/speaker000/speaker000_1121.wav,../data/LIP-RTVE/ROIs/speaker000/speaker000_1121.npz,../data/LIP-RTVE/transcriptions/speaker000/speaker000_1121.txt,5,utf-8
747,LIP-RTVE,speaker000_1122,41,../data/LIP-RTVE/WAVs/speaker000/speaker000_1122.wav,../data/LIP-RTVE/ROIs/speaker000/speaker000_1122.npz,../data/LIP-RTVE/transcriptions/speaker000/speaker000_1122.txt,5,utf-8
748,LIP-RTVE,speaker000_1125,195,../data/LIP-RTVE/WAVs/speaker000/speaker000_1125.wav,../data/LIP-RTVE/ROIs/speaker000/speaker000_1125.npz,../data/LIP-RTVE/transcriptions/speaker000/speaker000_1125.txt,5,utf-8
749,LIP-RTVE,speaker000_1126,34,../data/LIP-RTVE/WAVs/speaker000/speaker000_1126.wav,../data/LIP-RTVE/ROIs/speaker000/speaker000_1126.npz,../data/LIP-RTVE/transcriptions/speaker000/speaker000_1126.txt,5,utf-8
750,LIP-RTVE,speaker000_1127,130,../data/LIP-RTVE/WAVs/speaker000/speaker000_1127.wav,../data/LIP-RTVE/ROIs/speaker000/speaker000_1127.npz,../data/LIP-RTVE/transcriptions/speaker000/speaker000_1127.txt,5,utf-8
751,LIP-RTVE,speaker000_1128,57,../data/LIP-RTVE/WAVs/speaker000/speaker000_1128.wav,../data/LIP-RTVE/ROIs/speaker000/speaker000_1128.npz,../data/LIP-RTVE/transcriptions/speaker000/speaker000_1128.txt,5,utf-8
752,LIP-RTVE,speaker000_1130,29,../data/LIP-RTVE/WAVs/speaker000/speaker000_1130.wav,../data/LIP-RTVE/ROIs/speaker000/speaker000_1130.npz,../data/LIP-RTVE/transcriptions/speaker000/speaker000_1130.txt,5,utf-8
753,LIP-RTVE,speaker000_1131,97,../data/LIP-RTVE/WAVs/speaker000/speaker000_1131.wav,../data/LIP-RTVE/ROIs/speaker000/speaker000_1131.npz,../data/LIP-RTVE/transcriptions/speaker000/speaker000_1131.txt,5,utf-8
754,LIP-RTVE,speaker000_1132,206,../data/LIP-RTVE/WAVs/speaker000/speaker000_1132.wav,../data/LIP-RTVE/ROIs/speaker000/speaker000_1132.npz,../data/LIP-RTVE/transcriptions/speaker000/speaker000_1132.txt,5,utf-8
755,LIP-RTVE,speaker000_1133,127,../data/LIP-RTVE/WAVs/speaker000/speaker000_1133.wav,../data/LIP-RTVE/ROIs/speaker000/speaker000_1133.npz,../data/LIP-RTVE/transcriptions/speaker000/speaker000_1133.txt,5,utf-8
756,LIP-RTVE,speaker000_1134,155,../data/LIP-RTVE/WAVs/speaker000/speaker000_1134.wav,../data/LIP-RTVE/ROIs/speaker000/speaker000_1134.npz,../data/LIP-RTVE/transcriptions/speaker000/speaker000_1134.txt,5,utf-8
757,LIP-RTVE,speaker000_1135,142,../data/LIP-RTVE/WAVs/speaker000/speaker000_1135.wav,../data/LIP-RTVE/ROIs/speaker000/speaker000_1135.npz,../data/LIP-RTVE/transcriptions/speaker000/speaker000_1135.txt,5,utf-8
758,LIP-RTVE,speaker000_1136,222,../data/LIP-RTVE/WAVs/speaker000/speaker000_1136.wav,../data/LIP-RTVE/ROIs/speaker000/speaker000_1136.npz,../data/LIP-RTVE/transcriptions/speaker000/speaker000_1136.txt,5,utf-8
759,LIP-RTVE,speaker000_1137,136,../data/LIP-RTVE/WAVs/speaker000/speaker000_1137.wav,../data/LIP-RTVE/ROIs/speaker000/speaker000_1137.npz,../data/LIP-RTVE/transcriptions/speaker000/speaker000_1137.txt,5,utf-8
760,LIP-RTVE,speaker000_1138,180,../data/LIP-RTVE/WAVs/speaker000/speaker000_1138.wav,../data/LIP-RTVE/ROIs/speaker000/speaker000_1138.npz,../data/LIP-RTVE/transcriptions/speaker000/speaker000_1138.txt,5,utf-8
761,LIP-RTVE,speaker000_1139,189,../data/LIP-RTVE/WAVs/speaker000/speaker000_1139.wav,../data/LIP-RTVE/ROIs/speaker000/speaker000_1139.npz,../data/LIP-RTVE/transcriptions/speaker000/speaker000_1139.txt,5,utf-8
762,LIP-RTVE,speaker000_1141,75,../data/LIP-RTVE/WAVs/speaker000/speaker000_1141.wav,../data/LIP-RTVE/ROIs/speaker000/speaker000_1141.npz,../data/LIP-RTVE/transcriptions/speaker000/speaker000_1141.txt,5,utf-8
763,LIP-RTVE,speaker000_1142,158,../data/LIP-RTVE/WAVs/speaker000/speaker000_1142.wav,../data/LIP-RTVE/ROIs/speaker000/speaker000_1142.npz,../data/LIP-RTVE/transcriptions/speaker000/speaker000_1142.txt,5,utf-8
764,LIP-RTVE,speaker000_1144,205,../data/LIP-RTVE/WAVs/speaker000/speaker000_1144.wav,../data/LIP-RTVE/ROIs/speaker000/speaker000_1144.npz,../data/LIP-RTVE/transcriptions/speaker000/speaker000_1144.txt,5,utf-8
765,LIP-RTVE,speaker000_1145,37,../data/LIP-RTVE/WAVs/speaker000/speaker000_1145.wav,../data/LIP-RTVE/ROIs/speaker000/speaker000_1145.npz,../data/LIP-RTVE/transcriptions/speaker000/speaker000_1145.txt,5,utf-8
766,LIP-RTVE,speaker000_1146,151,../data/LIP-RTVE/WAVs/speaker000/speaker000_1146.wav,../data/LIP-RTVE/ROIs/speaker000/speaker000_1146.npz,../data/LIP-RTVE/transcriptions/speaker000/speaker000_1146.txt,5,utf-8
767,LIP-RTVE,speaker000_1147,149,../data/LIP-RTVE/WAVs/speaker000/speaker000_1147.wav,../data/LIP-RTVE/ROIs/speaker000/speaker000_1147.npz,../data/LIP-RTVE/transcriptions/speaker000/speaker000_1147.txt,5,utf-8
768,LIP-RTVE,speaker000_1148,130,../data/LIP-RTVE/WAVs/speaker000/speaker000_1148.wav,../data/LIP-RTVE/ROIs/speaker000/speaker000_1148.npz,../data/LIP-RTVE/transcriptions/speaker000/speaker000_1148.txt,5,utf-8
769,LIP-RTVE,speaker000_1149,56,../data/LIP-RTVE/WAVs/speaker000/speaker000_1149.wav,../data/LIP-RTVE/ROIs/speaker000/speaker000_1149.npz,../data/LIP-RTVE/transcriptions/speaker000/speaker000_1149.txt,5,utf-8
770,LIP-RTVE,speaker000_1151,106,../data/LIP-RTVE/WAVs/speaker000/speaker000_1151.wav,../data/LIP-RTVE/ROIs/speaker000/speaker000_1151.npz,../data/LIP-RTVE/transcriptions/speaker000/speaker000_1151.txt,5,utf-8
771,LIP-RTVE,speaker000_1153,118,../data/LIP-RTVE/WAVs/speaker000/speaker000_1153.wav,../data/LIP-RTVE/ROIs/speaker000/speaker000_1153.npz,../data/LIP-RTVE/transcriptions/speaker000/speaker000_1153.txt,5,utf-8
772,LIP-RTVE,speaker000_1154,191,../data/LIP-RTVE/WAVs/speaker000/speaker000_1154.wav,../data/LIP-RTVE/ROIs/speaker000/speaker000_1154.npz,../data/LIP-RTVE/transcriptions/speaker000/speaker000_1154.txt,5,utf-8
773,LIP-RTVE,speaker000_1155,26,../data/LIP-RTVE/WAVs/speaker000/speaker000_1155.wav,../data/LIP-RTVE/ROIs/speaker000/speaker000_1155.npz,../data/LIP-RTVE/transcriptions/speaker000/speaker000_1155.txt,5,utf-8
774,LIP-RTVE,speaker000_1156,172,../data/LIP-RTVE/WAVs/speaker000/speaker000_1156.wav,../data/LIP-RTVE/ROIs/speaker000/speaker000_1156.npz,../data/LIP-RTVE/transcriptions/speaker000/speaker000_1156.txt,5,utf-8
775,LIP-RTVE,speaker000_1158,133,../data/LIP-RTVE/WAVs/speaker000/speaker000_1158.wav,../data/LIP-RTVE/ROIs/speaker000/speaker000_1158.npz,../data/LIP-RTVE/transcriptions/speaker000/speaker000_1158.txt,5,utf-8
776,LIP-RTVE,speaker000_1159,198,../data/LIP-RTVE/WAVs/speaker000/speaker000_1159.wav,../data/LIP-RTVE/ROIs/speaker000/speaker000_1159.npz,../data/LIP-RTVE/transcriptions/speaker000/speaker000_1159.txt,5,utf-8
777,LIP-RTVE,speaker000_1161,37,../data/LIP-RTVE/WAVs/speaker000/speaker000_1161.wav,../data/LIP-RTVE/ROIs/speaker000/speaker000_1161.npz,../data/LIP-RTVE/transcriptions/speaker000/speaker000_1161.txt,5,utf-8
778,LIP-RTVE,speaker000_1164,120,../data/LIP-RTVE/WAVs/speaker000/speaker000_1164.wav,../data/LIP-RTVE/ROIs/speaker000/speaker000_1164.npz,../data/LIP-RTVE/transcriptions/speaker000/speaker000_1164.txt,5,utf-8
779,LIP-RTVE,speaker000_1165,177,../data/LIP-RTVE/WAVs/speaker000/speaker000_1165.wav,../data/LIP-RTVE/ROIs/speaker000/speaker000_1165.npz,../data/LIP-RTVE/transcriptions/speaker000/speaker000_1165.txt,5,utf-8
780,LIP-RTVE,speaker000_1167,168,../data/LIP-RTVE/WAVs/speaker000/speaker000_1167.wav,../data/LIP-RTVE/ROIs/speaker000/speaker000_1167.npz,../data/LIP-RTVE/transcriptions/speaker000/speaker000_1167.txt,5,utf-8
781,LIP-RTVE,speaker000_1168,85,../data/LIP-RTVE/WAVs/speaker000/speaker000_1168.wav,../data/LIP-RTVE/ROIs/speaker000/speaker000_1168.npz,../data/LIP-RTVE/transcriptions/speaker000/speaker000_1168.txt,5,utf-8
782,LIP-RTVE,speaker000_1169,26,../data/LIP-RTVE/WAVs/speaker000/speaker000_1169.wav,../data/LIP-RTVE/ROIs/speaker000/speaker000_1169.npz,../data/LIP-RTVE/transcriptions/speaker000/speaker000_1169.txt,5,utf-8
783,LIP-RTVE,speaker000_1171,98,../data/LIP-RTVE/WAVs/speaker000/speaker000_1171.wav,../data/LIP-RTVE/ROIs/speaker000/speaker000_1171.npz,../data/LIP-RTVE/transcriptions/speaker000/speaker000_1171.txt,5,utf-8
784,LIP-RTVE,speaker000_1172,27,../data/LIP-RTVE/WAVs/speaker000/speaker000_1172.wav,../data/LIP-RTVE/ROIs/speaker000/speaker000_1172.npz,../data/LIP-RTVE/transcriptions/speaker000/speaker000_1172.txt,5,utf-8
785,LIP-RTVE,speaker000_1173,116,../data/LIP-RTVE/WAVs/speaker000/speaker000_1173.wav,../data/LIP-RTVE/ROIs/speaker000/speaker000_1173.npz,../data/LIP-RTVE/transcriptions/speaker000/speaker000_1173.txt,5,utf-8
786,LIP-RTVE,speaker000_1174,190,../data/LIP-RTVE/WAVs/speaker000/speaker000_1174.wav,../data/LIP-RTVE/ROIs/speaker000/speaker000_1174.npz,../data/LIP-RTVE/transcriptions/speaker000/speaker000_1174.txt,5,utf-8
787,LIP-RTVE,speaker000_1175,263,../data/LIP-RTVE/WAVs/speaker000/speaker000_1175.wav,../data/LIP-RTVE/ROIs/speaker000/speaker000_1175.npz,../data/LIP-RTVE/transcriptions/speaker000/speaker000_1175.txt,5,utf-8
788,LIP-RTVE,speaker000_1176,133,../data/LIP-RTVE/WAVs/speaker000/speaker000_1176.wav,../data/LIP-RTVE/ROIs/speaker000/speaker000_1176.npz,../data/LIP-RTVE/transcriptions/speaker000/speaker000_1176.txt,5,utf-8
789,LIP-RTVE,speaker000_1177,150,../data/LIP-RTVE/WAVs/speaker000/speaker000_1177.wav,../data/LIP-RTVE/ROIs/speaker000/speaker000_1177.npz,../data/LIP-RTVE/transcriptions/speaker000/speaker000_1177.txt,5,utf-8
790,LIP-RTVE,speaker000_1178,53,../data/LIP-RTVE/WAVs/speaker000/speaker000_1178.wav,../data/LIP-RTVE/ROIs/speaker000/speaker000_1178.npz,../data/LIP-RTVE/transcriptions/speaker000/speaker000_1178.txt,5,utf-8
791,LIP-RTVE,speaker000_1179,221,../data/LIP-RTVE/WAVs/speaker000/speaker000_1179.wav,../data/LIP-RTVE/ROIs/speaker000/speaker000_1179.npz,../data/LIP-RTVE/transcriptions/speaker000/speaker000_1179.txt,5,utf-8
792,LIP-RTVE,speaker000_1181,27,../data/LIP-RTVE/WAVs/speaker000/speaker000_1181.wav,../data/LIP-RTVE/ROIs/speaker000/speaker000_1181.npz,../data/LIP-RTVE/transcriptions/speaker000/speaker000_1181.txt,5,utf-8
793,LIP-RTVE,speaker000_1182,146,../data/LIP-RTVE/WAVs/speaker000/speaker000_1182.wav,../data/LIP-RTVE/ROIs/speaker000/speaker000_1182.npz,../data/LIP-RTVE/transcriptions/speaker000/speaker000_1182.txt,5,utf-8
794,LIP-RTVE,speaker000_1183,31,../data/LIP-RTVE/WAVs/speaker000/speaker000_1183.wav,../data/LIP-RTVE/ROIs/speaker000/speaker000_1183.npz,../data/LIP-RTVE/transcriptions/speaker000/speaker000_1183.txt,5,utf-8
795,LIP-RTVE,speaker000_1184,201,../data/LIP-RTVE/WAVs/speaker000/speaker000_1184.wav,../data/LIP-RTVE/ROIs/speaker000/speaker000_1184.npz,../data/LIP-RTVE/transcriptions/speaker000/speaker000_1184.txt,5,utf-8
796,LIP-RTVE,speaker000_1186,58,../data/LIP-RTVE/WAVs/speaker000/speaker000_1186.wav,../data/LIP-RTVE/ROIs/speaker000/speaker000_1186.npz,../data/LIP-RTVE/transcriptions/speaker000/speaker000_1186.txt,5,utf-8
797,LIP-RTVE,speaker000_1187,93,../data/LIP-RTVE/WAVs/speaker000/speaker000_1187.wav,../data/LIP-RTVE/ROIs/speaker000/speaker000_1187.npz,../data/LIP-RTVE/transcriptions/speaker000/speaker000_1187.txt,5,utf-8
798,LIP-RTVE,speaker000_1190,224,../data/LIP-RTVE/WAVs/speaker000/speaker000_1190.wav,../data/LIP-RTVE/ROIs/speaker000/speaker000_1190.npz,../data/LIP-RTVE/transcriptions/speaker000/speaker000_1190.txt,5,utf-8
799,LIP-RTVE,speaker000_1192,60,../data/LIP-RTVE/WAVs/speaker000/speaker000_1192.wav,../data/LIP-RTVE/ROIs/speaker000/speaker000_1192.npz,../data/LIP-RTVE/transcriptions/speaker000/speaker000_1192.txt,5,utf-8
800,LIP-RTVE,speaker000_1193,95,../data/LIP-RTVE/WAVs/speaker000/speaker000_1193.wav,../data/LIP-RTVE/ROIs/speaker000/speaker000_1193.npz,../data/LIP-RTVE/transcriptions/speaker000/speaker000_1193.txt,5,utf-8
801,LIP-RTVE,speaker000_1194,118,../data/LIP-RTVE/WAVs/speaker000/speaker000_1194.wav,../data/LIP-RTVE/ROIs/speaker000/speaker000_1194.npz,../data/LIP-RTVE/transcriptions/speaker000/speaker000_1194.txt,5,utf-8
802,LIP-RTVE,speaker000_1195,80,../data/LIP-RTVE/WAVs/speaker000/speaker000_1195.wav,../data/LIP-RTVE/ROIs/speaker000/speaker000_1195.npz,../data/LIP-RTVE/transcriptions/speaker000/speaker000_1195.txt,5,utf-8
803,LIP-RTVE,speaker000_1196,102,../data/LIP-RTVE/WAVs/speaker000/speaker000_1196.wav,../data/LIP-RTVE/ROIs/speaker000/speaker000_1196.npz,../data/LIP-RTVE/transcriptions/speaker000/speaker000_1196.txt,5,utf-8
804,LIP-RTVE,speaker000_1197,30,../data/LIP-RTVE/WAVs/speaker000/speaker000_1197.wav,../data/LIP-RTVE/ROIs/speaker000/speaker000_1197.npz,../data/LIP-RTVE/transcriptions/speaker000/speaker000_1197.txt,5,utf-8
805,LIP-RTVE,speaker000_1198,69,../data/LIP-RTVE/WAVs/speaker000/speaker000_1198.wav,../data/LIP-RTVE/ROIs/speaker000/speaker000_1198.npz,../data/LIP-RTVE/transcriptions/speaker000/speaker000_1198.txt,5,utf-8
806,LIP-RTVE,speaker000_1199,42,../data/LIP-RTVE/WAVs/speaker000/speaker000_1199.wav,../data/LIP-RTVE/ROIs/speaker000/speaker000_1199.npz,../data/LIP-RTVE/transcriptions/speaker000/speaker000_1199.txt,5,utf-8
807,LIP-RTVE,speaker000_1200,76,../data/LIP-RTVE/WAVs/speaker000/speaker000_1200.wav,../data/LIP-RTVE/ROIs/speaker000/speaker000_1200.npz,../data/LIP-RTVE/transcriptions/speaker000/speaker000_1200.txt,5,utf-8
808,LIP-RTVE,speaker000_1201,102,../data/LIP-RTVE/WAVs/speaker000/speaker000_1201.wav,../data/LIP-RTVE/ROIs/speaker000/speaker000_1201.npz,../data/LIP-RTVE/transcriptions/speaker000/speaker000_1201.txt,5,utf-8
809,LIP-RTVE,speaker000_1202,130,../data/LIP-RTVE/WAVs/speaker000/speaker000_1202.wav,../data/LIP-RTVE/ROIs/speaker000/speaker000_1202.npz,../data/LIP-RTVE/transcriptions/speaker000/speaker000_1202.txt,5,utf-8
810,LIP-RTVE,speaker000_1203,223,../data/LIP-RTVE/WAVs/speaker000/speaker000_1203.wav,../data/LIP-RTVE/ROIs/speaker000/speaker000_1203.npz,../data/LIP-RTVE/transcriptions/speaker000/speaker000_1203.txt,5,utf-8
811,LIP-RTVE,speaker000_1204,107,../data/LIP-RTVE/WAVs/speaker000/speaker000_1204.wav,../data/LIP-RTVE/ROIs/speaker000/speaker000_1204.npz,../data/LIP-RTVE/transcriptions/speaker000/speaker000_1204.txt,5,utf-8
812,LIP-RTVE,speaker000_1205,156,../data/LIP-RTVE/WAVs/speaker000/speaker000_1205.wav,../data/LIP-RTVE/ROIs/speaker000/speaker000_1205.npz,../data/LIP-RTVE/transcriptions/speaker000/speaker000_1205.txt,5,utf-8
813,LIP-RTVE,speaker000_1206,31,../data/LIP-RTVE/WAVs/speaker000/speaker000_1206.wav,../data/LIP-RTVE/ROIs/speaker000/speaker000_1206.npz,../data/LIP-RTVE/transcriptions/speaker000/speaker000_1206.txt,5,utf-8
814,LIP-RTVE,speaker000_1207,112,../data/LIP-RTVE/WAVs/speaker000/speaker000_1207.wav,../data/LIP-RTVE/ROIs/speaker000/speaker000_1207.npz,../data/LIP-RTVE/transcriptions/speaker000/speaker000_1207.txt,5,utf-8
815,LIP-RTVE,speaker000_1208,55,../data/LIP-RTVE/WAVs/speaker000/speaker000_1208.wav,../data/LIP-RTVE/ROIs/speaker000/speaker000_1208.npz,../data/LIP-RTVE/transcriptions/speaker000/speaker000_1208.txt,5,utf-8
816,LIP-RTVE,speaker000_1210,62,../data/LIP-RTVE/WAVs/speaker000/speaker000_1210.wav,../data/LIP-RTVE/ROIs/speaker000/speaker000_1210.npz,../data/LIP-RTVE/transcriptions/speaker000/speaker000_1210.txt,5,utf-8
817,LIP-RTVE,speaker000_1212,79,../data/LIP-RTVE/WAVs/speaker000/speaker000_1212.wav,../data/LIP-RTVE/ROIs/speaker000/speaker000_1212.npz,../data/LIP-RTVE/transcriptions/speaker000/speaker000_1212.txt,5,utf-8
818,LIP-RTVE,speaker000_1213,146,../data/LIP-RTVE/WAVs/speaker000/speaker000_1213.wav,../data/LIP-RTVE/ROIs/speaker000/speaker000_1213.npz,../data/LIP-RTVE/transcriptions/speaker000/speaker000_1213.txt,5,utf-8
819,LIP-RTVE,speaker000_1214,44,../data/LIP-RTVE/WAVs/speaker000/speaker000_1214.wav,../data/LIP-RTVE/ROIs/speaker000/speaker000_1214.npz,../data/LIP-RTVE/transcriptions/speaker000/speaker000_1214.txt,5,utf-8
820,LIP-RTVE,speaker000_1215,180,../data/LIP-RTVE/WAVs/speaker000/speaker000_1215.wav,../data/LIP-RTVE/ROIs/speaker000/speaker000_1215.npz,../data/LIP-RTVE/transcriptions/speaker000/speaker000_1215.txt,5,utf-8
821,LIP-RTVE,speaker000_1216,112,../data/LIP-RTVE/WAVs/speaker000/speaker000_1216.wav,../data/LIP-RTVE/ROIs/speaker000/speaker000_1216.npz,../data/LIP-RTVE/transcriptions/speaker000/speaker000_1216.txt,5,utf-8
822,LIP-RTVE,speaker000_1217,58,../data/LIP-RTVE/WAVs/speaker000/speaker000_1217.wav,../data/LIP-RTVE/ROIs/speaker000/speaker000_1217.npz,../data/LIP-RTVE/transcriptions/speaker000/speaker000_1217.txt,5,utf-8
823,LIP-RTVE,speaker000_1219,59,../data/LIP-RTVE/WAVs/speaker000/speaker000_1219.wav,../data/LIP-RTVE/ROIs/speaker000/speaker000_1219.npz,../data/LIP-RTVE/transcriptions/speaker000/speaker000_1219.txt,5,utf-8
824,LIP-RTVE,speaker000_1220,26,../data/LIP-RTVE/WAVs/speaker000/speaker000_1220.wav,../data/LIP-RTVE/ROIs/speaker000/speaker000_1220.npz,../data/LIP-RTVE/transcriptions/speaker000/speaker000_1220.txt,5,utf-8
825,LIP-RTVE,speaker000_1222,29,../data/LIP-RTVE/WAVs/speaker000/speaker000_1222.wav,../data/LIP-RTVE/ROIs/speaker000/speaker000_1222.npz,../data/LIP-RTVE/transcriptions/speaker000/speaker000_1222.txt,5,utf-8
826,LIP-RTVE,speaker000_1223,227,../data/LIP-RTVE/WAVs/speaker000/speaker000_1223.wav,../data/LIP-RTVE/ROIs/speaker000/speaker000_1223.npz,../data/LIP-RTVE/transcriptions/speaker000/speaker000_1223.txt,5,utf-8
827,LIP-RTVE,speaker000_1224,75,../data/LIP-RTVE/WAVs/speaker000/speaker000_1224.wav,../data/LIP-RTVE/ROIs/speaker000/speaker000_1224.npz,../data/LIP-RTVE/transcriptions/speaker000/speaker000_1224.txt,5,utf-8
828,LIP-RTVE,speaker000_1225,170,../data/LIP-RTVE/WAVs/speaker000/speaker000_1225.wav,../data/LIP-RTVE/ROIs/speaker000/speaker000_1225.npz,../data/LIP-RTVE/transcriptions/speaker000/speaker000_1225.txt,5,utf-8
829,LIP-RTVE,speaker000_1226,44,../data/LIP-RTVE/WAVs/speaker000/speaker000_1226.wav,../data/LIP-RTVE/ROIs/speaker000/speaker000_1226.npz,../data/LIP-RTVE/transcriptions/speaker000/speaker000_1226.txt,5,utf-8
830,LIP-RTVE,speaker000_1228,160,../data/LIP-RTVE/WAVs/speaker000/speaker000_1228.wav,../data/LIP-RTVE/ROIs/speaker000/speaker000_1228.npz,../data/LIP-RTVE/transcriptions/speaker000/speaker000_1228.txt,5,utf-8
831,LIP-RTVE,speaker000_1229,58,../data/LIP-RTVE/WAVs/speaker000/speaker000_1229.wav,../data/LIP-RTVE/ROIs/speaker000/speaker000_1229.npz,../data/LIP-RTVE/transcriptions/speaker000/speaker000_1229.txt,5,utf-8
832,LIP-RTVE,speaker000_1230,209,../data/LIP-RTVE/WAVs/speaker000/speaker000_1230.wav,../data/LIP-RTVE/ROIs/speaker000/speaker000_1230.npz,../data/LIP-RTVE/transcriptions/speaker000/speaker000_1230.txt,5,utf-8
833,LIP-RTVE,speaker000_1233,220,../data/LIP-RTVE/WAVs/speaker000/speaker000_1233.wav,../data/LIP-RTVE/ROIs/speaker000/speaker000_1233.npz,../data/LIP-RTVE/transcriptions/speaker000/speaker000_1233.txt,5,utf-8
834,LIP-RTVE,speaker000_1234,26,../data/LIP-RTVE/WAVs/speaker000/speaker000_1234.wav,../data/LIP-RTVE/ROIs/speaker000/speaker000_1234.npz,../data/LIP-RTVE/transcriptions/speaker000/speaker000_1234.txt,5,utf-8
835,LIP-RTVE,speaker000_1235,117,../data/LIP-RTVE/WAVs/speaker000/speaker000_1235.wav,../data/LIP-RTVE/ROIs/speaker000/speaker000_1235.npz,../data/LIP-RTVE/transcriptions/speaker000/speaker000_1235.txt,5,utf-8
836,LIP-RTVE,speaker000_1236,146,../data/LIP-RTVE/WAVs/speaker000/speaker000_1236.wav,../data/LIP-RTVE/ROIs/speaker000/speaker000_1236.npz,../data/LIP-RTVE/transcriptions/speaker000/speaker000_1236.txt,5,utf-8
837,LIP-RTVE,speaker000_1241,230,../data/LIP-RTVE/WAVs/speaker000/speaker000_1241.wav,../data/LIP-RTVE/ROIs/speaker000/speaker000_1241.npz,../data/LIP-RTVE/transcriptions/speaker000/speaker000_1241.txt,5,utf-8
838,LIP-RTVE,speaker000_1242,199,../data/LIP-RTVE/WAVs/speaker000/speaker000_1242.wav,../data/LIP-RTVE/ROIs/speaker000/speaker000_1242.npz,../data/LIP-RTVE/transcriptions/speaker000/speaker000_1242.txt,5,utf-8
839,LIP-RTVE,speaker000_1244,137,../data/LIP-RTVE/WAVs/speaker000/speaker000_1244.wav,../data/LIP-RTVE/ROIs/speaker000/speaker000_1244.npz,../data/LIP-RTVE/transcriptions/speaker000/speaker000_1244.txt,5,utf-8
840,LIP-RTVE,speaker000_1245,74,../data/LIP-RTVE/WAVs/speaker000/speaker000_1245.wav,../data/LIP-RTVE/ROIs/speaker000/speaker000_1245.npz,../data/LIP-RTVE/transcriptions/speaker000/speaker000_1245.txt,5,utf-8
841,LIP-RTVE,speaker000_1246,75,../data/LIP-RTVE/WAVs/speaker000/speaker000_1246.wav,../data/LIP-RTVE/ROIs/speaker000/speaker000_1246.npz,../data/LIP-RTVE/transcriptions/speaker000/speaker000_1246.txt,5,utf-8
842,LIP-RTVE,speaker000_1247,107,../data/LIP-RTVE/WAVs/speaker000/speaker000_1247.wav,../data/LIP-RTVE/ROIs/speaker000/speaker000_1247.npz,../data/LIP-RTVE/transcriptions/speaker000/speaker000_1247.txt,5,utf-8
843,LIP-RTVE,speaker000_1250,42,../data/LIP-RTVE/WAVs/speaker000/speaker000_1250.wav,../data/LIP-RTVE/ROIs/speaker000/speaker000_1250.npz,../data/LIP-RTVE/transcriptions/speaker000/speaker000_1250.txt,5,utf-8
844,LIP-RTVE,speaker000_1251,99,../data/LIP-RTVE/WAVs/speaker000/speaker000_1251.wav,../data/LIP-RTVE/ROIs/speaker000/speaker000_1251.npz,../data/LIP-RTVE/transcriptions/speaker000/speaker000_1251.txt,5,utf-8
845,LIP-RTVE,speaker000_1253,192,../data/LIP-RTVE/WAVs/speaker000/speaker000_1253.wav,../data/LIP-RTVE/ROIs/speaker000/speaker000_1253.npz,../data/LIP-RTVE/transcriptions/speaker000/speaker000_1253.txt,5,utf-8
846,LIP-RTVE,speaker000_1254,56,../data/LIP-RTVE/WAVs/speaker000/speaker000_1254.wav,../data/LIP-RTVE/ROIs/speaker000/speaker000_1254.npz,../data/LIP-RTVE/transcriptions/speaker000/speaker000_1254.txt,5,utf-8
847,LIP-RTVE,speaker000_1255,141,../data/LIP-RTVE/WAVs/speaker000/speaker000_1255.wav,../data/LIP-RTVE/ROIs/speaker000/speaker000_1255.npz,../data/LIP-RTVE/transcriptions/speaker000/speaker000_1255.txt,5,utf-8
848,LIP-RTVE,speaker000_1256,110,../data/LIP-RTVE/WAVs/speaker000/speaker000_1256.wav,../data/LIP-RTVE/ROIs/speaker000/speaker000_1256.npz,../data/LIP-RTVE/transcriptions/speaker000/speaker000_1256.txt,5,utf-8
849,LIP-RTVE,speaker000_1257,265,../data/LIP-RTVE/WAVs/speaker000/speaker000_1257.wav,../data/LIP-RTVE/ROIs/speaker000/speaker000_1257.npz,../data/LIP-RTVE/transcriptions/speaker000/speaker000_1257.txt,5,utf-8
850,LIP-RTVE,speaker000_1259,51,../data/LIP-RTVE/WAVs/speaker000/speaker000_1259.wav,../data/LIP-RTVE/ROIs/speaker000/speaker000_1259.npz,../data/LIP-RTVE/transcriptions/speaker000/speaker000_1259.txt,5,utf-8
851,LIP-RTVE,speaker000_1260,136,../data/LIP-RTVE/WAVs/speaker000/speaker000_1260.wav,../data/LIP-RTVE/ROIs/speaker000/speaker000_1260.npz,../data/LIP-RTVE/transcriptions/speaker000/speaker000_1260.txt,5,utf-8
852,LIP-RTVE,speaker000_1261,231,../data/LIP-RTVE/WAVs/speaker000/speaker000_1261.wav,../data/LIP-RTVE/ROIs/speaker000/speaker000_1261.npz,../data/LIP-RTVE/transcriptions/speaker000/speaker000_1261.txt,5,utf-8
853,LIP-RTVE,speaker000_1262,124,../data/LIP-RTVE/WAVs/speaker000/speaker000_1262.wav,../data/LIP-RTVE/ROIs/speaker000/speaker000_1262.npz,../data/LIP-RTVE/transcriptions/speaker000/speaker000_1262.txt,5,utf-8
854,LIP-RTVE,speaker000_1263,236,../data/LIP-RTVE/WAVs/speaker000/speaker000_1263.wav,../data/LIP-RTVE/ROIs/speaker000/speaker000_1263.npz,../data/LIP-RTVE/transcriptions/speaker000/speaker000_1263.txt,5,utf-8
855,LIP-RTVE,speaker000_1264,76,../data/LIP-RTVE/WAVs/speaker000/speaker000_1264.wav,../data/LIP-RTVE/ROIs/speaker000/speaker000_1264.npz,../data/LIP-RTVE/transcriptions/speaker000/speaker000_1264.txt,5,utf-8
856,LIP-RTVE,speaker000_1266,26,../data/LIP-RTVE/WAVs/speaker000/speaker000_1266.wav,../data/LIP-RTVE/ROIs/speaker000/speaker000_1266.npz,../data/LIP-RTVE/transcriptions/speaker000/speaker000_1266.txt,5,utf-8
857,LIP-RTVE,speaker000_1268,201,../data/LIP-RTVE/WAVs/speaker000/speaker000_1268.wav,../data/LIP-RTVE/ROIs/speaker000/speaker000_1268.npz,../data/LIP-RTVE/transcriptions/speaker000/speaker000_1268.txt,5,utf-8
858,LIP-RTVE,speaker000_1269,104,../data/LIP-RTVE/WAVs/speaker000/speaker000_1269.wav,../data/LIP-RTVE/ROIs/speaker000/speaker000_1269.npz,../data/LIP-RTVE/transcriptions/speaker000/speaker000_1269.txt,5,utf-8
859,LIP-RTVE,speaker000_1271,99,../data/LIP-RTVE/WAVs/speaker000/speaker000_1271.wav,../data/LIP-RTVE/ROIs/speaker000/speaker000_1271.npz,../data/LIP-RTVE/transcriptions/speaker000/speaker000_1271.txt,5,utf-8
860,LIP-RTVE,speaker000_1272,46,../data/LIP-RTVE/WAVs/speaker000/speaker000_1272.wav,../data/LIP-RTVE/ROIs/speaker000/speaker000_1272.npz,../data/LIP-RTVE/transcriptions/speaker000/speaker000_1272.txt,5,utf-8
861,LIP-RTVE,speaker000_1273,181,../data/LIP-RTVE/WAVs/speaker000/speaker000_1273.wav,../data/LIP-RTVE/ROIs/speaker000/speaker000_1273.npz,../data/LIP-RTVE/transcriptions/speaker000/speaker000_1273.txt,5,utf-8
862,LIP-RTVE,speaker000_1274,46,../data/LIP-RTVE/WAVs/speaker000/speaker000_1274.wav,../data/LIP-RTVE/ROIs/speaker000/speaker000_1274.npz,../data/LIP-RTVE/transcriptions/speaker000/speaker000_1274.txt,5,utf-8
863,LIP-RTVE,speaker000_1276,114,../data/LIP-RTVE/WAVs/speaker000/speaker000_1276.wav,../data/LIP-RTVE/ROIs/speaker000/speaker000_1276.npz,../data/LIP-RTVE/transcriptions/speaker000/speaker000_1276.txt,5,utf-8
864,LIP-RTVE,speaker000_1277,60,../data/LIP-RTVE/WAVs/speaker000/speaker000_1277.wav,../data/LIP-RTVE/ROIs/speaker000/speaker000_1277.npz,../data/LIP-RTVE/transcriptions/speaker000/speaker000_1277.txt,5,utf-8
865,LIP-RTVE,speaker000_1278,108,../data/LIP-RTVE/WAVs/speaker000/speaker000_1278.wav,../data/LIP-RTVE/ROIs/speaker000/speaker000_1278.npz,../data/LIP-RTVE/transcriptions/speaker000/speaker000_1278.txt,5,utf-8
866,LIP-RTVE,speaker000_1279,228,../data/LIP-RTVE/WAVs/speaker000/speaker000_1279.wav,../data/LIP-RTVE/ROIs/speaker000/speaker000_1279.npz,../data/LIP-RTVE/transcriptions/speaker000/speaker000_1279.txt,5,utf-8
867,LIP-RTVE,speaker000_1280,118,../data/LIP-RTVE/WAVs/speaker000/speaker000_1280.wav,../data/LIP-RTVE/ROIs/speaker000/speaker000_1280.npz,../data/LIP-RTVE/transcriptions/speaker000/speaker000_1280.txt,5,utf-8
868,LIP-RTVE,speaker000_1281,205,../data/LIP-RTVE/WAVs/speaker000/speaker000_1281.wav,../data/LIP-RTVE/ROIs/speaker000/speaker000_1281.npz,../data/LIP-RTVE/transcriptions/speaker000/speaker000_1281.txt,5,utf-8
869,LIP-RTVE,speaker000_1282,89,../data/LIP-RTVE/WAVs/speaker000/speaker000_1282.wav,../data/LIP-RTVE/ROIs/speaker000/speaker000_1282.npz,../data/LIP-RTVE/transcriptions/speaker000/speaker000_1282.txt,5,utf-8
870,LIP-RTVE,speaker000_1283,43,../data/LIP-RTVE/WAVs/speaker000/speaker000_1283.wav,../data/LIP-RTVE/ROIs/speaker000/speaker000_1283.npz,../data/LIP-RTVE/transcriptions/speaker000/speaker000_1283.txt,5,utf-8
871,LIP-RTVE,speaker000_1284,150,../data/LIP-RTVE/WAVs/speaker000/speaker000_1284.wav,../data/LIP-RTVE/ROIs/speaker000/speaker000_1284.npz,../data/LIP-RTVE/transcriptions/speaker000/speaker000_1284.txt,5,utf-8
872,LIP-RTVE,speaker000_1285,68,../data/LIP-RTVE/WAVs/speaker000/speaker000_1285.wav,../data/LIP-RTVE/ROIs/speaker000/speaker000_1285.npz,../data/LIP-RTVE/transcriptions/speaker000/speaker000_1285.txt,5,utf-8
873,LIP-RTVE,speaker000_1286,252,../data/LIP-RTVE/WAVs/speaker000/speaker000_1286.wav,../data/LIP-RTVE/ROIs/speaker000/speaker000_1286.npz,../data/LIP-RTVE/transcriptions/speaker000/speaker000_1286.txt,5,utf-8
874,LIP-RTVE,speaker000_1289,86,../data/LIP-RTVE/WAVs/speaker000/speaker000_1289.wav,../data/LIP-RTVE/ROIs/speaker000/speaker000_1289.npz,../data/LIP-RTVE/transcriptions/speaker000/speaker000_1289.txt,5,utf-8
875,LIP-RTVE,speaker000_1290,122,../data/LIP-RTVE/WAVs/speaker000/speaker000_1290.wav,../data/LIP-RTVE/ROIs/speaker000/speaker000_1290.npz,../data/LIP-RTVE/transcriptions/speaker000/speaker000_1290.txt,5,utf-8
876,LIP-RTVE,speaker000_1293,59,../data/LIP-RTVE/WAVs/speaker000/speaker000_1293.wav,../data/LIP-RTVE/ROIs/speaker000/speaker000_1293.npz,../data/LIP-RTVE/transcriptions/speaker000/speaker000_1293.txt,5,utf-8
877,LIP-RTVE,speaker000_1294,75,../data/LIP-RTVE/WAVs/speaker000/speaker000_1294.wav,../data/LIP-RTVE/ROIs/speaker000/speaker000_1294.npz,../data/LIP-RTVE/transcriptions/speaker000/speaker000_1294.txt,5,utf-8
878,LIP-RTVE,speaker000_1297,32,../data/LIP-RTVE/WAVs/speaker000/speaker000_1297.wav,../data/LIP-RTVE/ROIs/speaker000/speaker000_1297.npz,../data/LIP-RTVE/transcriptions/speaker000/speaker000_1297.txt,5,utf-8
879,LIP-RTVE,speaker000_1300,35,../data/LIP-RTVE/WAVs/speaker000/speaker000_1300.wav,../data/LIP-RTVE/ROIs/speaker000/speaker000_1300.npz,../data/LIP-RTVE/transcriptions/speaker000/speaker000_1300.txt,5,utf-8
880,LIP-RTVE,speaker000_1301,44,../data/LIP-RTVE/WAVs/speaker000/speaker000_1301.wav,../data/LIP-RTVE/ROIs/speaker000/speaker000_1301.npz,../data/LIP-RTVE/transcriptions/speaker000/speaker000_1301.txt,5,utf-8
881,LIP-RTVE,speaker000_1304,181,../data/LIP-RTVE/WAVs/speaker000/speaker000_1304.wav,../data/LIP-RTVE/ROIs/speaker000/speaker000_1304.npz,../data/LIP-RTVE/transcriptions/speaker000/speaker000_1304.txt,5,utf-8
882,LIP-RTVE,speaker000_1306,72,../data/LIP-RTVE/WAVs/speaker000/speaker000_1306.wav,../data/LIP-RTVE/ROIs/speaker000/speaker000_1306.npz,../data/LIP-RTVE/transcriptions/speaker000/speaker000_1306.txt,5,utf-8
883,LIP-RTVE,speaker000_1307,174,../data/LIP-RTVE/WAVs/speaker000/speaker000_1307.wav,../data/LIP-RTVE/ROIs/speaker000/speaker000_1307.npz,../data/LIP-RTVE/transcriptions/speaker000/speaker000_1307.txt,5,utf-8
884,LIP-RTVE,speaker000_1308,78,../data/LIP-RTVE/WAVs/speaker000/speaker000_1308.wav,../data/LIP-RTVE/ROIs/speaker000/speaker000_1308.npz,../data/LIP-RTVE/transcriptions/speaker000/speaker000_1308.txt,5,utf-8
885,LIP-RTVE,speaker000_1309,92,../data/LIP-RTVE/WAVs/speaker000/speaker000_1309.wav,../data/LIP-RTVE/ROIs/speaker000/speaker000_1309.npz,../data/LIP-RTVE/transcriptions/speaker000/speaker000_1309.txt,5,utf-8
886,LIP-RTVE,speaker000_1311,215,../data/LIP-RTVE/WAVs/speaker000/speaker000_1311.wav,../data/LIP-RTVE/ROIs/speaker000/speaker000_1311.npz,../data/LIP-RTVE/transcriptions/speaker000/speaker000_1311.txt,5,utf-8
887,LIP-RTVE,speaker000_1312,84,../data/LIP-RTVE/WAVs/speaker000/speaker000_1312.wav,../data/LIP-RTVE/ROIs/speaker000/speaker000_1312.npz,../data/LIP-RTVE/transcriptions/speaker000/speaker000_1312.txt,5,utf-8
888,LIP-RTVE,speaker000_1313,110,../data/LIP-RTVE/WAVs/speaker000/speaker000_1313.wav,../data/LIP-RTVE/ROIs/speaker000/speaker000_1313.npz,../data/LIP-RTVE/transcriptions/speaker000/speaker000_1313.txt,5,utf-8
889,LIP-RTVE,speaker000_1316,84,../data/LIP-RTVE/WAVs/speaker000/speaker000_1316.wav,../data/LIP-RTVE/ROIs/speaker000/speaker000_1316.npz,../data/LIP-RTVE/transcriptions/speaker000/speaker000_1316.txt,5,utf-8
890,LIP-RTVE,speaker000_1317,43,../data/LIP-RTVE/WAVs/speaker000/speaker000_1317.wav,../data/LIP-RTVE/ROIs/speaker000/speaker000_1317.npz,../data/LIP-RTVE/transcriptions/speaker000/speaker000_1317.txt,5,utf-8
891,LIP-RTVE,speaker000_1320,54,../data/LIP-RTVE/WAVs/speaker000/speaker000_1320.wav,../data/LIP-RTVE/ROIs/speaker000/speaker000_1320.npz,../data/LIP-RTVE/transcriptions/speaker000/speaker000_1320.txt,5,utf-8
892,LIP-RTVE,speaker000_1321,87,../data/LIP-RTVE/WAVs/speaker000/speaker000_1321.wav,../data/LIP-RTVE/ROIs/speaker000/speaker000_1321.npz,../data/LIP-RTVE/transcriptions/speaker000/speaker000_1321.txt,5,utf-8
893,LIP-RTVE,speaker000_1323,179,../data/LIP-RTVE/WAVs/speaker000/speaker000_1323.wav,../data/LIP-RTVE/ROIs/speaker000/speaker000_1323.npz,../data/LIP-RTVE/transcriptions/speaker000/speaker000_1323.txt,5,utf-8
894,LIP-RTVE,speaker000_1324,92,../data/LIP-RTVE/WAVs/speaker000/speaker000_1324.wav,../data/LIP-RTVE/ROIs/speaker000/speaker000_1324.npz,../data/LIP-RTVE/transcriptions/speaker000/speaker000_1324.txt,5,utf-8
895,LIP-RTVE,speaker000_1325,143,../data/LIP-RTVE/WAVs/speaker000/speaker000_1325.wav,../data/LIP-RTVE/ROIs/speaker000/speaker000_1325.npz,../data/LIP-RTVE/transcriptions/speaker000/speaker000_1325.txt,5,utf-8
896,LIP-RTVE,speaker000_1326,141,../data/LIP-RTVE/WAVs/speaker000/speaker000_1326.wav,../data/LIP-RTVE/ROIs/speaker000/speaker000_1326.npz,../data/LIP-RTVE/transcriptions/speaker000/speaker000_1326.txt,5,utf-8
897,LIP-RTVE,speaker000_1327,125,../data/LIP-RTVE/WAVs/speaker000/speaker000_1327.wav,../data/LIP-RTVE/ROIs/speaker000/speaker000_1327.npz,../data/LIP-RTVE/transcriptions/speaker000/speaker000_1327.txt,5,utf-8
898,LIP-RTVE,speaker000_1328,229,../data/LIP-RTVE/WAVs/speaker000/speaker000_1328.wav,../data/LIP-RTVE/ROIs/speaker000/speaker000_1328.npz,../data/LIP-RTVE/transcriptions/speaker000/speaker000_1328.txt,5,utf-8
899,LIP-RTVE,speaker000_1329,79,../data/LIP-RTVE/WAVs/speaker000/speaker000_1329.wav,../data/LIP-RTVE/ROIs/speaker000/speaker000_1329.npz,../data/LIP-RTVE/transcriptions/speaker000/speaker000_1329.txt,5,utf-8
900,LIP-RTVE,speaker000_1330,166,../data/LIP-RTVE/WAVs/speaker000/speaker000_1330.wav,../data/LIP-RTVE/ROIs/speaker000/speaker000_1330.npz,../data/LIP-RTVE/transcriptions/speaker000/speaker000_1330.txt,5,utf-8
901,LIP-RTVE,speaker000_1332,74,../data/LIP-RTVE/WAVs/speaker000/speaker000_1332.wav,../data/LIP-RTVE/ROIs/speaker000/speaker000_1332.npz,../data/LIP-RTVE/transcriptions/speaker000/speaker000_1332.txt,5,utf-8
902,LIP-RTVE,speaker000_1335,64,../data/LIP-RTVE/WAVs/speaker000/speaker000_1335.wav,../data/LIP-RTVE/ROIs/speaker000/speaker000_1335.npz,../data/LIP-RTVE/transcriptions/speaker000/speaker000_1335.txt,5,utf-8
903,LIP-RTVE,speaker000_1336,32,../data/LIP-RTVE/WAVs/speaker000/speaker000_1336.wav,../data/LIP-RTVE/ROIs/speaker000/speaker000_1336.npz,../data/LIP-RTVE/transcriptions/speaker000/speaker000_1336.txt,5,utf-8
904,LIP-RTVE,speaker000_1338,109,../data/LIP-RTVE/WAVs/speaker000/speaker000_1338.wav,../data/LIP-RTVE/ROIs/speaker000/speaker000_1338.npz,../data/LIP-RTVE/transcriptions/speaker000/speaker000_1338.txt,5,utf-8
905,LIP-RTVE,speaker000_1339,58,../data/LIP-RTVE/WAVs/speaker000/speaker000_1339.wav,../data/LIP-RTVE/ROIs/speaker000/speaker000_1339.npz,../data/LIP-RTVE/transcriptions/speaker000/speaker000_1339.txt,5,utf-8
906,LIP-RTVE,speaker000_1341,137,../data/LIP-RTVE/WAVs/speaker000/speaker000_1341.wav,../data/LIP-RTVE/ROIs/speaker000/speaker000_1341.npz,../data/LIP-RTVE/transcriptions/speaker000/speaker000_1341.txt,5,utf-8
907,LIP-RTVE,speaker000_1343,157,../data/LIP-RTVE/WAVs/speaker000/speaker000_1343.wav,../data/LIP-RTVE/ROIs/speaker000/speaker000_1343.npz,../data/LIP-RTVE/transcriptions/speaker000/speaker000_1343.txt,5,utf-8
908,LIP-RTVE,speaker000_1344,38,../data/LIP-RTVE/WAVs/speaker000/speaker000_1344.wav,../data/LIP-RTVE/ROIs/speaker000/speaker000_1344.npz,../data/LIP-RTVE/transcriptions/speaker000/speaker000_1344.txt,5,utf-8
909,LIP-RTVE,speaker000_1345,122,../data/LIP-RTVE/WAVs/speaker000/speaker000_1345.wav,../data/LIP-RTVE/ROIs/speaker000/speaker000_1345.npz,../data/LIP-RTVE/transcriptions/speaker000/speaker000_1345.txt,5,utf-8
910,LIP-RTVE,speaker000_1347,156,../data/LIP-RTVE/WAVs/speaker000/speaker000_1347.wav,../data/LIP-RTVE/ROIs/speaker000/speaker000_1347.npz,../data/LIP-RTVE/transcriptions/speaker000/speaker000_1347.txt,5,utf-8
911,LIP-RTVE,speaker000_1348,69,../data/LIP-RTVE/WAVs/speaker000/speaker000_1348.wav,../data/LIP-RTVE/ROIs/speaker000/speaker000_1348.npz,../data/LIP-RTVE/transcriptions/speaker000/speaker000_1348.txt,5,utf-8
912,LIP-RTVE,speaker000_1349,55,../data/LIP-RTVE/WAVs/speaker000/speaker000_1349.wav,../data/LIP-RTVE/ROIs/speaker000/speaker000_1349.npz,../data/LIP-RTVE/transcriptions/speaker000/speaker000_1349.txt,5,utf-8
913,LIP-RTVE,speaker000_1350,102,../data/LIP-RTVE/WAVs/speaker000/speaker000_1350.wav,../data/LIP-RTVE/ROIs/speaker000/speaker000_1350.npz,../data/LIP-RTVE/transcriptions/speaker000/speaker000_1350.txt,5,utf-8
914,LIP-RTVE,speaker000_1351,210,../data/LIP-RTVE/WAVs/speaker000/speaker000_1351.wav,../data/LIP-RTVE/ROIs/speaker000/speaker000_1351.npz,../data/LIP-RTVE/transcriptions/speaker000/speaker000_1351.txt,5,utf-8
915,LIP-RTVE,speaker000_1352,110,../data/LIP-RTVE/WAVs/speaker000/speaker000_1352.wav,../data/LIP-RTVE/ROIs/speaker000/speaker000_1352.npz,../data/LIP-RTVE/transcriptions/speaker000/speaker000_1352.txt,5,utf-8
916,LIP-RTVE,speaker000_1353,212,../data/LIP-RTVE/WAVs/speaker000/speaker000_1353.wav,../data/LIP-RTVE/ROIs/speaker000/speaker000_1353.npz,../data/LIP-RTVE/transcriptions/speaker000/speaker000_1353.txt,5,utf-8
917,LIP-RTVE,speaker000_1355,151,../data/LIP-RTVE/WAVs/speaker000/speaker000_1355.wav,../data/LIP-RTVE/ROIs/speaker000/speaker000_1355.npz,../data/LIP-RTVE/transcriptions/speaker000/speaker000_1355.txt,5,utf-8
918,LIP-RTVE,speaker000_1357,196,../data/LIP-RTVE/WAVs/speaker000/speaker000_1357.wav,../data/LIP-RTVE/ROIs/speaker000/speaker000_1357.npz,../data/LIP-RTVE/transcriptions/speaker000/speaker000_1357.txt,5,utf-8
919,LIP-RTVE,speaker000_1359,79,../data/LIP-RTVE/WAVs/speaker000/speaker000_1359.wav,../data/LIP-RTVE/ROIs/speaker000/speaker000_1359.npz,../data/LIP-RTVE/transcriptions/speaker000/speaker000_1359.txt,5,utf-8
920,LIP-RTVE,speaker000_1360,191,../data/LIP-RTVE/WAVs/speaker000/speaker000_1360.wav,../data/LIP-RTVE/ROIs/speaker000/speaker000_1360.npz,../data/LIP-RTVE/transcriptions/speaker000/speaker000_1360.txt,5,utf-8
921,LIP-RTVE,speaker000_1362,125,../data/LIP-RTVE/WAVs/speaker000/speaker000_1362.wav,../data/LIP-RTVE/ROIs/speaker000/speaker000_1362.npz,../data/LIP-RTVE/transcriptions/speaker000/speaker000_1362.txt,5,utf-8
922,LIP-RTVE,speaker000_1363,110,../data/LIP-RTVE/WAVs/speaker000/speaker000_1363.wav,../data/LIP-RTVE/ROIs/speaker000/speaker000_1363.npz,../data/LIP-RTVE/transcriptions/speaker000/speaker000_1363.txt,5,utf-8
923,LIP-RTVE,speaker000_1366,38,../data/LIP-RTVE/WAVs/speaker000/speaker000_1366.wav,../data/LIP-RTVE/ROIs/speaker000/speaker000_1366.npz,../data/LIP-RTVE/transcriptions/speaker000/speaker000_1366.txt,5,utf-8
924,LIP-RTVE,speaker000_1368,54,../data/LIP-RTVE/WAVs/speaker000/speaker000_1368.wav,../data/LIP-RTVE/ROIs/speaker000/speaker000_1368.npz,../data/LIP-RTVE/transcriptions/speaker000/speaker000_1368.txt,5,utf-8
925,LIP-RTVE,speaker000_1369,88,../data/LIP-RTVE/WAVs/speaker000/speaker000_1369.wav,../data/LIP-RTVE/ROIs/speaker000/speaker000_1369.npz,../data/LIP-RTVE/transcriptions/speaker000/speaker000_1369.txt,5,utf-8
926,LIP-RTVE,speaker000_1371,52,../data/LIP-RTVE/WAVs/speaker000/speaker000_1371.wav,../data/LIP-RTVE/ROIs/speaker000/speaker000_1371.npz,../data/LIP-RTVE/transcriptions/speaker000/speaker000_1371.txt,5,utf-8
927,LIP-RTVE,speaker000_1372,198,../data/LIP-RTVE/WAVs/speaker000/speaker000_1372.wav,../data/LIP-RTVE/ROIs/speaker000/speaker000_1372.npz,../data/LIP-RTVE/transcriptions/speaker000/speaker000_1372.txt,5,utf-8
928,LIP-RTVE,speaker000_1373,120,../data/LIP-RTVE/WAVs/speaker000/speaker000_1373.wav,../data/LIP-RTVE/ROIs/speaker000/speaker000_1373.npz,../data/LIP-RTVE/transcriptions/speaker000/speaker000_1373.txt,5,utf-8
929,LIP-RTVE,speaker000_1378,57,../data/LIP-RTVE/WAVs/speaker000/speaker000_1378.wav,../data/LIP-RTVE/ROIs/speaker000/speaker000_1378.npz,../data/LIP-RTVE/transcriptions/speaker000/speaker000_1378.txt,5,utf-8
930,LIP-RTVE,speaker000_1380,135,../data/LIP-RTVE/WAVs/speaker000/speaker000_1380.wav,../data/LIP-RTVE/ROIs/speaker000/speaker000_1380.npz,../data/LIP-RTVE/transcriptions/speaker000/speaker000_1380.txt,5,utf-8
931,LIP-RTVE,speaker000_1381,189,../data/LIP-RTVE/WAVs/speaker000/speaker000_1381.wav,../data/LIP-RTVE/ROIs/speaker000/speaker000_1381.npz,../data/LIP-RTVE/transcriptions/speaker000/speaker000_1381.txt,5,utf-8
932,LIP-RTVE,speaker000_1383,121,../data/LIP-RTVE/WAVs/speaker000/speaker000_1383.wav,../data/LIP-RTVE/ROIs/speaker000/speaker000_1383.npz,../data/LIP-RTVE/transcriptions/speaker000/speaker000_1383.txt,5,utf-8
933,LIP-RTVE,speaker000_1385,91,../data/LIP-RTVE/WAVs/speaker000/speaker000_1385.wav,../data/LIP-RTVE/ROIs/speaker000/speaker000_1385.npz,../data/LIP-RTVE/transcriptions/speaker000/speaker000_1385.txt,5,utf-8
934,LIP-RTVE,speaker000_1386,247,../data/LIP-RTVE/WAVs/speaker000/speaker000_1386.wav,../data/LIP-RTVE/ROIs/speaker000/speaker000_1386.npz,../data/LIP-RTVE/transcriptions/speaker000/speaker000_1386.txt,5,utf-8
935,LIP-RTVE,speaker000_1387,55,../data/LIP-RTVE/WAVs/speaker000/speaker000_1387.wav,../data/LIP-RTVE/ROIs/speaker000/speaker000_1387.npz,../data/LIP-RTVE/transcriptions/speaker000/speaker000_1387.txt,5,utf-8
936,LIP-RTVE,speaker000_1388,30,../data/LIP-RTVE/WAVs/speaker000/speaker000_1388.wav,../data/LIP-RTVE/ROIs/speaker000/speaker000_1388.npz,../data/LIP-RTVE/transcriptions/speaker000/speaker000_1388.txt,5,utf-8
937,LIP-RTVE,speaker000_1390,79,../data/LIP-RTVE/WAVs/speaker000/speaker000_1390.wav,../data/LIP-RTVE/ROIs/speaker000/speaker000_1390.npz,../data/LIP-RTVE/transcriptions/speaker000/speaker000_1390.txt,5,utf-8
938,LIP-RTVE,speaker000_1393,65,../data/LIP-RTVE/WAVs/speaker000/speaker000_1393.wav,../data/LIP-RTVE/ROIs/speaker000/speaker000_1393.npz,../data/LIP-RTVE/transcriptions/speaker000/speaker000_1393.txt,5,utf-8
939,LIP-RTVE,speaker000_1394,142,../data/LIP-RTVE/WAVs/speaker000/speaker000_1394.wav,../data/LIP-RTVE/ROIs/speaker000/speaker000_1394.npz,../data/LIP-RTVE/transcriptions/speaker000/speaker000_1394.txt,5,utf-8
940,LIP-RTVE,speaker000_1395,51,../data/LIP-RTVE/WAVs/speaker000/speaker000_1395.wav,../data/LIP-RTVE/ROIs/speaker000/speaker000_1395.npz,../data/LIP-RTVE/transcriptions/speaker000/speaker000_1395.txt,5,utf-8
941,LIP-RTVE,speaker000_1397,155,../data/LIP-RTVE/WAVs/speaker000/speaker000_1397.wav,../data/LIP-RTVE/ROIs/speaker000/speaker000_1397.npz,../data/LIP-RTVE/transcriptions/speaker000/speaker000_1397.txt,5,utf-8
942,LIP-RTVE,speaker000_1398,111,../data/LIP-RTVE/WAVs/speaker000/speaker000_1398.wav,../data/LIP-RTVE/ROIs/speaker000/speaker000_1398.npz,../data/LIP-RTVE/transcriptions/speaker000/speaker000_1398.txt,5,utf-8
943,LIP-RTVE,speaker000_1399,58,../data/LIP-RTVE/WAVs/speaker000/speaker000_1399.wav,../data/LIP-RTVE/ROIs/speaker000/speaker000_1399.npz,../data/LIP-RTVE/transcriptions/speaker000/speaker000_1399.txt,5,utf-8
944,LIP-RTVE,speaker000_1400,122,../data/LIP-RTVE/WAVs/speaker000/speaker000_1400.wav,../data/LIP-RTVE/ROIs/speaker000/speaker000_1400.npz,../data/LIP-RTVE/transcriptions/speaker000/speaker000_1400.txt,5,utf-8
945,LIP-RTVE,speaker000_1401,41,../data/LIP-RTVE/WAVs/speaker000/speaker000_1401.wav,../data/LIP-RTVE/ROIs/speaker000/speaker000_1401.npz,../data/LIP-RTVE/transcriptions/speaker000/speaker000_1401.txt,5,utf-8
946,LIP-RTVE,speaker000_1403,75,../data/LIP-RTVE/WAVs/speaker000/speaker000_1403.wav,../data/LIP-RTVE/ROIs/speaker000/speaker000_1403.npz,../data/LIP-RTVE/transcriptions/speaker000/speaker000_1403.txt,5,utf-8
947,LIP-RTVE,speaker000_1404,86,../data/LIP-RTVE/WAVs/speaker000/speaker000_1404.wav,../data/LIP-RTVE/ROIs/speaker000/speaker000_1404.npz,../data/LIP-RTVE/transcriptions/speaker000/speaker000_1404.txt,5,utf-8
948,LIP-RTVE,speaker000_1405,261,../data/LIP-RTVE/WAVs/speaker000/speaker000_1405.wav,../data/LIP-RTVE/ROIs/speaker000/speaker000_1405.npz,../data/LIP-RTVE/transcriptions/speaker000/speaker000_1405.txt,5,utf-8
949,LIP-RTVE,speaker000_1406,210,../data/LIP-RTVE/WAVs/speaker000/speaker000_1406.wav,../data/LIP-RTVE/ROIs/speaker000/speaker000_1406.npz,../data/LIP-RTVE/transcriptions/speaker000/speaker000_1406.txt,5,utf-8
950,LIP-RTVE,speaker000_1407,129,../data/LIP-RTVE/WAVs/speaker000/speaker000_1407.wav,../data/LIP-RTVE/ROIs/speaker000/speaker000_1407.npz,../data/LIP-RTVE/transcriptions/speaker000/speaker000_1407.txt,5,utf-8
951,LIP-RTVE,speaker000_1408,102,../data/LIP-RTVE/WAVs/speaker000/speaker000_1408.wav,../data/LIP-RTVE/ROIs/speaker000/speaker000_1408.npz,../data/LIP-RTVE/transcriptions/speaker000/speaker000_1408.txt,5,utf-8
952,LIP-RTVE,speaker000_1409,100,../data/LIP-RTVE/WAVs/speaker000/speaker000_1409.wav,../data/LIP-RTVE/ROIs/speaker000/speaker000_1409.npz,../data/LIP-RTVE/transcriptions/speaker000/speaker000_1409.txt,5,utf-8
953,LIP-RTVE,speaker000_1410,61,../data/LIP-RTVE/WAVs/speaker000/speaker000_1410.wav,../data/LIP-RTVE/ROIs/speaker000/speaker000_1410.npz,../data/LIP-RTVE/transcriptions/speaker000/speaker000_1410.txt,5,utf-8
954,LIP-RTVE,speaker000_1411,105,../data/LIP-RTVE/WAVs/speaker000/speaker000_1411.wav,../data/LIP-RTVE/ROIs/speaker000/speaker000_1411.npz,../data/LIP-RTVE/transcriptions/speaker000/speaker000_1411.txt,5,utf-8
955,LIP-RTVE,speaker000_1412,182,../data/LIP-RTVE/WAVs/speaker000/speaker000_1412.wav,../data/LIP-RTVE/ROIs/speaker000/speaker000_1412.npz,../data/LIP-RTVE/transcriptions/speaker000/speaker000_1412.txt,5,utf-8
956,LIP-RTVE,speaker000_1415,181,../data/LIP-RTVE/WAVs/speaker000/speaker000_1415.wav,../data/LIP-RTVE/ROIs/speaker000/speaker000_1415.npz,../data/LIP-RTVE/transcriptions/speaker000/speaker000_1415.txt,5,utf-8
957,LIP-RTVE,speaker000_1416,105,../data/LIP-RTVE/WAVs/speaker000/speaker000_1416.wav,../data/LIP-RTVE/ROIs/speaker000/speaker000_1416.npz,../data/LIP-RTVE/transcriptions/speaker000/speaker000_1416.txt,5,utf-8
958,LIP-RTVE,speaker000_1418,45,../data/LIP-RTVE/WAVs/speaker000/speaker000_1418.wav,../data/LIP-RTVE/ROIs/speaker000/speaker000_1418.npz,../data/LIP-RTVE/transcriptions/speaker000/speaker000_1418.txt,5,utf-8
959,LIP-RTVE,speaker000_1421,58,../data/LIP-RTVE/WAVs/speaker000/speaker000_1421.wav,../data/LIP-RTVE/ROIs/speaker000/speaker000_1421.npz,../data/LIP-RTVE/transcriptions/speaker000/speaker000_1421.txt,5,utf-8
960,LIP-RTVE,speaker000_1422,134,../data/LIP-RTVE/WAVs/speaker000/speaker000_1422.wav,../data/LIP-RTVE/ROIs/speaker000/speaker000_1422.npz,../data/LIP-RTVE/transcriptions/speaker000/speaker000_1422.txt,5,utf-8
961,LIP-RTVE,speaker000_1423,82,../data/LIP-RTVE/WAVs/speaker000/speaker000_1423.wav,../data/LIP-RTVE/ROIs/speaker000/speaker000_1423.npz,../data/LIP-RTVE/transcriptions/speaker000/speaker000_1423.txt,5,utf-8
962,LIP-RTVE,speaker000_1424,97,../data/LIP-RTVE/WAVs/speaker000/speaker000_1424.wav,../data/LIP-RTVE/ROIs/speaker000/speaker000_1424.npz,../data/LIP-RTVE/transcriptions/speaker000/speaker000_1424.txt,5,utf-8
963,LIP-RTVE,speaker000_1425,87,../data/LIP-RTVE/WAVs/speaker000/speaker000_1425.wav,../data/LIP-RTVE/ROIs/speaker000/speaker000_1425.npz,../data/LIP-RTVE/transcriptions/speaker000/speaker000_1425.txt,5,utf-8
964,LIP-RTVE,speaker000_1428,221,../data/LIP-RTVE/WAVs/speaker000/speaker000_1428.wav,../data/LIP-RTVE/ROIs/speaker000/speaker000_1428.npz,../data/LIP-RTVE/transcriptions/speaker000/speaker000_1428.txt,5,utf-8
965,LIP-RTVE,speaker000_1429,99,../data/LIP-RTVE/WAVs/speaker000/speaker000_1429.wav,../data/LIP-RTVE/ROIs/speaker000/speaker000_1429.npz,../data/LIP-RTVE/transcriptions/speaker000/speaker000_1429.txt,5,utf-8
966,LIP-RTVE,speaker000_1430,168,../data/LIP-RTVE/WAVs/speaker000/speaker000_1430.wav,../data/LIP-RTVE/ROIs/speaker000/speaker000_1430.npz,../data/LIP-RTVE/transcriptions/speaker000/speaker000_1430.txt,5,utf-8
967,LIP-RTVE,speaker000_1431,71,../data/LIP-RTVE/WAVs/speaker000/speaker000_1431.wav,../data/LIP-RTVE/ROIs/speaker000/speaker000_1431.npz,../data/LIP-RTVE/transcriptions/speaker000/speaker000_1431.txt,5,utf-8
968,LIP-RTVE,speaker000_1432,41,../data/LIP-RTVE/WAVs/speaker000/speaker000_1432.wav,../data/LIP-RTVE/ROIs/speaker000/speaker000_1432.npz,../data/LIP-RTVE/transcriptions/speaker000/speaker000_1432.txt,5,utf-8
969,LIP-RTVE,speaker000_1433,122,../data/LIP-RTVE/WAVs/speaker000/speaker000_1433.wav,../data/LIP-RTVE/ROIs/speaker000/speaker000_1433.npz,../data/LIP-RTVE/transcriptions/speaker000/speaker000_1433.txt,5,utf-8
970,LIP-RTVE,speaker000_1434,31,../data/LIP-RTVE/WAVs/speaker000/speaker000_1434.wav,../data/LIP-RTVE/ROIs/speaker000/speaker000_1434.npz,../data/LIP-RTVE/transcriptions/speaker000/speaker000_1434.txt,5,utf-8
971,LIP-RTVE,speaker000_1436,58,../data/LIP-RTVE/WAVs/speaker000/speaker000_1436.wav,../data/LIP-RTVE/ROIs/speaker000/speaker000_1436.npz,../data/LIP-RTVE/transcriptions/speaker000/speaker000_1436.txt,5,utf-8
972,LIP-RTVE,speaker000_1437,65,../data/LIP-RTVE/WAVs/speaker000/speaker000_1437.wav,../data/LIP-RTVE/ROIs/speaker000/speaker000_1437.npz,../data/LIP-RTVE/transcriptions/speaker000/speaker000_1437.txt,5,utf-8
973,LIP-RTVE,speaker000_1439,59,../data/LIP-RTVE/WAVs/speaker000/speaker000_1439.wav,../data/LIP-RTVE/ROIs/speaker000/speaker000_1439.npz,../data/LIP-RTVE/transcriptions/speaker000/speaker000_1439.txt,5,utf-8
974,LIP-RTVE,speaker000_1442,47,../data/LIP-RTVE/WAVs/speaker000/speaker000_1442.wav,../data/LIP-RTVE/ROIs/speaker000/speaker000_1442.npz,../data/LIP-RTVE/transcriptions/speaker000/speaker000_1442.txt,5,utf-8
975,LIP-RTVE,speaker000_1443,65,../data/LIP-RTVE/WAVs/speaker000/speaker000_1443.wav,../data/LIP-RTVE/ROIs/speaker000/speaker000_1443.npz,../data/LIP-RTVE/transcriptions/speaker000/speaker000_1443.txt,5,utf-8
976,LIP-RTVE,speaker000_1444,102,../data/LIP-RTVE/WAVs/speaker000/speaker000_1444.wav,../data/LIP-RTVE/ROIs/speaker000/speaker000_1444.npz,../data/LIP-RTVE/transcriptions/speaker000/speaker000_1444.txt,5,utf-8
977,LIP-RTVE,speaker000_1445,210,../data/LIP-RTVE/WAVs/speaker000/speaker000_1445.wav,../data/LIP-RTVE/ROIs/speaker000/speaker000_1445.npz,../data/LIP-RTVE/transcriptions/speaker000/speaker000_1445.txt,5,utf-8
978,LIP-RTVE,speaker000_1446,95,../data/LIP-RTVE/WAVs/speaker000/speaker000_1446.wav,../data/LIP-RTVE/ROIs/speaker000/speaker000_1446.npz,../data/LIP-RTVE/transcriptions/speaker000/speaker000_1446.txt,5,utf-8
979,LIP-RTVE,speaker000_1450,60,../data/LIP-RTVE/WAVs/speaker000/speaker000_1450.wav,../data/LIP-RTVE/ROIs/speaker000/speaker000_1450.npz,../data/LIP-RTVE/transcriptions/speaker000/speaker000_1450.txt,5,utf-8
980,LIP-RTVE,speaker000_1452,246,../data/LIP-RTVE/WAVs/speaker000/speaker000_1452.wav,../data/LIP-RTVE/ROIs/speaker000/speaker000_1452.npz,../data/LIP-RTVE/transcriptions/speaker000/speaker000_1452.txt,5,utf-8
981,LIP-RTVE,speaker000_1453,107,../data/LIP-RTVE/WAVs/speaker000/speaker000_1453.wav,../data/LIP-RTVE/ROIs/speaker000/speaker000_1453.npz,../data/LIP-RTVE/transcriptions/speaker000/speaker000_1453.txt,5,utf-8
982,LIP-RTVE,speaker000_1455,97,../data/LIP-RTVE/WAVs/speaker000/speaker000_1455.wav,../data/LIP-RTVE/ROIs/speaker000/speaker000_1455.npz,../data/LIP-RTVE/transcriptions/speaker000/speaker000_1455.txt,5,utf-8
983,LIP-RTVE,speaker000_1456,133,../data/LIP-RTVE/WAVs/speaker000/speaker000_1456.wav,../data/LIP-RTVE/ROIs/speaker000/speaker000_1456.npz,../data/LIP-RTVE/transcriptions/speaker000/speaker000_1456.txt,5,utf-8
984,LIP-RTVE,speaker000_1457,39,../data/LIP-RTVE/WAVs/speaker000/speaker000_1457.wav,../data/LIP-RTVE/ROIs/speaker000/speaker000_1457.npz,../data/LIP-RTVE/transcriptions/speaker000/speaker000_1457.txt,5,utf-8
985,LIP-RTVE,speaker000_1458,80,../data/LIP-RTVE/WAVs/speaker000/speaker000_1458.wav,../data/LIP-RTVE/ROIs/speaker000/speaker000_1458.npz,../data/LIP-RTVE/transcriptions/speaker000/speaker000_1458.txt,5,utf-8
986,LIP-RTVE,speaker000_1459,118,../data/LIP-RTVE/WAVs/speaker000/speaker000_1459.wav,../data/LIP-RTVE/ROIs/speaker000/speaker000_1459.npz,../data/LIP-RTVE/transcriptions/speaker000/speaker000_1459.txt,5,utf-8
987,LIP-RTVE,speaker000_1460,274,../data/LIP-RTVE/WAVs/speaker000/speaker000_1460.wav,../data/LIP-RTVE/ROIs/speaker000/speaker000_1460.npz,../data/LIP-RTVE/transcriptions/speaker000/speaker000_1460.txt,5,utf-8
988,LIP-RTVE,speaker000_1461,76,../data/LIP-RTVE/WAVs/speaker000/speaker000_1461.wav,../data/LIP-RTVE/ROIs/speaker000/speaker000_1461.npz,../data/LIP-RTVE/transcriptions/speaker000/speaker000_1461.txt,5,utf-8
989,LIP-RTVE,speaker000_1462,29,../data/LIP-RTVE/WAVs/speaker000/speaker000_1462.wav,../data/LIP-RTVE/ROIs/speaker000/speaker000_1462.npz,../data/LIP-RTVE/transcriptions/speaker000/speaker000_1462.txt,5,utf-8
990,LIP-RTVE,speaker000_1464,56,../data/LIP-RTVE/WAVs/speaker000/speaker000_1464.wav,../data/LIP-RTVE/ROIs/speaker000/speaker000_1464.npz,../data/LIP-RTVE/transcriptions/speaker000/speaker000_1464.txt,5,utf-8
991,LIP-RTVE,speaker000_1465,178,../data/LIP-RTVE/WAVs/speaker000/speaker000_1465.wav,../data/LIP-RTVE/ROIs/speaker000/speaker000_1465.npz,../data/LIP-RTVE/transcriptions/speaker000/speaker000_1465.txt,5,utf-8
992,LIP-RTVE,speaker000_1466,90,../data/LIP-RTVE/WAVs/speaker000/speaker000_1466.wav,../data/LIP-RTVE/ROIs/speaker000/speaker000_1466.npz,../data/LIP-RTVE/transcriptions/speaker000/speaker000_1466.txt,5,utf-8
993,LIP-RTVE,speaker000_1467,61,../data/LIP-RTVE/WAVs/speaker000/speaker000_1467.wav,../data/LIP-RTVE/ROIs/speaker000/speaker000_1467.npz,../data/LIP-RTVE/transcriptions/speaker000/speaker000_1467.txt,5,utf-8
994,LIP-RTVE,speaker000_1468,202,../data/LIP-RTVE/WAVs/speaker000/speaker000_1468.wav,../data/LIP-RTVE/ROIs/speaker000/speaker000_1468.npz,../data/LIP-RTVE/transcriptions/speaker000/speaker000_1468.txt,5,utf-8
995,LIP-RTVE,speaker000_1472,61,../data/LIP-RTVE/WAVs/speaker000/speaker000_1472.wav,../data/LIP-RTVE/ROIs/speaker000/speaker000_1472.npz,../data/LIP-RTVE/transcriptions/speaker000/speaker000_1472.txt,5,utf-8
996,LIP-RTVE,speaker000_1474,144,../data/LIP-RTVE/WAVs/speaker000/speaker000_1474.wav,../data/LIP-RTVE/ROIs/speaker000/speaker000_1474.npz,../data/LIP-RTVE/transcriptions/speaker000/speaker000_1474.txt,5,utf-8
997,LIP-RTVE,speaker000_1477,35,../data/LIP-RTVE/WAVs/speaker000/speaker000_1477.wav,../data/LIP-RTVE/ROIs/speaker000/speaker000_1477.npz,../data/LIP-RTVE/transcriptions/speaker000/speaker000_1477.txt,5,utf-8
998,LIP-RTVE,speaker000_1478,65,../data/LIP-RTVE/WAVs/speaker000/speaker000_1478.wav,../data/LIP-RTVE/ROIs/speaker000/speaker000_1478.npz,../data/LIP-RTVE/transcriptions/speaker000/speaker000_1478.txt,5,utf-8
999,LIP-RTVE,speaker000_1479,178,../data/LIP-RTVE/WAVs/speaker000/speaker000_1479.wav,../data/LIP-RTVE/ROIs/speaker000/speaker000_1479.npz,../data/LIP-RTVE/transcriptions/speaker000/speaker000_1479.txt,5,utf-8
1000,LIP-RTVE,speaker000_1481,90,../data/LIP-RTVE/WAVs/speaker000/speaker000_1481.wav,../data/LIP-RTVE/ROIs/speaker000/speaker000_1481.npz,../data/LIP-RTVE/transcriptions/speaker000/speaker000_1481.txt,5,utf-8
1001,LIP-RTVE,speaker000_1483,94,../data/LIP-RTVE/WAVs/speaker000/speaker000_1483.wav,../data/LIP-RTVE/ROIs/speaker000/speaker000_1483.npz,../data/LIP-RTVE/transcriptions/speaker000/speaker000_1483.txt,5,utf-8
1002,LIP-RTVE,speaker000_1485,157,../data/LIP-RTVE/WAVs/speaker000/speaker000_1485.wav,../data/LIP-RTVE/ROIs/speaker000/speaker000_1485.npz,../data/LIP-RTVE/transcriptions/speaker000/speaker000_1485.txt,5,utf-8
1003,LIP-RTVE,speaker000_1487,105,../data/LIP-RTVE/WAVs/speaker000/speaker000_1487.wav,../data/LIP-RTVE/ROIs/speaker000/speaker000_1487.npz,../data/LIP-RTVE/transcriptions/speaker000/speaker000_1487.txt,5,utf-8
1004,LIP-RTVE,speaker000_1488,126,../data/LIP-RTVE/WAVs/speaker000/speaker000_1488.wav,../data/LIP-RTVE/ROIs/speaker000/speaker000_1488.npz,../data/LIP-RTVE/transcriptions/speaker000/speaker000_1488.txt,5,utf-8
1005,LIP-RTVE,speaker000_1490,119,../data/LIP-RTVE/WAVs/speaker000/speaker000_1490.wav,../data/LIP-RTVE/ROIs/speaker000/speaker000_1490.npz,../data/LIP-RTVE/transcriptions/speaker000/speaker000_1490.txt,5,utf-8
1006,LIP-RTVE,speaker000_1492,186,../data/LIP-RTVE/WAVs/speaker000/speaker000_1492.wav,../data/LIP-RTVE/ROIs/speaker000/speaker000_1492.npz,../data/LIP-RTVE/transcriptions/speaker000/speaker000_1492.txt,5,utf-8
1007,LIP-RTVE,speaker000_1495,126,../data/LIP-RTVE/WAVs/speaker000/speaker000_1495.wav,../data/LIP-RTVE/ROIs/speaker000/speaker000_1495.npz,../data/LIP-RTVE/transcriptions/speaker000/speaker000_1495.txt,5,utf-8
1008,LIP-RTVE,speaker000_1496,83,../data/LIP-RTVE/WAVs/speaker000/speaker000_1496.wav,../data/LIP-RTVE/ROIs/speaker000/speaker000_1496.npz,../data/LIP-RTVE/transcriptions/speaker000/speaker000_1496.txt,5,utf-8
1009,LIP-RTVE,speaker000_1498,239,../data/LIP-RTVE/WAVs/speaker000/speaker000_1498.wav,../data/LIP-RTVE/ROIs/speaker000/speaker000_1498.npz,../data/LIP-RTVE/transcriptions/speaker000/speaker000_1498.txt,5,utf-8
1010,LIP-RTVE,speaker000_1499,143,../data/LIP-RTVE/WAVs/speaker000/speaker000_1499.wav,../data/LIP-RTVE/ROIs/speaker000/speaker000_1499.npz,../data/LIP-RTVE/transcriptions/speaker000/speaker000_1499.txt,5,utf-8
1011,LIP-RTVE,speaker000_1500,64,../data/LIP-RTVE/WAVs/speaker000/speaker000_1500.wav,../data/LIP-RTVE/ROIs/speaker000/speaker000_1500.npz,../data/LIP-RTVE/transcriptions/speaker000/speaker000_1500.txt,5,utf-8
1012,LIP-RTVE,speaker000_1502,60,../data/LIP-RTVE/WAVs/speaker000/speaker000_1502.wav,../data/LIP-RTVE/ROIs/speaker000/speaker000_1502.npz,../data/LIP-RTVE/transcriptions/speaker000/speaker000_1502.txt,5,utf-8
1013,LIP-RTVE,speaker000_1503,118,../data/LIP-RTVE/WAVs/speaker000/speaker000_1503.wav,../data/LIP-RTVE/ROIs/speaker000/speaker000_1503.npz,../data/LIP-RTVE/transcriptions/speaker000/speaker000_1503.txt,5,utf-8
1014,LIP-RTVE,speaker000_1504,118,../data/LIP-RTVE/WAVs/speaker000/speaker000_1504.wav,../data/LIP-RTVE/ROIs/speaker000/speaker000_1504.npz,../data/LIP-RTVE/transcriptions/speaker000/speaker000_1504.txt,5,utf-8
1015,LIP-RTVE,speaker000_1506,36,../data/LIP-RTVE/WAVs/speaker000/speaker000_1506.wav,../data/LIP-RTVE/ROIs/speaker000/speaker000_1506.npz,../data/LIP-RTVE/transcriptions/speaker000/speaker000_1506.txt,5,utf-8
1016,LIP-RTVE,speaker000_1507,85,../data/LIP-RTVE/WAVs/speaker000/speaker000_1507.wav,../data/LIP-RTVE/ROIs/speaker000/speaker000_1507.npz,../data/LIP-RTVE/transcriptions/speaker000/speaker000_1507.txt,5,utf-8
1017,LIP-RTVE,speaker000_1509,38,../data/LIP-RTVE/WAVs/speaker000/speaker000_1509.wav,../data/LIP-RTVE/ROIs/speaker000/speaker000_1509.npz,../data/LIP-RTVE/transcriptions/speaker000/speaker000_1509.txt,5,utf-8
1018,LIP-RTVE,speaker000_1510,75,../data/LIP-RTVE/WAVs/speaker000/speaker000_1510.wav,../data/LIP-RTVE/ROIs/speaker000/speaker000_1510.npz,../data/LIP-RTVE/transcriptions/speaker000/speaker000_1510.txt,5,utf-8
1019,LIP-RTVE,speaker000_1511,27,../data/LIP-RTVE/WAVs/speaker000/speaker000_1511.wav,../data/LIP-RTVE/ROIs/speaker000/speaker000_1511.npz,../data/LIP-RTVE/transcriptions/speaker000/speaker000_1511.txt,5,utf-8
1020,LIP-RTVE,speaker000_1513,182,../data/LIP-RTVE/WAVs/speaker000/speaker000_1513.wav,../data/LIP-RTVE/ROIs/speaker000/speaker000_1513.npz,../data/LIP-RTVE/transcriptions/speaker000/speaker000_1513.txt,5,utf-8
1021,LIP-RTVE,speaker000_1516,46,../data/LIP-RTVE/WAVs/speaker000/speaker000_1516.wav,../data/LIP-RTVE/ROIs/speaker000/speaker000_1516.npz,../data/LIP-RTVE/transcriptions/speaker000/speaker000_1516.txt,5,utf-8
1022,LIP-RTVE,speaker000_1517,120,../data/LIP-RTVE/WAVs/speaker000/speaker000_1517.wav,../data/LIP-RTVE/ROIs/speaker000/speaker000_1517.npz,../data/LIP-RTVE/transcriptions/speaker000/speaker000_1517.txt,5,utf-8
1023,LIP-RTVE,speaker000_1518,76,../data/LIP-RTVE/WAVs/speaker000/speaker000_1518.wav,../data/LIP-RTVE/ROIs/speaker000/speaker000_1518.npz,../data/LIP-RTVE/transcriptions/speaker000/speaker000_1518.txt,5,utf-8
1024,LIP-RTVE,speaker000_1519,171,../data/LIP-RTVE/WAVs/speaker000/speaker000_1519.wav,../data/LIP-RTVE/ROIs/speaker000/speaker000_1519.npz,../data/LIP-RTVE/transcriptions/speaker000/speaker000_1519.txt,5,utf-8
1025,LIP-RTVE,speaker000_1521,99,../data/LIP-RTVE/WAVs/speaker000/speaker000_1521.wav,../data/LIP-RTVE/ROIs/speaker000/speaker000_1521.npz,../data/LIP-RTVE/transcriptions/speaker000/speaker000_1521.txt,5,utf-8
1026,LIP-RTVE,speaker000_1522,100,../data/LIP-RTVE/WAVs/speaker000/speaker000_1522.wav,../data/LIP-RTVE/ROIs/speaker000/speaker000_1522.npz,../data/LIP-RTVE/transcriptions/speaker000/speaker000_1522.txt,5,utf-8
1027,LIP-RTVE,speaker001_0000,32,../data/LIP-RTVE/WAVs/speaker001/speaker001_0000.wav,../data/LIP-RTVE/ROIs/speaker001/speaker001_0000.npz,../data/LIP-RTVE/transcriptions/speaker001/speaker001_0000.txt,5,utf-8
1028,LIP-RTVE,speaker001_0001,137,../data/LIP-RTVE/WAVs/speaker001/speaker001_0001.wav,../data/LIP-RTVE/ROIs/speaker001/speaker001_0001.npz,../data/LIP-RTVE/transcriptions/speaker001/speaker001_0001.txt,5,utf-8
1029,LIP-RTVE,speaker001_0002,210,../data/LIP-RTVE/WAVs/speaker001/speaker001_0002.wav,../data/LIP-RTVE/ROIs/speaker001/speaker001_0002.npz,../data/LIP-RTVE/transcriptions/speaker001/speaker001_0002.txt,5,utf-8
1030,LIP-RTVE,speaker001_0003,336,../data/LIP-RTVE/WAVs/speaker001/speaker001_0003.wav,../data/LIP-RTVE/ROIs/speaker001/speaker001_0003.npz,../data/LIP-RTVE/transcriptions/speaker001/speaker001_0003.txt,5,utf-8
1031,LIP-RTVE,speaker001_0004,234,../data/LIP-RTVE/WAVs/speaker001/speaker001_0004.wav,../data/LIP-RTVE/ROIs/speaker001/speaker001_0004.npz,../data/LIP-RTVE/transcriptions/speaker001/speaker001_0004.txt,5,utf-8
1032,LIP-RTVE,speaker001_0006,115,../data/LIP-RTVE/WAVs/speaker001/speaker001_0006.wav,../data/LIP-RTVE/ROIs/speaker001/speaker001_0006.npz,../data/LIP-RTVE/transcriptions/speaker001/speaker001_0006.txt,5,utf-8
1033,LIP-RTVE,speaker001_0007,122,../data/LIP-RTVE/WAVs/speaker001/speaker001_0007.wav,../data/LIP-RTVE/ROIs/speaker001/speaker001_0007.npz,../data/LIP-RTVE/transcriptions/speaker001/speaker001_0007.txt,5,utf-8
1034,LIP-RTVE,speaker001_0008,326,../data/LIP-RTVE/WAVs/speaker001/speaker001_0008.wav,../data/LIP-RTVE/ROIs/speaker001/speaker001_0008.npz,../data/LIP-RTVE/transcriptions/speaker001/speaker001_0008.txt,5,utf-8
1035,LIP-RTVE,speaker001_0010,182,../data/LIP-RTVE/WAVs/speaker001/speaker001_0010.wav,../data/LIP-RTVE/ROIs/speaker001/speaker001_0010.npz,../data/LIP-RTVE/transcriptions/speaker001/speaker001_0010.txt,5,utf-8
1036,LIP-RTVE,speaker001_0011,111,../data/LIP-RTVE/WAVs/speaker001/speaker001_0011.wav,../data/LIP-RTVE/ROIs/speaker001/speaker001_0011.npz,../data/LIP-RTVE/transcriptions/speaker001/speaker001_0011.txt,5,utf-8
1037,LIP-RTVE,speaker001_0014,72,../data/LIP-RTVE/WAVs/speaker001/speaker001_0014.wav,../data/LIP-RTVE/ROIs/speaker001/speaker001_0014.npz,../data/LIP-RTVE/transcriptions/speaker001/speaker001_0014.txt,5,utf-8
1038,LIP-RTVE,speaker001_0015,45,../data/LIP-RTVE/WAVs/speaker001/speaker001_0015.wav,../data/LIP-RTVE/ROIs/speaker001/speaker001_0015.npz,../data/LIP-RTVE/transcriptions/speaker001/speaker001_0015.txt,5,utf-8
1039,LIP-RTVE,speaker001_0016,31,../data/LIP-RTVE/WAVs/speaker001/speaker001_0016.wav,../data/LIP-RTVE/ROIs/speaker001/speaker001_0016.npz,../data/LIP-RTVE/transcriptions/speaker001/speaker001_0016.txt,5,utf-8
1040,LIP-RTVE,speaker001_0017,248,../data/LIP-RTVE/WAVs/speaker001/speaker001_0017.wav,../data/LIP-RTVE/ROIs/speaker001/speaker001_0017.npz,../data/LIP-RTVE/transcriptions/speaker001/speaker001_0017.txt,5,utf-8
1041,LIP-RTVE,speaker001_0019,153,../data/LIP-RTVE/WAVs/speaker001/speaker001_0019.wav,../data/LIP-RTVE/ROIs/speaker001/speaker001_0019.npz,../data/LIP-RTVE/transcriptions/speaker001/speaker001_0019.txt,5,utf-8
1042,LIP-RTVE,speaker001_0021,300,../data/LIP-RTVE/WAVs/speaker001/speaker001_0021.wav,../data/LIP-RTVE/ROIs/speaker001/speaker001_0021.npz,../data/LIP-RTVE/transcriptions/speaker001/speaker001_0021.txt,5,utf-8
1043,LIP-RTVE,speaker001_0022,139,../data/LIP-RTVE/WAVs/speaker001/speaker001_0022.wav,../data/LIP-RTVE/ROIs/speaker001/speaker001_0022.npz,../data/LIP-RTVE/transcriptions/speaker001/speaker001_0022.txt,5,utf-8
1044,LIP-RTVE,speaker001_0023,224,../data/LIP-RTVE/WAVs/speaker001/speaker001_0023.wav,../data/LIP-RTVE/ROIs/speaker001/speaker001_0023.npz,../data/LIP-RTVE/transcriptions/speaker001/speaker001_0023.txt,5,utf-8
1045,LIP-RTVE,speaker001_0026,161,../data/LIP-RTVE/WAVs/speaker001/speaker001_0026.wav,../data/LIP-RTVE/ROIs/speaker001/speaker001_0026.npz,../data/LIP-RTVE/transcriptions/speaker001/speaker001_0026.txt,5,utf-8
1046,LIP-RTVE,speaker001_0027,270,../data/LIP-RTVE/WAVs/speaker001/speaker001_0027.wav,../data/LIP-RTVE/ROIs/speaker001/speaker001_0027.npz,../data/LIP-RTVE/transcriptions/speaker001/speaker001_0027.txt,5,utf-8
1047,LIP-RTVE,speaker001_0028,131,../data/LIP-RTVE/WAVs/speaker001/speaker001_0028.wav,../data/LIP-RTVE/ROIs/speaker001/speaker001_0028.npz,../data/LIP-RTVE/transcriptions/speaker001/speaker001_0028.txt,5,utf-8
1048,LIP-RTVE,speaker001_0029,129,../data/LIP-RTVE/WAVs/speaker001/speaker001_0029.wav,../data/LIP-RTVE/ROIs/speaker001/speaker001_0029.npz,../data/LIP-RTVE/transcriptions/speaker001/speaker001_0029.txt,5,utf-8
1049,LIP-RTVE,speaker001_0030,42,../data/LIP-RTVE/WAVs/speaker001/speaker001_0030.wav,../data/LIP-RTVE/ROIs/speaker001/speaker001_0030.npz,../data/LIP-RTVE/transcriptions/speaker001/speaker001_0030.txt,5,utf-8
1050,LIP-RTVE,speaker001_0032,93,../data/LIP-RTVE/WAVs/speaker001/speaker001_0032.wav,../data/LIP-RTVE/ROIs/speaker001/speaker001_0032.npz,../data/LIP-RTVE/transcriptions/speaker001/speaker001_0032.txt,5,utf-8
1051,LIP-RTVE,speaker001_0033,120,../data/LIP-RTVE/WAVs/speaker001/speaker001_0033.wav,../data/LIP-RTVE/ROIs/speaker001/speaker001_0033.npz,../data/LIP-RTVE/transcriptions/speaker001/speaker001_0033.txt,5,utf-8
1052,LIP-RTVE,speaker001_0034,68,../data/LIP-RTVE/WAVs/speaker001/speaker001_0034.wav,../data/LIP-RTVE/ROIs/speaker001/speaker001_0034.npz,../data/LIP-RTVE/transcriptions/speaker001/speaker001_0034.txt,5,utf-8
1053,LIP-RTVE,speaker001_0035,111,../data/LIP-RTVE/WAVs/speaker001/speaker001_0035.wav,../data/LIP-RTVE/ROIs/speaker001/speaker001_0035.npz,../data/LIP-RTVE/transcriptions/speaker001/speaker001_0035.txt,5,utf-8
1054,LIP-RTVE,speaker001_0037,87,../data/LIP-RTVE/WAVs/speaker001/speaker001_0037.wav,../data/LIP-RTVE/ROIs/speaker001/speaker001_0037.npz,../data/LIP-RTVE/transcriptions/speaker001/speaker001_0037.txt,5,utf-8
1055,LIP-RTVE,speaker001_0038,138,../data/LIP-RTVE/WAVs/speaker001/speaker001_0038.wav,../data/LIP-RTVE/ROIs/speaker001/speaker001_0038.npz,../data/LIP-RTVE/transcriptions/speaker001/speaker001_0038.txt,5,utf-8
1056,LIP-RTVE,speaker001_0039,96,../data/LIP-RTVE/WAVs/speaker001/speaker001_0039.wav,../data/LIP-RTVE/ROIs/speaker001/speaker001_0039.npz,../data/LIP-RTVE/transcriptions/speaker001/speaker001_0039.txt,5,utf-8
1057,LIP-RTVE,speaker001_0040,91,../data/LIP-RTVE/WAVs/speaker001/speaker001_0040.wav,../data/LIP-RTVE/ROIs/speaker001/speaker001_0040.npz,../data/LIP-RTVE/transcriptions/speaker001/speaker001_0040.txt,5,utf-8
1058,LIP-RTVE,speaker001_0042,75,../data/LIP-RTVE/WAVs/speaker001/speaker001_0042.wav,../data/LIP-RTVE/ROIs/speaker001/speaker001_0042.npz,../data/LIP-RTVE/transcriptions/speaker001/speaker001_0042.txt,5,utf-8
1059,LIP-RTVE,speaker001_0044,59,../data/LIP-RTVE/WAVs/speaker001/speaker001_0044.wav,../data/LIP-RTVE/ROIs/speaker001/speaker001_0044.npz,../data/LIP-RTVE/transcriptions/speaker001/speaker001_0044.txt,5,utf-8
1060,LIP-RTVE,speaker001_0045,54,../data/LIP-RTVE/WAVs/speaker001/speaker001_0045.wav,../data/LIP-RTVE/ROIs/speaker001/speaker001_0045.npz,../data/LIP-RTVE/transcriptions/speaker001/speaker001_0045.txt,5,utf-8
1061,LIP-RTVE,speaker001_0046,26,../data/LIP-RTVE/WAVs/speaker001/speaker001_0046.wav,../data/LIP-RTVE/ROIs/speaker001/speaker001_0046.npz,../data/LIP-RTVE/transcriptions/speaker001/speaker001_0046.txt,5,utf-8
1062,LIP-RTVE,speaker001_0047,183,../data/LIP-RTVE/WAVs/speaker001/speaker001_0047.wav,../data/LIP-RTVE/ROIs/speaker001/speaker001_0047.npz,../data/LIP-RTVE/transcriptions/speaker001/speaker001_0047.txt,5,utf-8
1063,LIP-RTVE,speaker001_0048,144,../data/LIP-RTVE/WAVs/speaker001/speaker001_0048.wav,../data/LIP-RTVE/ROIs/speaker001/speaker001_0048.npz,../data/LIP-RTVE/transcriptions/speaker001/speaker001_0048.txt,5,utf-8
1064,LIP-RTVE,speaker001_0052,83,../data/LIP-RTVE/WAVs/speaker001/speaker001_0052.wav,../data/LIP-RTVE/ROIs/speaker001/speaker001_0052.npz,../data/LIP-RTVE/transcriptions/speaker001/speaker001_0052.txt,5,utf-8
1065,LIP-RTVE,speaker001_0053,39,../data/LIP-RTVE/WAVs/speaker001/speaker001_0053.wav,../data/LIP-RTVE/ROIs/speaker001/speaker001_0053.npz,../data/LIP-RTVE/transcriptions/speaker001/speaker001_0053.txt,5,utf-8
1066,LIP-RTVE,speaker001_0055,88,../data/LIP-RTVE/WAVs/speaker001/speaker001_0055.wav,../data/LIP-RTVE/ROIs/speaker001/speaker001_0055.npz,../data/LIP-RTVE/transcriptions/speaker001/speaker001_0055.txt,5,utf-8
1067,LIP-RTVE,speaker001_0056,41,../data/LIP-RTVE/WAVs/speaker001/speaker001_0056.wav,../data/LIP-RTVE/ROIs/speaker001/speaker001_0056.npz,../data/LIP-RTVE/transcriptions/speaker001/speaker001_0056.txt,5,utf-8
1068,LIP-RTVE,speaker001_0057,59,../data/LIP-RTVE/WAVs/speaker001/speaker001_0057.wav,../data/LIP-RTVE/ROIs/speaker001/speaker001_0057.npz,../data/LIP-RTVE/transcriptions/speaker001/speaker001_0057.txt,5,utf-8
1069,LIP-RTVE,speaker001_0059,38,../data/LIP-RTVE/WAVs/speaker001/speaker001_0059.wav,../data/LIP-RTVE/ROIs/speaker001/speaker001_0059.npz,../data/LIP-RTVE/transcriptions/speaker001/speaker001_0059.txt,5,utf-8
1070,LIP-RTVE,speaker001_0060,35,../data/LIP-RTVE/WAVs/speaker001/speaker001_0060.wav,../data/LIP-RTVE/ROIs/speaker001/speaker001_0060.npz,../data/LIP-RTVE/transcriptions/speaker001/speaker001_0060.txt,5,utf-8
1071,LIP-RTVE,speaker001_0061,27,../data/LIP-RTVE/WAVs/speaker001/speaker001_0061.wav,../data/LIP-RTVE/ROIs/speaker001/speaker001_0061.npz,../data/LIP-RTVE/transcriptions/speaker001/speaker001_0061.txt,5,utf-8
1072,LIP-RTVE,speaker001_0063,132,../data/LIP-RTVE/WAVs/speaker001/speaker001_0063.wav,../data/LIP-RTVE/ROIs/speaker001/speaker001_0063.npz,../data/LIP-RTVE/transcriptions/speaker001/speaker001_0063.txt,5,utf-8
1073,LIP-RTVE,speaker001_0065,71,../data/LIP-RTVE/WAVs/speaker001/speaker001_0065.wav,../data/LIP-RTVE/ROIs/speaker001/speaker001_0065.npz,../data/LIP-RTVE/transcriptions/speaker001/speaker001_0065.txt,5,utf-8
1074,LIP-RTVE,speaker001_0066,170,../data/LIP-RTVE/WAVs/speaker001/speaker001_0066.wav,../data/LIP-RTVE/ROIs/speaker001/speaker001_0066.npz,../data/LIP-RTVE/transcriptions/speaker001/speaker001_0066.txt,5,utf-8
1075,LIP-RTVE,speaker001_0067,57,../data/LIP-RTVE/WAVs/speaker001/speaker001_0067.wav,../data/LIP-RTVE/ROIs/speaker001/speaker001_0067.npz,../data/LIP-RTVE/transcriptions/speaker001/speaker001_0067.txt,5,utf-8
1076,LIP-RTVE,speaker001_0068,27,../data/LIP-RTVE/WAVs/speaker001/speaker001_0068.wav,../data/LIP-RTVE/ROIs/speaker001/speaker001_0068.npz,../data/LIP-RTVE/transcriptions/speaker001/speaker001_0068.txt,5,utf-8
1077,LIP-RTVE,speaker001_0069,39,../data/LIP-RTVE/WAVs/speaker001/speaker001_0069.wav,../data/LIP-RTVE/ROIs/speaker001/speaker001_0069.npz,../data/LIP-RTVE/transcriptions/speaker001/speaker001_0069.txt,5,utf-8
1078,LIP-RTVE,speaker001_0070,27,../data/LIP-RTVE/WAVs/speaker001/speaker001_0070.wav,../data/LIP-RTVE/ROIs/speaker001/speaker001_0070.npz,../data/LIP-RTVE/transcriptions/speaker001/speaker001_0070.txt,5,utf-8
1079,LIP-RTVE,speaker001_0073,99,../data/LIP-RTVE/WAVs/speaker001/speaker001_0073.wav,../data/LIP-RTVE/ROIs/speaker001/speaker001_0073.npz,../data/LIP-RTVE/transcriptions/speaker001/speaker001_0073.txt,5,utf-8
1080,LIP-RTVE,speaker001_0074,140,../data/LIP-RTVE/WAVs/speaker001/speaker001_0074.wav,../data/LIP-RTVE/ROIs/speaker001/speaker001_0074.npz,../data/LIP-RTVE/transcriptions/speaker001/speaker001_0074.txt,5,utf-8
1081,LIP-RTVE,speaker001_0075,64,../data/LIP-RTVE/WAVs/speaker001/speaker001_0075.wav,../data/LIP-RTVE/ROIs/speaker001/speaker001_0075.npz,../data/LIP-RTVE/transcriptions/speaker001/speaker001_0075.txt,5,utf-8
1082,LIP-RTVE,speaker001_0076,59,../data/LIP-RTVE/WAVs/speaker001/speaker001_0076.wav,../data/LIP-RTVE/ROIs/speaker001/speaker001_0076.npz,../data/LIP-RTVE/transcriptions/speaker001/speaker001_0076.txt,5,utf-8
1083,LIP-RTVE,speaker001_0077,76,../data/LIP-RTVE/WAVs/speaker001/speaker001_0077.wav,../data/LIP-RTVE/ROIs/speaker001/speaker001_0077.npz,../data/LIP-RTVE/transcriptions/speaker001/speaker001_0077.txt,5,utf-8
1084,LIP-RTVE,speaker001_0078,117,../data/LIP-RTVE/WAVs/speaker001/speaker001_0078.wav,../data/LIP-RTVE/ROIs/speaker001/speaker001_0078.npz,../data/LIP-RTVE/transcriptions/speaker001/speaker001_0078.txt,5,utf-8
1085,LIP-RTVE,speaker001_0079,98,../data/LIP-RTVE/WAVs/speaker001/speaker001_0079.wav,../data/LIP-RTVE/ROIs/speaker001/speaker001_0079.npz,../data/LIP-RTVE/transcriptions/speaker001/speaker001_0079.txt,5,utf-8
1086,LIP-RTVE,speaker001_0080,201,../data/LIP-RTVE/WAVs/speaker001/speaker001_0080.wav,../data/LIP-RTVE/ROIs/speaker001/speaker001_0080.npz,../data/LIP-RTVE/transcriptions/speaker001/speaker001_0080.txt,5,utf-8
1087,LIP-RTVE,speaker001_0081,109,../data/LIP-RTVE/WAVs/speaker001/speaker001_0081.wav,../data/LIP-RTVE/ROIs/speaker001/speaker001_0081.npz,../data/LIP-RTVE/transcriptions/speaker001/speaker001_0081.txt,5,utf-8
1088,LIP-RTVE,speaker001_0082,50,../data/LIP-RTVE/WAVs/speaker001/speaker001_0082.wav,../data/LIP-RTVE/ROIs/speaker001/speaker001_0082.npz,../data/LIP-RTVE/transcriptions/speaker001/speaker001_0082.txt,5,utf-8
1089,LIP-RTVE,speaker001_0084,116,../data/LIP-RTVE/WAVs/speaker001/speaker001_0084.wav,../data/LIP-RTVE/ROIs/speaker001/speaker001_0084.npz,../data/LIP-RTVE/transcriptions/speaker001/speaker001_0084.txt,5,utf-8
1090,LIP-RTVE,speaker001_0086,106,../data/LIP-RTVE/WAVs/speaker001/speaker001_0086.wav,../data/LIP-RTVE/ROIs/speaker001/speaker001_0086.npz,../data/LIP-RTVE/transcriptions/speaker001/speaker001_0086.txt,5,utf-8
1091,LIP-RTVE,speaker001_0087,49,../data/LIP-RTVE/WAVs/speaker001/speaker001_0087.wav,../data/LIP-RTVE/ROIs/speaker001/speaker001_0087.npz,../data/LIP-RTVE/transcriptions/speaker001/speaker001_0087.txt,5,utf-8
1092,LIP-RTVE,speaker001_0088,167,../data/LIP-RTVE/WAVs/speaker001/speaker001_0088.wav,../data/LIP-RTVE/ROIs/speaker001/speaker001_0088.npz,../data/LIP-RTVE/transcriptions/speaker001/speaker001_0088.txt,5,utf-8
1093,LIP-RTVE,speaker001_0089,71,../data/LIP-RTVE/WAVs/speaker001/speaker001_0089.wav,../data/LIP-RTVE/ROIs/speaker001/speaker001_0089.npz,../data/LIP-RTVE/transcriptions/speaker001/speaker001_0089.txt,5,utf-8
1094,LIP-RTVE,speaker001_0090,46,../data/LIP-RTVE/WAVs/speaker001/speaker001_0090.wav,../data/LIP-RTVE/ROIs/speaker001/speaker001_0090.npz,../data/LIP-RTVE/transcriptions/speaker001/speaker001_0090.txt,5,utf-8
1095,LIP-RTVE,speaker001_0091,140,../data/LIP-RTVE/WAVs/speaker001/speaker001_0091.wav,../data/LIP-RTVE/ROIs/speaker001/speaker001_0091.npz,../data/LIP-RTVE/transcriptions/speaker001/speaker001_0091.txt,5,utf-8
1096,LIP-RTVE,speaker001_0093,61,../data/LIP-RTVE/WAVs/speaker001/speaker001_0093.wav,../data/LIP-RTVE/ROIs/speaker001/speaker001_0093.npz,../data/LIP-RTVE/transcriptions/speaker001/speaker001_0093.txt,5,utf-8
1097,LIP-RTVE,speaker001_0094,145,../data/LIP-RTVE/WAVs/speaker001/speaker001_0094.wav,../data/LIP-RTVE/ROIs/speaker001/speaker001_0094.npz,../data/LIP-RTVE/transcriptions/speaker001/speaker001_0094.txt,5,utf-8
1098,LIP-RTVE,speaker001_0095,61,../data/LIP-RTVE/WAVs/speaker001/speaker001_0095.wav,../data/LIP-RTVE/ROIs/speaker001/speaker001_0095.npz,../data/LIP-RTVE/transcriptions/speaker001/speaker001_0095.txt,5,utf-8
1099,LIP-RTVE,speaker001_0096,130,../data/LIP-RTVE/WAVs/speaker001/speaker001_0096.wav,../data/LIP-RTVE/ROIs/speaker001/speaker001_0096.npz,../data/LIP-RTVE/transcriptions/speaker001/speaker001_0096.txt,5,utf-8
1100,LIP-RTVE,speaker001_0100,52,../data/LIP-RTVE/WAVs/speaker001/speaker001_0100.wav,../data/LIP-RTVE/ROIs/speaker001/speaker001_0100.npz,../data/LIP-RTVE/transcriptions/speaker001/speaker001_0100.txt,5,utf-8
1101,LIP-RTVE,speaker001_0101,143,../data/LIP-RTVE/WAVs/speaker001/speaker001_0101.wav,../data/LIP-RTVE/ROIs/speaker001/speaker001_0101.npz,../data/LIP-RTVE/transcriptions/speaker001/speaker001_0101.txt,5,utf-8
1102,LIP-RTVE,speaker001_0102,110,../data/LIP-RTVE/WAVs/speaker001/speaker001_0102.wav,../data/LIP-RTVE/ROIs/speaker001/speaker001_0102.npz,../data/LIP-RTVE/transcriptions/speaker001/speaker001_0102.txt,5,utf-8
1103,LIP-RTVE,speaker001_0103,138,../data/LIP-RTVE/WAVs/speaker001/speaker001_0103.wav,../data/LIP-RTVE/ROIs/speaker001/speaker001_0103.npz,../data/LIP-RTVE/transcriptions/speaker001/speaker001_0103.txt,5,utf-8
1104,LIP-RTVE,speaker001_0105,154,../data/LIP-RTVE/WAVs/speaker001/speaker001_0105.wav,../data/LIP-RTVE/ROIs/speaker001/speaker001_0105.npz,../data/LIP-RTVE/transcriptions/speaker001/speaker001_0105.txt,5,utf-8
1105,LIP-RTVE,speaker001_0106,109,../data/LIP-RTVE/WAVs/speaker001/speaker001_0106.wav,../data/LIP-RTVE/ROIs/speaker001/speaker001_0106.npz,../data/LIP-RTVE/transcriptions/speaker001/speaker001_0106.txt,5,utf-8
1106,LIP-RTVE,speaker001_0110,95,../data/LIP-RTVE/WAVs/speaker001/speaker001_0110.wav,../data/LIP-RTVE/ROIs/speaker001/speaker001_0110.npz,../data/LIP-RTVE/transcriptions/speaker001/speaker001_0110.txt,5,utf-8
1107,LIP-RTVE,speaker001_0111,149,../data/LIP-RTVE/WAVs/speaker001/speaker001_0111.wav,../data/LIP-RTVE/ROIs/speaker001/speaker001_0111.npz,../data/LIP-RTVE/transcriptions/speaker001/speaker001_0111.txt,5,utf-8
1108,LIP-RTVE,speaker001_0112,154,../data/LIP-RTVE/WAVs/speaker001/speaker001_0112.wav,../data/LIP-RTVE/ROIs/speaker001/speaker001_0112.npz,../data/LIP-RTVE/transcriptions/speaker001/speaker001_0112.txt,5,utf-8
1109,LIP-RTVE,speaker001_0115,221,../data/LIP-RTVE/WAVs/speaker001/speaker001_0115.wav,../data/LIP-RTVE/ROIs/speaker001/speaker001_0115.npz,../data/LIP-RTVE/transcriptions/speaker001/speaker001_0115.txt,5,utf-8
1110,LIP-RTVE,speaker001_0116,113,../data/LIP-RTVE/WAVs/speaker001/speaker001_0116.wav,../data/LIP-RTVE/ROIs/speaker001/speaker001_0116.npz,../data/LIP-RTVE/transcriptions/speaker001/speaker001_0116.txt,5,utf-8
1111,LIP-RTVE,speaker001_0117,159,../data/LIP-RTVE/WAVs/speaker001/speaker001_0117.wav,../data/LIP-RTVE/ROIs/speaker001/speaker001_0117.npz,../data/LIP-RTVE/transcriptions/speaker001/speaker001_0117.txt,5,utf-8
1112,LIP-RTVE,speaker001_0118,104,../data/LIP-RTVE/WAVs/speaker001/speaker001_0118.wav,../data/LIP-RTVE/ROIs/speaker001/speaker001_0118.npz,../data/LIP-RTVE/transcriptions/speaker001/speaker001_0118.txt,5,utf-8
1113,LIP-RTVE,speaker001_0119,69,../data/LIP-RTVE/WAVs/speaker001/speaker001_0119.wav,../data/LIP-RTVE/ROIs/speaker001/speaker001_0119.npz,../data/LIP-RTVE/transcriptions/speaker001/speaker001_0119.txt,5,utf-8
1114,LIP-RTVE,speaker001_0120,113,../data/LIP-RTVE/WAVs/speaker001/speaker001_0120.wav,../data/LIP-RTVE/ROIs/speaker001/speaker001_0120.npz,../data/LIP-RTVE/transcriptions/speaker001/speaker001_0120.txt,5,utf-8
1115,LIP-RTVE,speaker001_0121,84,../data/LIP-RTVE/WAVs/speaker001/speaker001_0121.wav,../data/LIP-RTVE/ROIs/speaker001/speaker001_0121.npz,../data/LIP-RTVE/transcriptions/speaker001/speaker001_0121.txt,5,utf-8
1116,LIP-RTVE,speaker001_0122,37,../data/LIP-RTVE/WAVs/speaker001/speaker001_0122.wav,../data/LIP-RTVE/ROIs/speaker001/speaker001_0122.npz,../data/LIP-RTVE/transcriptions/speaker001/speaker001_0122.txt,5,utf-8
1117,LIP-RTVE,speaker001_0123,86,../data/LIP-RTVE/WAVs/speaker001/speaker001_0123.wav,../data/LIP-RTVE/ROIs/speaker001/speaker001_0123.npz,../data/LIP-RTVE/transcriptions/speaker001/speaker001_0123.txt,5,utf-8
1118,LIP-RTVE,speaker001_0124,105,../data/LIP-RTVE/WAVs/speaker001/speaker001_0124.wav,../data/LIP-RTVE/ROIs/speaker001/speaker001_0124.npz,../data/LIP-RTVE/transcriptions/speaker001/speaker001_0124.txt,5,utf-8
1119,LIP-RTVE,speaker001_0125,133,../data/LIP-RTVE/WAVs/speaker001/speaker001_0125.wav,../data/LIP-RTVE/ROIs/speaker001/speaker001_0125.npz,../data/LIP-RTVE/transcriptions/speaker001/speaker001_0125.txt,5,utf-8
1120,LIP-RTVE,speaker001_0128,167,../data/LIP-RTVE/WAVs/speaker001/speaker001_0128.wav,../data/LIP-RTVE/ROIs/speaker001/speaker001_0128.npz,../data/LIP-RTVE/transcriptions/speaker001/speaker001_0128.txt,5,utf-8
1121,LIP-RTVE,speaker001_0129,96,../data/LIP-RTVE/WAVs/speaker001/speaker001_0129.wav,../data/LIP-RTVE/ROIs/speaker001/speaker001_0129.npz,../data/LIP-RTVE/transcriptions/speaker001/speaker001_0129.txt,5,utf-8
1122,LIP-RTVE,speaker001_0130,110,../data/LIP-RTVE/WAVs/speaker001/speaker001_0130.wav,../data/LIP-RTVE/ROIs/speaker001/speaker001_0130.npz,../data/LIP-RTVE/transcriptions/speaker001/speaker001_0130.txt,5,utf-8
1123,LIP-RTVE,speaker001_0131,100,../data/LIP-RTVE/WAVs/speaker001/speaker001_0131.wav,../data/LIP-RTVE/ROIs/speaker001/speaker001_0131.npz,../data/LIP-RTVE/transcriptions/speaker001/speaker001_0131.txt,5,utf-8
1124,LIP-RTVE,speaker001_0132,139,../data/LIP-RTVE/WAVs/speaker001/speaker001_0132.wav,../data/LIP-RTVE/ROIs/speaker001/speaker001_0132.npz,../data/LIP-RTVE/transcriptions/speaker001/speaker001_0132.txt,5,utf-8
1125,LIP-RTVE,speaker001_0133,44,../data/LIP-RTVE/WAVs/speaker001/speaker001_0133.wav,../data/LIP-RTVE/ROIs/speaker001/speaker001_0133.npz,../data/LIP-RTVE/transcriptions/speaker001/speaker001_0133.txt,5,utf-8
1126,LIP-RTVE,speaker001_0134,89,../data/LIP-RTVE/WAVs/speaker001/speaker001_0134.wav,../data/LIP-RTVE/ROIs/speaker001/speaker001_0134.npz,../data/LIP-RTVE/transcriptions/speaker001/speaker001_0134.txt,5,utf-8
1127,LIP-RTVE,speaker001_0135,67,../data/LIP-RTVE/WAVs/speaker001/speaker001_0135.wav,../data/LIP-RTVE/ROIs/speaker001/speaker001_0135.npz,../data/LIP-RTVE/transcriptions/speaker001/speaker001_0135.txt,5,utf-8
1128,LIP-RTVE,speaker001_0137,174,../data/LIP-RTVE/WAVs/speaker001/speaker001_0137.wav,../data/LIP-RTVE/ROIs/speaker001/speaker001_0137.npz,../data/LIP-RTVE/transcriptions/speaker001/speaker001_0137.txt,5,utf-8
1129,LIP-RTVE,speaker001_0138,188,../data/LIP-RTVE/WAVs/speaker001/speaker001_0138.wav,../data/LIP-RTVE/ROIs/speaker001/speaker001_0138.npz,../data/LIP-RTVE/transcriptions/speaker001/speaker001_0138.txt,5,utf-8
1130,LIP-RTVE,speaker001_0141,75,../data/LIP-RTVE/WAVs/speaker001/speaker001_0141.wav,../data/LIP-RTVE/ROIs/speaker001/speaker001_0141.npz,../data/LIP-RTVE/transcriptions/speaker001/speaker001_0141.txt,5,utf-8
1131,LIP-RTVE,speaker001_0142,83,../data/LIP-RTVE/WAVs/speaker001/speaker001_0142.wav,../data/LIP-RTVE/ROIs/speaker001/speaker001_0142.npz,../data/LIP-RTVE/transcriptions/speaker001/speaker001_0142.txt,5,utf-8
1132,LIP-RTVE,speaker001_0143,137,../data/LIP-RTVE/WAVs/speaker001/speaker001_0143.wav,../data/LIP-RTVE/ROIs/speaker001/speaker001_0143.npz,../data/LIP-RTVE/transcriptions/speaker001/speaker001_0143.txt,5,utf-8
1133,LIP-RTVE,speaker001_0144,61,../data/LIP-RTVE/WAVs/speaker001/speaker001_0144.wav,../data/LIP-RTVE/ROIs/speaker001/speaker001_0144.npz,../data/LIP-RTVE/transcriptions/speaker001/speaker001_0144.txt,5,utf-8
1134,LIP-RTVE,speaker001_0147,205,../data/LIP-RTVE/WAVs/speaker001/speaker001_0147.wav,../data/LIP-RTVE/ROIs/speaker001/speaker001_0147.npz,../data/LIP-RTVE/transcriptions/speaker001/speaker001_0147.txt,5,utf-8
1135,LIP-RTVE,speaker001_0148,85,../data/LIP-RTVE/WAVs/speaker001/speaker001_0148.wav,../data/LIP-RTVE/ROIs/speaker001/speaker001_0148.npz,../data/LIP-RTVE/transcriptions/speaker001/speaker001_0148.txt,5,utf-8
1136,LIP-RTVE,speaker001_0149,143,../data/LIP-RTVE/WAVs/speaker001/speaker001_0149.wav,../data/LIP-RTVE/ROIs/speaker001/speaker001_0149.npz,../data/LIP-RTVE/transcriptions/speaker001/speaker001_0149.txt,5,utf-8
1137,LIP-RTVE,speaker001_0151,119,../data/LIP-RTVE/WAVs/speaker001/speaker001_0151.wav,../data/LIP-RTVE/ROIs/speaker001/speaker001_0151.npz,../data/LIP-RTVE/transcriptions/speaker001/speaker001_0151.txt,5,utf-8
1138,LIP-RTVE,speaker001_0152,65,../data/LIP-RTVE/WAVs/speaker001/speaker001_0152.wav,../data/LIP-RTVE/ROIs/speaker001/speaker001_0152.npz,../data/LIP-RTVE/transcriptions/speaker001/speaker001_0152.txt,5,utf-8
1139,LIP-RTVE,speaker001_0154,113,../data/LIP-RTVE/WAVs/speaker001/speaker001_0154.wav,../data/LIP-RTVE/ROIs/speaker001/speaker001_0154.npz,../data/LIP-RTVE/transcriptions/speaker001/speaker001_0154.txt,5,utf-8
1140,LIP-RTVE,speaker001_0155,73,../data/LIP-RTVE/WAVs/speaker001/speaker001_0155.wav,../data/LIP-RTVE/ROIs/speaker001/speaker001_0155.npz,../data/LIP-RTVE/transcriptions/speaker001/speaker001_0155.txt,5,utf-8
1141,LIP-RTVE,speaker001_0156,115,../data/LIP-RTVE/WAVs/speaker001/speaker001_0156.wav,../data/LIP-RTVE/ROIs/speaker001/speaker001_0156.npz,../data/LIP-RTVE/transcriptions/speaker001/speaker001_0156.txt,5,utf-8
1142,LIP-RTVE,speaker001_0157,56,../data/LIP-RTVE/WAVs/speaker001/speaker001_0157.wav,../data/LIP-RTVE/ROIs/speaker001/speaker001_0157.npz,../data/LIP-RTVE/transcriptions/speaker001/speaker001_0157.txt,5,utf-8
1143,LIP-RTVE,speaker001_0158,107,../data/LIP-RTVE/WAVs/speaker001/speaker001_0158.wav,../data/LIP-RTVE/ROIs/speaker001/speaker001_0158.npz,../data/LIP-RTVE/transcriptions/speaker001/speaker001_0158.txt,5,utf-8
1144,LIP-RTVE,speaker001_0159,137,../data/LIP-RTVE/WAVs/speaker001/speaker001_0159.wav,../data/LIP-RTVE/ROIs/speaker001/speaker001_0159.npz,../data/LIP-RTVE/transcriptions/speaker001/speaker001_0159.txt,5,utf-8
1145,LIP-RTVE,speaker001_0160,61,../data/LIP-RTVE/WAVs/speaker001/speaker001_0160.wav,../data/LIP-RTVE/ROIs/speaker001/speaker001_0160.npz,../data/LIP-RTVE/transcriptions/speaker001/speaker001_0160.txt,5,utf-8
1146,LIP-RTVE,speaker001_0161,53,../data/LIP-RTVE/WAVs/speaker001/speaker001_0161.wav,../data/LIP-RTVE/ROIs/speaker001/speaker001_0161.npz,../data/LIP-RTVE/transcriptions/speaker001/speaker001_0161.txt,5,utf-8
1147,LIP-RTVE,speaker001_0162,43,../data/LIP-RTVE/WAVs/speaker001/speaker001_0162.wav,../data/LIP-RTVE/ROIs/speaker001/speaker001_0162.npz,../data/LIP-RTVE/transcriptions/speaker001/speaker001_0162.txt,5,utf-8
1148,LIP-RTVE,speaker001_0164,93,../data/LIP-RTVE/WAVs/speaker001/speaker001_0164.wav,../data/LIP-RTVE/ROIs/speaker001/speaker001_0164.npz,../data/LIP-RTVE/transcriptions/speaker001/speaker001_0164.txt,5,utf-8
1149,LIP-RTVE,speaker001_0165,167,../data/LIP-RTVE/WAVs/speaker001/speaker001_0165.wav,../data/LIP-RTVE/ROIs/speaker001/speaker001_0165.npz,../data/LIP-RTVE/transcriptions/speaker001/speaker001_0165.txt,5,utf-8
1150,LIP-RTVE,speaker001_0167,31,../data/LIP-RTVE/WAVs/speaker001/speaker001_0167.wav,../data/LIP-RTVE/ROIs/speaker001/speaker001_0167.npz,../data/LIP-RTVE/transcriptions/speaker001/speaker001_0167.txt,5,utf-8
1151,LIP-RTVE,speaker001_0168,75,../data/LIP-RTVE/WAVs/speaker001/speaker001_0168.wav,../data/LIP-RTVE/ROIs/speaker001/speaker001_0168.npz,../data/LIP-RTVE/transcriptions/speaker001/speaker001_0168.txt,5,utf-8
1152,LIP-RTVE,speaker001_0170,138,../data/LIP-RTVE/WAVs/speaker001/speaker001_0170.wav,../data/LIP-RTVE/ROIs/speaker001/speaker001_0170.npz,../data/LIP-RTVE/transcriptions/speaker001/speaker001_0170.txt,5,utf-8
1153,LIP-RTVE,speaker001_0171,38,../data/LIP-RTVE/WAVs/speaker001/speaker001_0171.wav,../data/LIP-RTVE/ROIs/speaker001/speaker001_0171.npz,../data/LIP-RTVE/transcriptions/speaker001/speaker001_0171.txt,5,utf-8
1154,LIP-RTVE,speaker001_0172,65,../data/LIP-RTVE/WAVs/speaker001/speaker001_0172.wav,../data/LIP-RTVE/ROIs/speaker001/speaker001_0172.npz,../data/LIP-RTVE/transcriptions/speaker001/speaker001_0172.txt,5,utf-8
1155,LIP-RTVE,speaker001_0174,231,../data/LIP-RTVE/WAVs/speaker001/speaker001_0174.wav,../data/LIP-RTVE/ROIs/speaker001/speaker001_0174.npz,../data/LIP-RTVE/transcriptions/speaker001/speaker001_0174.txt,5,utf-8
1156,LIP-RTVE,speaker001_0176,51,../data/LIP-RTVE/WAVs/speaker001/speaker001_0176.wav,../data/LIP-RTVE/ROIs/speaker001/speaker001_0176.npz,../data/LIP-RTVE/transcriptions/speaker001/speaker001_0176.txt,5,utf-8
1157,LIP-RTVE,speaker001_0177,118,../data/LIP-RTVE/WAVs/speaker001/speaker001_0177.wav,../data/LIP-RTVE/ROIs/speaker001/speaker001_0177.npz,../data/LIP-RTVE/transcriptions/speaker001/speaker001_0177.txt,5,utf-8
1158,LIP-RTVE,speaker001_0180,44,../data/LIP-RTVE/WAVs/speaker001/speaker001_0180.wav,../data/LIP-RTVE/ROIs/speaker001/speaker001_0180.npz,../data/LIP-RTVE/transcriptions/speaker001/speaker001_0180.txt,5,utf-8
1159,LIP-RTVE,speaker001_0181,97,../data/LIP-RTVE/WAVs/speaker001/speaker001_0181.wav,../data/LIP-RTVE/ROIs/speaker001/speaker001_0181.npz,../data/LIP-RTVE/transcriptions/speaker001/speaker001_0181.txt,5,utf-8
1160,LIP-RTVE,speaker001_0182,130,../data/LIP-RTVE/WAVs/speaker001/speaker001_0182.wav,../data/LIP-RTVE/ROIs/speaker001/speaker001_0182.npz,../data/LIP-RTVE/transcriptions/speaker001/speaker001_0182.txt,5,utf-8
1161,LIP-RTVE,speaker001_0186,124,../data/LIP-RTVE/WAVs/speaker001/speaker001_0186.wav,../data/LIP-RTVE/ROIs/speaker001/speaker001_0186.npz,../data/LIP-RTVE/transcriptions/speaker001/speaker001_0186.txt,5,utf-8
1162,LIP-RTVE,speaker001_0187,85,../data/LIP-RTVE/WAVs/speaker001/speaker001_0187.wav,../data/LIP-RTVE/ROIs/speaker001/speaker001_0187.npz,../data/LIP-RTVE/transcriptions/speaker001/speaker001_0187.txt,5,utf-8
1163,LIP-RTVE,speaker001_0188,26,../data/LIP-RTVE/WAVs/speaker001/speaker001_0188.wav,../data/LIP-RTVE/ROIs/speaker001/speaker001_0188.npz,../data/LIP-RTVE/transcriptions/speaker001/speaker001_0188.txt,5,utf-8
1164,LIP-RTVE,speaker001_0189,196,../data/LIP-RTVE/WAVs/speaker001/speaker001_0189.wav,../data/LIP-RTVE/ROIs/speaker001/speaker001_0189.npz,../data/LIP-RTVE/transcriptions/speaker001/speaker001_0189.txt,5,utf-8
1165,LIP-RTVE,speaker001_0190,62,../data/LIP-RTVE/WAVs/speaker001/speaker001_0190.wav,../data/LIP-RTVE/ROIs/speaker001/speaker001_0190.npz,../data/LIP-RTVE/transcriptions/speaker001/speaker001_0190.txt,5,utf-8
1166,LIP-RTVE,speaker001_0192,71,../data/LIP-RTVE/WAVs/speaker001/speaker001_0192.wav,../data/LIP-RTVE/ROIs/speaker001/speaker001_0192.npz,../data/LIP-RTVE/transcriptions/speaker001/speaker001_0192.txt,5,utf-8
1167,LIP-RTVE,speaker001_0193,163,../data/LIP-RTVE/WAVs/speaker001/speaker001_0193.wav,../data/LIP-RTVE/ROIs/speaker001/speaker001_0193.npz,../data/LIP-RTVE/transcriptions/speaker001/speaker001_0193.txt,5,utf-8
1168,LIP-RTVE,speaker001_0198,29,../data/LIP-RTVE/WAVs/speaker001/speaker001_0198.wav,../data/LIP-RTVE/ROIs/speaker001/speaker001_0198.npz,../data/LIP-RTVE/transcriptions/speaker001/speaker001_0198.txt,5,utf-8
1169,LIP-RTVE,speaker001_0199,110,../data/LIP-RTVE/WAVs/speaker001/speaker001_0199.wav,../data/LIP-RTVE/ROIs/speaker001/speaker001_0199.npz,../data/LIP-RTVE/transcriptions/speaker001/speaker001_0199.txt,5,utf-8
1170,LIP-RTVE,speaker001_0200,125,../data/LIP-RTVE/WAVs/speaker001/speaker001_0200.wav,../data/LIP-RTVE/ROIs/speaker001/speaker001_0200.npz,../data/LIP-RTVE/transcriptions/speaker001/speaker001_0200.txt,5,utf-8
1171,LIP-RTVE,speaker001_0202,35,../data/LIP-RTVE/WAVs/speaker001/speaker001_0202.wav,../data/LIP-RTVE/ROIs/speaker001/speaker001_0202.npz,../data/LIP-RTVE/transcriptions/speaker001/speaker001_0202.txt,5,utf-8
1172,LIP-RTVE,speaker001_0205,121,../data/LIP-RTVE/WAVs/speaker001/speaker001_0205.wav,../data/LIP-RTVE/ROIs/speaker001/speaker001_0205.npz,../data/LIP-RTVE/transcriptions/speaker001/speaker001_0205.txt,5,utf-8
1173,LIP-RTVE,speaker001_0206,46,../data/LIP-RTVE/WAVs/speaker001/speaker001_0206.wav,../data/LIP-RTVE/ROIs/speaker001/speaker001_0206.npz,../data/LIP-RTVE/transcriptions/speaker001/speaker001_0206.txt,5,utf-8
1174,LIP-RTVE,speaker001_0207,119,../data/LIP-RTVE/WAVs/speaker001/speaker001_0207.wav,../data/LIP-RTVE/ROIs/speaker001/speaker001_0207.npz,../data/LIP-RTVE/transcriptions/speaker001/speaker001_0207.txt,5,utf-8
1175,LIP-RTVE,speaker001_0208,99,../data/LIP-RTVE/WAVs/speaker001/speaker001_0208.wav,../data/LIP-RTVE/ROIs/speaker001/speaker001_0208.npz,../data/LIP-RTVE/transcriptions/speaker001/speaker001_0208.txt,5,utf-8
1176,LIP-RTVE,speaker001_0209,85,../data/LIP-RTVE/WAVs/speaker001/speaker001_0209.wav,../data/LIP-RTVE/ROIs/speaker001/speaker001_0209.npz,../data/LIP-RTVE/transcriptions/speaker001/speaker001_0209.txt,5,utf-8
1177,LIP-RTVE,speaker001_0210,128,../data/LIP-RTVE/WAVs/speaker001/speaker001_0210.wav,../data/LIP-RTVE/ROIs/speaker001/speaker001_0210.npz,../data/LIP-RTVE/transcriptions/speaker001/speaker001_0210.txt,5,utf-8
1178,LIP-RTVE,speaker001_0211,117,../data/LIP-RTVE/WAVs/speaker001/speaker001_0211.wav,../data/LIP-RTVE/ROIs/speaker001/speaker001_0211.npz,../data/LIP-RTVE/transcriptions/speaker001/speaker001_0211.txt,5,utf-8
1179,LIP-RTVE,speaker001_0212,170,../data/LIP-RTVE/WAVs/speaker001/speaker001_0212.wav,../data/LIP-RTVE/ROIs/speaker001/speaker001_0212.npz,../data/LIP-RTVE/transcriptions/speaker001/speaker001_0212.txt,5,utf-8
1180,LIP-RTVE,speaker001_0213,47,../data/LIP-RTVE/WAVs/speaker001/speaker001_0213.wav,../data/LIP-RTVE/ROIs/speaker001/speaker001_0213.npz,../data/LIP-RTVE/transcriptions/speaker001/speaker001_0213.txt,5,utf-8
1181,LIP-RTVE,speaker001_0214,49,../data/LIP-RTVE/WAVs/speaker001/speaker001_0214.wav,../data/LIP-RTVE/ROIs/speaker001/speaker001_0214.npz,../data/LIP-RTVE/transcriptions/speaker001/speaker001_0214.txt,5,utf-8
1182,LIP-RTVE,speaker001_0215,28,../data/LIP-RTVE/WAVs/speaker001/speaker001_0215.wav,../data/LIP-RTVE/ROIs/speaker001/speaker001_0215.npz,../data/LIP-RTVE/transcriptions/speaker001/speaker001_0215.txt,5,utf-8
1183,LIP-RTVE,speaker001_0217,47,../data/LIP-RTVE/WAVs/speaker001/speaker001_0217.wav,../data/LIP-RTVE/ROIs/speaker001/speaker001_0217.npz,../data/LIP-RTVE/transcriptions/speaker001/speaker001_0217.txt,5,utf-8
1184,LIP-RTVE,speaker001_0219,103,../data/LIP-RTVE/WAVs/speaker001/speaker001_0219.wav,../data/LIP-RTVE/ROIs/speaker001/speaker001_0219.npz,../data/LIP-RTVE/transcriptions/speaker001/speaker001_0219.txt,5,utf-8
1185,LIP-RTVE,speaker001_0220,68,../data/LIP-RTVE/WAVs/speaker001/speaker001_0220.wav,../data/LIP-RTVE/ROIs/speaker001/speaker001_0220.npz,../data/LIP-RTVE/transcriptions/speaker001/speaker001_0220.txt,5,utf-8
1186,LIP-RTVE,speaker001_0222,45,../data/LIP-RTVE/WAVs/speaker001/speaker001_0222.wav,../data/LIP-RTVE/ROIs/speaker001/speaker001_0222.npz,../data/LIP-RTVE/transcriptions/speaker001/speaker001_0222.txt,5,utf-8
1187,LIP-RTVE,speaker001_0223,102,../data/LIP-RTVE/WAVs/speaker001/speaker001_0223.wav,../data/LIP-RTVE/ROIs/speaker001/speaker001_0223.npz,../data/LIP-RTVE/transcriptions/speaker001/speaker001_0223.txt,5,utf-8
1188,LIP-RTVE,speaker001_0225,90,../data/LIP-RTVE/WAVs/speaker001/speaker001_0225.wav,../data/LIP-RTVE/ROIs/speaker001/speaker001_0225.npz,../data/LIP-RTVE/transcriptions/speaker001/speaker001_0225.txt,5,utf-8
1189,LIP-RTVE,speaker001_0226,192,../data/LIP-RTVE/WAVs/speaker001/speaker001_0226.wav,../data/LIP-RTVE/ROIs/speaker001/speaker001_0226.npz,../data/LIP-RTVE/transcriptions/speaker001/speaker001_0226.txt,5,utf-8
1190,LIP-RTVE,speaker001_0227,145,../data/LIP-RTVE/WAVs/speaker001/speaker001_0227.wav,../data/LIP-RTVE/ROIs/speaker001/speaker001_0227.npz,../data/LIP-RTVE/transcriptions/speaker001/speaker001_0227.txt,5,utf-8
1191,LIP-RTVE,speaker001_0230,142,../data/LIP-RTVE/WAVs/speaker001/speaker001_0230.wav,../data/LIP-RTVE/ROIs/speaker001/speaker001_0230.npz,../data/LIP-RTVE/transcriptions/speaker001/speaker001_0230.txt,5,utf-8
1192,LIP-RTVE,speaker001_0231,29,../data/LIP-RTVE/WAVs/speaker001/speaker001_0231.wav,../data/LIP-RTVE/ROIs/speaker001/speaker001_0231.npz,../data/LIP-RTVE/transcriptions/speaker001/speaker001_0231.txt,5,utf-8
1193,LIP-RTVE,speaker001_0235,105,../data/LIP-RTVE/WAVs/speaker001/speaker001_0235.wav,../data/LIP-RTVE/ROIs/speaker001/speaker001_0235.npz,../data/LIP-RTVE/transcriptions/speaker001/speaker001_0235.txt,5,utf-8
1194,LIP-RTVE,speaker001_0236,94,../data/LIP-RTVE/WAVs/speaker001/speaker001_0236.wav,../data/LIP-RTVE/ROIs/speaker001/speaker001_0236.npz,../data/LIP-RTVE/transcriptions/speaker001/speaker001_0236.txt,5,utf-8
1195,LIP-RTVE,speaker001_0237,86,../data/LIP-RTVE/WAVs/speaker001/speaker001_0237.wav,../data/LIP-RTVE/ROIs/speaker001/speaker001_0237.npz,../data/LIP-RTVE/transcriptions/speaker001/speaker001_0237.txt,5,utf-8
1196,LIP-RTVE,speaker001_0239,109,../data/LIP-RTVE/WAVs/speaker001/speaker001_0239.wav,../data/LIP-RTVE/ROIs/speaker001/speaker001_0239.npz,../data/LIP-RTVE/transcriptions/speaker001/speaker001_0239.txt,5,utf-8
1197,LIP-RTVE,speaker001_0240,26,../data/LIP-RTVE/WAVs/speaker001/speaker001_0240.wav,../data/LIP-RTVE/ROIs/speaker001/speaker001_0240.npz,../data/LIP-RTVE/transcriptions/speaker001/speaker001_0240.txt,5,utf-8
1198,LIP-RTVE,speaker001_0243,175,../data/LIP-RTVE/WAVs/speaker001/speaker001_0243.wav,../data/LIP-RTVE/ROIs/speaker001/speaker001_0243.npz,../data/LIP-RTVE/transcriptions/speaker001/speaker001_0243.txt,5,utf-8
1199,LIP-RTVE,speaker001_0244,250,../data/LIP-RTVE/WAVs/speaker001/speaker001_0244.wav,../data/LIP-RTVE/ROIs/speaker001/speaker001_0244.npz,../data/LIP-RTVE/transcriptions/speaker001/speaker001_0244.txt,5,utf-8
1200,LIP-RTVE,speaker001_0245,216,../data/LIP-RTVE/WAVs/speaker001/speaker001_0245.wav,../data/LIP-RTVE/ROIs/speaker001/speaker001_0245.npz,../data/LIP-RTVE/transcriptions/speaker001/speaker001_0245.txt,5,utf-8
1201,LIP-RTVE,speaker001_0246,34,../data/LIP-RTVE/WAVs/speaker001/speaker001_0246.wav,../data/LIP-RTVE/ROIs/speaker001/speaker001_0246.npz,../data/LIP-RTVE/transcriptions/speaker001/speaker001_0246.txt,5,utf-8
1202,LIP-RTVE,speaker001_0247,126,../data/LIP-RTVE/WAVs/speaker001/speaker001_0247.wav,../data/LIP-RTVE/ROIs/speaker001/speaker001_0247.npz,../data/LIP-RTVE/transcriptions/speaker001/speaker001_0247.txt,5,utf-8
1203,LIP-RTVE,speaker001_0248,90,../data/LIP-RTVE/WAVs/speaker001/speaker001_0248.wav,../data/LIP-RTVE/ROIs/speaker001/speaker001_0248.npz,../data/LIP-RTVE/transcriptions/speaker001/speaker001_0248.txt,5,utf-8
1204,LIP-RTVE,speaker001_0249,42,../data/LIP-RTVE/WAVs/speaker001/speaker001_0249.wav,../data/LIP-RTVE/ROIs/speaker001/speaker001_0249.npz,../data/LIP-RTVE/transcriptions/speaker001/speaker001_0249.txt,5,utf-8
1205,LIP-RTVE,speaker001_0250,291,../data/LIP-RTVE/WAVs/speaker001/speaker001_0250.wav,../data/LIP-RTVE/ROIs/speaker001/speaker001_0250.npz,../data/LIP-RTVE/transcriptions/speaker001/speaker001_0250.txt,5,utf-8
1206,LIP-RTVE,speaker001_0252,89,../data/LIP-RTVE/WAVs/speaker001/speaker001_0252.wav,../data/LIP-RTVE/ROIs/speaker001/speaker001_0252.npz,../data/LIP-RTVE/transcriptions/speaker001/speaker001_0252.txt,5,utf-8
1207,LIP-RTVE,speaker001_0253,68,../data/LIP-RTVE/WAVs/speaker001/speaker001_0253.wav,../data/LIP-RTVE/ROIs/speaker001/speaker001_0253.npz,../data/LIP-RTVE/transcriptions/speaker001/speaker001_0253.txt,5,utf-8
1208,LIP-RTVE,speaker001_0254,110,../data/LIP-RTVE/WAVs/speaker001/speaker001_0254.wav,../data/LIP-RTVE/ROIs/speaker001/speaker001_0254.npz,../data/LIP-RTVE/transcriptions/speaker001/speaker001_0254.txt,5,utf-8
1209,LIP-RTVE,speaker001_0255,93,../data/LIP-RTVE/WAVs/speaker001/speaker001_0255.wav,../data/LIP-RTVE/ROIs/speaker001/speaker001_0255.npz,../data/LIP-RTVE/transcriptions/speaker001/speaker001_0255.txt,5,utf-8
1210,LIP-RTVE,speaker001_0257,141,../data/LIP-RTVE/WAVs/speaker001/speaker001_0257.wav,../data/LIP-RTVE/ROIs/speaker001/speaker001_0257.npz,../data/LIP-RTVE/transcriptions/speaker001/speaker001_0257.txt,5,utf-8
1211,LIP-RTVE,speaker001_0258,106,../data/LIP-RTVE/WAVs/speaker001/speaker001_0258.wav,../data/LIP-RTVE/ROIs/speaker001/speaker001_0258.npz,../data/LIP-RTVE/transcriptions/speaker001/speaker001_0258.txt,5,utf-8
1212,LIP-RTVE,speaker001_0261,45,../data/LIP-RTVE/WAVs/speaker001/speaker001_0261.wav,../data/LIP-RTVE/ROIs/speaker001/speaker001_0261.npz,../data/LIP-RTVE/transcriptions/speaker001/speaker001_0261.txt,5,utf-8
1213,LIP-RTVE,speaker001_0262,199,../data/LIP-RTVE/WAVs/speaker001/speaker001_0262.wav,../data/LIP-RTVE/ROIs/speaker001/speaker001_0262.npz,../data/LIP-RTVE/transcriptions/speaker001/speaker001_0262.txt,5,utf-8
1214,LIP-RTVE,speaker001_0263,157,../data/LIP-RTVE/WAVs/speaker001/speaker001_0263.wav,../data/LIP-RTVE/ROIs/speaker001/speaker001_0263.npz,../data/LIP-RTVE/transcriptions/speaker001/speaker001_0263.txt,5,utf-8
1215,LIP-RTVE,speaker001_0264,69,../data/LIP-RTVE/WAVs/speaker001/speaker001_0264.wav,../data/LIP-RTVE/ROIs/speaker001/speaker001_0264.npz,../data/LIP-RTVE/transcriptions/speaker001/speaker001_0264.txt,5,utf-8
1216,LIP-RTVE,speaker001_0265,204,../data/LIP-RTVE/WAVs/speaker001/speaker001_0265.wav,../data/LIP-RTVE/ROIs/speaker001/speaker001_0265.npz,../data/LIP-RTVE/transcriptions/speaker001/speaker001_0265.txt,5,utf-8
1217,LIP-RTVE,speaker001_0266,244,../data/LIP-RTVE/WAVs/speaker001/speaker001_0266.wav,../data/LIP-RTVE/ROIs/speaker001/speaker001_0266.npz,../data/LIP-RTVE/transcriptions/speaker001/speaker001_0266.txt,5,utf-8
1218,LIP-RTVE,speaker001_0267,54,../data/LIP-RTVE/WAVs/speaker001/speaker001_0267.wav,../data/LIP-RTVE/ROIs/speaker001/speaker001_0267.npz,../data/LIP-RTVE/transcriptions/speaker001/speaker001_0267.txt,5,utf-8
1219,LIP-RTVE,speaker001_0269,50,../data/LIP-RTVE/WAVs/speaker001/speaker001_0269.wav,../data/LIP-RTVE/ROIs/speaker001/speaker001_0269.npz,../data/LIP-RTVE/transcriptions/speaker001/speaker001_0269.txt,5,utf-8
1220,LIP-RTVE,speaker001_0271,201,../data/LIP-RTVE/WAVs/speaker001/speaker001_0271.wav,../data/LIP-RTVE/ROIs/speaker001/speaker001_0271.npz,../data/LIP-RTVE/transcriptions/speaker001/speaker001_0271.txt,5,utf-8
1221,LIP-RTVE,speaker001_0272,122,../data/LIP-RTVE/WAVs/speaker001/speaker001_0272.wav,../data/LIP-RTVE/ROIs/speaker001/speaker001_0272.npz,../data/LIP-RTVE/transcriptions/speaker001/speaker001_0272.txt,5,utf-8
1222,LIP-RTVE,speaker001_0274,124,../data/LIP-RTVE/WAVs/speaker001/speaker001_0274.wav,../data/LIP-RTVE/ROIs/speaker001/speaker001_0274.npz,../data/LIP-RTVE/transcriptions/speaker001/speaker001_0274.txt,5,utf-8
1223,LIP-RTVE,speaker001_0277,130,../data/LIP-RTVE/WAVs/speaker001/speaker001_0277.wav,../data/LIP-RTVE/ROIs/speaker001/speaker001_0277.npz,../data/LIP-RTVE/transcriptions/speaker001/speaker001_0277.txt,5,utf-8
1224,LIP-RTVE,speaker001_0280,59,../data/LIP-RTVE/WAVs/speaker001/speaker001_0280.wav,../data/LIP-RTVE/ROIs/speaker001/speaker001_0280.npz,../data/LIP-RTVE/transcriptions/speaker001/speaker001_0280.txt,5,utf-8
1225,LIP-RTVE,speaker001_0282,166,../data/LIP-RTVE/WAVs/speaker001/speaker001_0282.wav,../data/LIP-RTVE/ROIs/speaker001/speaker001_0282.npz,../data/LIP-RTVE/transcriptions/speaker001/speaker001_0282.txt,5,utf-8
1226,LIP-RTVE,speaker001_0283,225,../data/LIP-RTVE/WAVs/speaker001/speaker001_0283.wav,../data/LIP-RTVE/ROIs/speaker001/speaker001_0283.npz,../data/LIP-RTVE/transcriptions/speaker001/speaker001_0283.txt,5,utf-8
1227,LIP-RTVE,speaker001_0284,60,../data/LIP-RTVE/WAVs/speaker001/speaker001_0284.wav,../data/LIP-RTVE/ROIs/speaker001/speaker001_0284.npz,../data/LIP-RTVE/transcriptions/speaker001/speaker001_0284.txt,5,utf-8
1228,LIP-RTVE,speaker001_0285,237,../data/LIP-RTVE/WAVs/speaker001/speaker001_0285.wav,../data/LIP-RTVE/ROIs/speaker001/speaker001_0285.npz,../data/LIP-RTVE/transcriptions/speaker001/speaker001_0285.txt,5,utf-8
1229,LIP-RTVE,speaker001_0286,198,../data/LIP-RTVE/WAVs/speaker001/speaker001_0286.wav,../data/LIP-RTVE/ROIs/speaker001/speaker001_0286.npz,../data/LIP-RTVE/transcriptions/speaker001/speaker001_0286.txt,5,utf-8
1230,LIP-RTVE,speaker001_0287,81,../data/LIP-RTVE/WAVs/speaker001/speaker001_0287.wav,../data/LIP-RTVE/ROIs/speaker001/speaker001_0287.npz,../data/LIP-RTVE/transcriptions/speaker001/speaker001_0287.txt,5,utf-8
1231,LIP-RTVE,speaker001_0288,165,../data/LIP-RTVE/WAVs/speaker001/speaker001_0288.wav,../data/LIP-RTVE/ROIs/speaker001/speaker001_0288.npz,../data/LIP-RTVE/transcriptions/speaker001/speaker001_0288.txt,5,utf-8
1232,LIP-RTVE,speaker001_0289,64,../data/LIP-RTVE/WAVs/speaker001/speaker001_0289.wav,../data/LIP-RTVE/ROIs/speaker001/speaker001_0289.npz,../data/LIP-RTVE/transcriptions/speaker001/speaker001_0289.txt,5,utf-8
1233,LIP-RTVE,speaker001_0290,42,../data/LIP-RTVE/WAVs/speaker001/speaker001_0290.wav,../data/LIP-RTVE/ROIs/speaker001/speaker001_0290.npz,../data/LIP-RTVE/transcriptions/speaker001/speaker001_0290.txt,5,utf-8
1234,LIP-RTVE,speaker001_0291,138,../data/LIP-RTVE/WAVs/speaker001/speaker001_0291.wav,../data/LIP-RTVE/ROIs/speaker001/speaker001_0291.npz,../data/LIP-RTVE/transcriptions/speaker001/speaker001_0291.txt,5,utf-8
1235,LIP-RTVE,speaker001_0292,53,../data/LIP-RTVE/WAVs/speaker001/speaker001_0292.wav,../data/LIP-RTVE/ROIs/speaker001/speaker001_0292.npz,../data/LIP-RTVE/transcriptions/speaker001/speaker001_0292.txt,5,utf-8
1236,LIP-RTVE,speaker001_0294,65,../data/LIP-RTVE/WAVs/speaker001/speaker001_0294.wav,../data/LIP-RTVE/ROIs/speaker001/speaker001_0294.npz,../data/LIP-RTVE/transcriptions/speaker001/speaker001_0294.txt,5,utf-8
1237,LIP-RTVE,speaker001_0295,152,../data/LIP-RTVE/WAVs/speaker001/speaker001_0295.wav,../data/LIP-RTVE/ROIs/speaker001/speaker001_0295.npz,../data/LIP-RTVE/transcriptions/speaker001/speaker001_0295.txt,5,utf-8
1238,LIP-RTVE,speaker001_0296,91,../data/LIP-RTVE/WAVs/speaker001/speaker001_0296.wav,../data/LIP-RTVE/ROIs/speaker001/speaker001_0296.npz,../data/LIP-RTVE/transcriptions/speaker001/speaker001_0296.txt,5,utf-8
1239,LIP-RTVE,speaker001_0297,98,../data/LIP-RTVE/WAVs/speaker001/speaker001_0297.wav,../data/LIP-RTVE/ROIs/speaker001/speaker001_0297.npz,../data/LIP-RTVE/transcriptions/speaker001/speaker001_0297.txt,5,utf-8
1240,LIP-RTVE,speaker001_0299,100,../data/LIP-RTVE/WAVs/speaker001/speaker001_0299.wav,../data/LIP-RTVE/ROIs/speaker001/speaker001_0299.npz,../data/LIP-RTVE/transcriptions/speaker001/speaker001_0299.txt,5,utf-8
1241,LIP-RTVE,speaker001_0300,78,../data/LIP-RTVE/WAVs/speaker001/speaker001_0300.wav,../data/LIP-RTVE/ROIs/speaker001/speaker001_0300.npz,../data/LIP-RTVE/transcriptions/speaker001/speaker001_0300.txt,5,utf-8
1242,LIP-RTVE,speaker001_0301,96,../data/LIP-RTVE/WAVs/speaker001/speaker001_0301.wav,../data/LIP-RTVE/ROIs/speaker001/speaker001_0301.npz,../data/LIP-RTVE/transcriptions/speaker001/speaker001_0301.txt,5,utf-8
1243,LIP-RTVE,speaker001_0302,180,../data/LIP-RTVE/WAVs/speaker001/speaker001_0302.wav,../data/LIP-RTVE/ROIs/speaker001/speaker001_0302.npz,../data/LIP-RTVE/transcriptions/speaker001/speaker001_0302.txt,5,utf-8
1244,LIP-RTVE,speaker001_0303,115,../data/LIP-RTVE/WAVs/speaker001/speaker001_0303.wav,../data/LIP-RTVE/ROIs/speaker001/speaker001_0303.npz,../data/LIP-RTVE/transcriptions/speaker001/speaker001_0303.txt,5,utf-8
1245,LIP-RTVE,speaker001_0304,223,../data/LIP-RTVE/WAVs/speaker001/speaker001_0304.wav,../data/LIP-RTVE/ROIs/speaker001/speaker001_0304.npz,../data/LIP-RTVE/transcriptions/speaker001/speaker001_0304.txt,5,utf-8
1246,LIP-RTVE,speaker001_0305,101,../data/LIP-RTVE/WAVs/speaker001/speaker001_0305.wav,../data/LIP-RTVE/ROIs/speaker001/speaker001_0305.npz,../data/LIP-RTVE/transcriptions/speaker001/speaker001_0305.txt,5,utf-8
1247,LIP-RTVE,speaker001_0306,121,../data/LIP-RTVE/WAVs/speaker001/speaker001_0306.wav,../data/LIP-RTVE/ROIs/speaker001/speaker001_0306.npz,../data/LIP-RTVE/transcriptions/speaker001/speaker001_0306.txt,5,utf-8
1248,LIP-RTVE,speaker001_0307,163,../data/LIP-RTVE/WAVs/speaker001/speaker001_0307.wav,../data/LIP-RTVE/ROIs/speaker001/speaker001_0307.npz,../data/LIP-RTVE/transcriptions/speaker001/speaker001_0307.txt,5,utf-8
1249,LIP-RTVE,speaker001_0308,140,../data/LIP-RTVE/WAVs/speaker001/speaker001_0308.wav,../data/LIP-RTVE/ROIs/speaker001/speaker001_0308.npz,../data/LIP-RTVE/transcriptions/speaker001/speaker001_0308.txt,5,utf-8
1250,LIP-RTVE,speaker001_0310,110,../data/LIP-RTVE/WAVs/speaker001/speaker001_0310.wav,../data/LIP-RTVE/ROIs/speaker001/speaker001_0310.npz,../data/LIP-RTVE/transcriptions/speaker001/speaker001_0310.txt,5,utf-8
1251,LIP-RTVE,speaker001_0311,28,../data/LIP-RTVE/WAVs/speaker001/speaker001_0311.wav,../data/LIP-RTVE/ROIs/speaker001/speaker001_0311.npz,../data/LIP-RTVE/transcriptions/speaker001/speaker001_0311.txt,5,utf-8
1252,LIP-RTVE,speaker001_0312,156,../data/LIP-RTVE/WAVs/speaker001/speaker001_0312.wav,../data/LIP-RTVE/ROIs/speaker001/speaker001_0312.npz,../data/LIP-RTVE/transcriptions/speaker001/speaker001_0312.txt,5,utf-8
1253,LIP-RTVE,speaker001_0313,163,../data/LIP-RTVE/WAVs/speaker001/speaker001_0313.wav,../data/LIP-RTVE/ROIs/speaker001/speaker001_0313.npz,../data/LIP-RTVE/transcriptions/speaker001/speaker001_0313.txt,5,utf-8
1254,LIP-RTVE,speaker001_0315,51,../data/LIP-RTVE/WAVs/speaker001/speaker001_0315.wav,../data/LIP-RTVE/ROIs/speaker001/speaker001_0315.npz,../data/LIP-RTVE/transcriptions/speaker001/speaker001_0315.txt,5,utf-8
1255,LIP-RTVE,speaker001_0316,150,../data/LIP-RTVE/WAVs/speaker001/speaker001_0316.wav,../data/LIP-RTVE/ROIs/speaker001/speaker001_0316.npz,../data/LIP-RTVE/transcriptions/speaker001/speaker001_0316.txt,5,utf-8
1256,LIP-RTVE,speaker001_0317,94,../data/LIP-RTVE/WAVs/speaker001/speaker001_0317.wav,../data/LIP-RTVE/ROIs/speaker001/speaker001_0317.npz,../data/LIP-RTVE/transcriptions/speaker001/speaker001_0317.txt,5,utf-8
1257,LIP-RTVE,speaker001_0318,122,../data/LIP-RTVE/WAVs/speaker001/speaker001_0318.wav,../data/LIP-RTVE/ROIs/speaker001/speaker001_0318.npz,../data/LIP-RTVE/transcriptions/speaker001/speaker001_0318.txt,5,utf-8
1258,LIP-RTVE,speaker001_0319,157,../data/LIP-RTVE/WAVs/speaker001/speaker001_0319.wav,../data/LIP-RTVE/ROIs/speaker001/speaker001_0319.npz,../data/LIP-RTVE/transcriptions/speaker001/speaker001_0319.txt,5,utf-8
1259,LIP-RTVE,speaker001_0321,43,../data/LIP-RTVE/WAVs/speaker001/speaker001_0321.wav,../data/LIP-RTVE/ROIs/speaker001/speaker001_0321.npz,../data/LIP-RTVE/transcriptions/speaker001/speaker001_0321.txt,5,utf-8
1260,LIP-RTVE,speaker001_0322,146,../data/LIP-RTVE/WAVs/speaker001/speaker001_0322.wav,../data/LIP-RTVE/ROIs/speaker001/speaker001_0322.npz,../data/LIP-RTVE/transcriptions/speaker001/speaker001_0322.txt,5,utf-8
1261,LIP-RTVE,speaker001_0323,126,../data/LIP-RTVE/WAVs/speaker001/speaker001_0323.wav,../data/LIP-RTVE/ROIs/speaker001/speaker001_0323.npz,../data/LIP-RTVE/transcriptions/speaker001/speaker001_0323.txt,5,utf-8
1262,LIP-RTVE,speaker001_0325,150,../data/LIP-RTVE/WAVs/speaker001/speaker001_0325.wav,../data/LIP-RTVE/ROIs/speaker001/speaker001_0325.npz,../data/LIP-RTVE/transcriptions/speaker001/speaker001_0325.txt,5,utf-8
1263,LIP-RTVE,speaker001_0329,50,../data/LIP-RTVE/WAVs/speaker001/speaker001_0329.wav,../data/LIP-RTVE/ROIs/speaker001/speaker001_0329.npz,../data/LIP-RTVE/transcriptions/speaker001/speaker001_0329.txt,5,utf-8
1264,LIP-RTVE,speaker001_0330,122,../data/LIP-RTVE/WAVs/speaker001/speaker001_0330.wav,../data/LIP-RTVE/ROIs/speaker001/speaker001_0330.npz,../data/LIP-RTVE/transcriptions/speaker001/speaker001_0330.txt,5,utf-8
1265,LIP-RTVE,speaker001_0331,149,../data/LIP-RTVE/WAVs/speaker001/speaker001_0331.wav,../data/LIP-RTVE/ROIs/speaker001/speaker001_0331.npz,../data/LIP-RTVE/transcriptions/speaker001/speaker001_0331.txt,5,utf-8
1266,LIP-RTVE,speaker001_0334,129,../data/LIP-RTVE/WAVs/speaker001/speaker001_0334.wav,../data/LIP-RTVE/ROIs/speaker001/speaker001_0334.npz,../data/LIP-RTVE/transcriptions/speaker001/speaker001_0334.txt,5,utf-8
1267,LIP-RTVE,speaker001_0335,52,../data/LIP-RTVE/WAVs/speaker001/speaker001_0335.wav,../data/LIP-RTVE/ROIs/speaker001/speaker001_0335.npz,../data/LIP-RTVE/transcriptions/speaker001/speaker001_0335.txt,5,utf-8
1268,LIP-RTVE,speaker001_0336,140,../data/LIP-RTVE/WAVs/speaker001/speaker001_0336.wav,../data/LIP-RTVE/ROIs/speaker001/speaker001_0336.npz,../data/LIP-RTVE/transcriptions/speaker001/speaker001_0336.txt,5,utf-8
1269,LIP-RTVE,speaker001_0337,119,../data/LIP-RTVE/WAVs/speaker001/speaker001_0337.wav,../data/LIP-RTVE/ROIs/speaker001/speaker001_0337.npz,../data/LIP-RTVE/transcriptions/speaker001/speaker001_0337.txt,5,utf-8
1270,LIP-RTVE,speaker001_0338,104,../data/LIP-RTVE/WAVs/speaker001/speaker001_0338.wav,../data/LIP-RTVE/ROIs/speaker001/speaker001_0338.npz,../data/LIP-RTVE/transcriptions/speaker001/speaker001_0338.txt,5,utf-8
1271,LIP-RTVE,speaker001_0339,119,../data/LIP-RTVE/WAVs/speaker001/speaker001_0339.wav,../data/LIP-RTVE/ROIs/speaker001/speaker001_0339.npz,../data/LIP-RTVE/transcriptions/speaker001/speaker001_0339.txt,5,utf-8
1272,LIP-RTVE,speaker001_0340,196,../data/LIP-RTVE/WAVs/speaker001/speaker001_0340.wav,../data/LIP-RTVE/ROIs/speaker001/speaker001_0340.npz,../data/LIP-RTVE/transcriptions/speaker001/speaker001_0340.txt,5,utf-8
1273,LIP-RTVE,speaker001_0343,149,../data/LIP-RTVE/WAVs/speaker001/speaker001_0343.wav,../data/LIP-RTVE/ROIs/speaker001/speaker001_0343.npz,../data/LIP-RTVE/transcriptions/speaker001/speaker001_0343.txt,5,utf-8
1274,LIP-RTVE,speaker001_0344,61,../data/LIP-RTVE/WAVs/speaker001/speaker001_0344.wav,../data/LIP-RTVE/ROIs/speaker001/speaker001_0344.npz,../data/LIP-RTVE/transcriptions/speaker001/speaker001_0344.txt,5,utf-8
1275,LIP-RTVE,speaker001_0345,81,../data/LIP-RTVE/WAVs/speaker001/speaker001_0345.wav,../data/LIP-RTVE/ROIs/speaker001/speaker001_0345.npz,../data/LIP-RTVE/transcriptions/speaker001/speaker001_0345.txt,5,utf-8
1276,LIP-RTVE,speaker001_0346,117,../data/LIP-RTVE/WAVs/speaker001/speaker001_0346.wav,../data/LIP-RTVE/ROIs/speaker001/speaker001_0346.npz,../data/LIP-RTVE/transcriptions/speaker001/speaker001_0346.txt,5,utf-8
1277,LIP-RTVE,speaker001_0348,27,../data/LIP-RTVE/WAVs/speaker001/speaker001_0348.wav,../data/LIP-RTVE/ROIs/speaker001/speaker001_0348.npz,../data/LIP-RTVE/transcriptions/speaker001/speaker001_0348.txt,5,utf-8
1278,LIP-RTVE,speaker001_0349,122,../data/LIP-RTVE/WAVs/speaker001/speaker001_0349.wav,../data/LIP-RTVE/ROIs/speaker001/speaker001_0349.npz,../data/LIP-RTVE/transcriptions/speaker001/speaker001_0349.txt,5,utf-8
1279,LIP-RTVE,speaker001_0350,184,../data/LIP-RTVE/WAVs/speaker001/speaker001_0350.wav,../data/LIP-RTVE/ROIs/speaker001/speaker001_0350.npz,../data/LIP-RTVE/transcriptions/speaker001/speaker001_0350.txt,5,utf-8
1280,LIP-RTVE,speaker001_0351,101,../data/LIP-RTVE/WAVs/speaker001/speaker001_0351.wav,../data/LIP-RTVE/ROIs/speaker001/speaker001_0351.npz,../data/LIP-RTVE/transcriptions/speaker001/speaker001_0351.txt,5,utf-8
1281,LIP-RTVE,speaker001_0352,128,../data/LIP-RTVE/WAVs/speaker001/speaker001_0352.wav,../data/LIP-RTVE/ROIs/speaker001/speaker001_0352.npz,../data/LIP-RTVE/transcriptions/speaker001/speaker001_0352.txt,5,utf-8
1282,LIP-RTVE,speaker001_0354,188,../data/LIP-RTVE/WAVs/speaker001/speaker001_0354.wav,../data/LIP-RTVE/ROIs/speaker001/speaker001_0354.npz,../data/LIP-RTVE/transcriptions/speaker001/speaker001_0354.txt,5,utf-8
1283,LIP-RTVE,speaker001_0357,181,../data/LIP-RTVE/WAVs/speaker001/speaker001_0357.wav,../data/LIP-RTVE/ROIs/speaker001/speaker001_0357.npz,../data/LIP-RTVE/transcriptions/speaker001/speaker001_0357.txt,5,utf-8
1284,LIP-RTVE,speaker001_0359,85,../data/LIP-RTVE/WAVs/speaker001/speaker001_0359.wav,../data/LIP-RTVE/ROIs/speaker001/speaker001_0359.npz,../data/LIP-RTVE/transcriptions/speaker001/speaker001_0359.txt,5,utf-8
1285,LIP-RTVE,speaker001_0361,68,../data/LIP-RTVE/WAVs/speaker001/speaker001_0361.wav,../data/LIP-RTVE/ROIs/speaker001/speaker001_0361.npz,../data/LIP-RTVE/transcriptions/speaker001/speaker001_0361.txt,5,utf-8
1286,LIP-RTVE,speaker001_0362,46,../data/LIP-RTVE/WAVs/speaker001/speaker001_0362.wav,../data/LIP-RTVE/ROIs/speaker001/speaker001_0362.npz,../data/LIP-RTVE/transcriptions/speaker001/speaker001_0362.txt,5,utf-8
1287,LIP-RTVE,speaker001_0363,50,../data/LIP-RTVE/WAVs/speaker001/speaker001_0363.wav,../data/LIP-RTVE/ROIs/speaker001/speaker001_0363.npz,../data/LIP-RTVE/transcriptions/speaker001/speaker001_0363.txt,5,utf-8
1288,LIP-RTVE,speaker001_0365,114,../data/LIP-RTVE/WAVs/speaker001/speaker001_0365.wav,../data/LIP-RTVE/ROIs/speaker001/speaker001_0365.npz,../data/LIP-RTVE/transcriptions/speaker001/speaker001_0365.txt,5,utf-8
1289,LIP-RTVE,speaker001_0367,129,../data/LIP-RTVE/WAVs/speaker001/speaker001_0367.wav,../data/LIP-RTVE/ROIs/speaker001/speaker001_0367.npz,../data/LIP-RTVE/transcriptions/speaker001/speaker001_0367.txt,5,utf-8
1290,LIP-RTVE,speaker001_0369,112,../data/LIP-RTVE/WAVs/speaker001/speaker001_0369.wav,../data/LIP-RTVE/ROIs/speaker001/speaker001_0369.npz,../data/LIP-RTVE/transcriptions/speaker001/speaker001_0369.txt,5,utf-8
1291,LIP-RTVE,speaker001_0371,66,../data/LIP-RTVE/WAVs/speaker001/speaker001_0371.wav,../data/LIP-RTVE/ROIs/speaker001/speaker001_0371.npz,../data/LIP-RTVE/transcriptions/speaker001/speaker001_0371.txt,5,utf-8
1292,LIP-RTVE,speaker001_0374,87,../data/LIP-RTVE/WAVs/speaker001/speaker001_0374.wav,../data/LIP-RTVE/ROIs/speaker001/speaker001_0374.npz,../data/LIP-RTVE/transcriptions/speaker001/speaker001_0374.txt,5,utf-8
1293,LIP-RTVE,speaker001_0376,155,../data/LIP-RTVE/WAVs/speaker001/speaker001_0376.wav,../data/LIP-RTVE/ROIs/speaker001/speaker001_0376.npz,../data/LIP-RTVE/transcriptions/speaker001/speaker001_0376.txt,5,utf-8
1294,LIP-RTVE,speaker001_0377,228,../data/LIP-RTVE/WAVs/speaker001/speaker001_0377.wav,../data/LIP-RTVE/ROIs/speaker001/speaker001_0377.npz,../data/LIP-RTVE/transcriptions/speaker001/speaker001_0377.txt,5,utf-8
1295,LIP-RTVE,speaker001_0378,78,../data/LIP-RTVE/WAVs/speaker001/speaker001_0378.wav,../data/LIP-RTVE/ROIs/speaker001/speaker001_0378.npz,../data/LIP-RTVE/transcriptions/speaker001/speaker001_0378.txt,5,utf-8
1296,LIP-RTVE,speaker001_0379,124,../data/LIP-RTVE/WAVs/speaker001/speaker001_0379.wav,../data/LIP-RTVE/ROIs/speaker001/speaker001_0379.npz,../data/LIP-RTVE/transcriptions/speaker001/speaker001_0379.txt,5,utf-8
1297,LIP-RTVE,speaker001_0380,137,../data/LIP-RTVE/WAVs/speaker001/speaker001_0380.wav,../data/LIP-RTVE/ROIs/speaker001/speaker001_0380.npz,../data/LIP-RTVE/transcriptions/speaker001/speaker001_0380.txt,5,utf-8
1298,LIP-RTVE,speaker001_0381,207,../data/LIP-RTVE/WAVs/speaker001/speaker001_0381.wav,../data/LIP-RTVE/ROIs/speaker001/speaker001_0381.npz,../data/LIP-RTVE/transcriptions/speaker001/speaker001_0381.txt,5,utf-8
1299,LIP-RTVE,speaker001_0382,73,../data/LIP-RTVE/WAVs/speaker001/speaker001_0382.wav,../data/LIP-RTVE/ROIs/speaker001/speaker001_0382.npz,../data/LIP-RTVE/transcriptions/speaker001/speaker001_0382.txt,5,utf-8
1300,LIP-RTVE,speaker001_0383,146,../data/LIP-RTVE/WAVs/speaker001/speaker001_0383.wav,../data/LIP-RTVE/ROIs/speaker001/speaker001_0383.npz,../data/LIP-RTVE/transcriptions/speaker001/speaker001_0383.txt,5,utf-8
1301,LIP-RTVE,speaker001_0385,85,../data/LIP-RTVE/WAVs/speaker001/speaker001_0385.wav,../data/LIP-RTVE/ROIs/speaker001/speaker001_0385.npz,../data/LIP-RTVE/transcriptions/speaker001/speaker001_0385.txt,5,utf-8
1302,LIP-RTVE,speaker001_0389,158,../data/LIP-RTVE/WAVs/speaker001/speaker001_0389.wav,../data/LIP-RTVE/ROIs/speaker001/speaker001_0389.npz,../data/LIP-RTVE/transcriptions/speaker001/speaker001_0389.txt,5,utf-8
1303,LIP-RTVE,speaker001_0391,35,../data/LIP-RTVE/WAVs/speaker001/speaker001_0391.wav,../data/LIP-RTVE/ROIs/speaker001/speaker001_0391.npz,../data/LIP-RTVE/transcriptions/speaker001/speaker001_0391.txt,5,utf-8
1304,LIP-RTVE,speaker001_0392,114,../data/LIP-RTVE/WAVs/speaker001/speaker001_0392.wav,../data/LIP-RTVE/ROIs/speaker001/speaker001_0392.npz,../data/LIP-RTVE/transcriptions/speaker001/speaker001_0392.txt,5,utf-8
1305,LIP-RTVE,speaker001_0393,158,../data/LIP-RTVE/WAVs/speaker001/speaker001_0393.wav,../data/LIP-RTVE/ROIs/speaker001/speaker001_0393.npz,../data/LIP-RTVE/transcriptions/speaker001/speaker001_0393.txt,5,utf-8
1306,LIP-RTVE,speaker001_0395,160,../data/LIP-RTVE/WAVs/speaker001/speaker001_0395.wav,../data/LIP-RTVE/ROIs/speaker001/speaker001_0395.npz,../data/LIP-RTVE/transcriptions/speaker001/speaker001_0395.txt,5,utf-8
1307,LIP-RTVE,speaker001_0396,205,../data/LIP-RTVE/WAVs/speaker001/speaker001_0396.wav,../data/LIP-RTVE/ROIs/speaker001/speaker001_0396.npz,../data/LIP-RTVE/transcriptions/speaker001/speaker001_0396.txt,5,utf-8
1308,LIP-RTVE,speaker001_0398,207,../data/LIP-RTVE/WAVs/speaker001/speaker001_0398.wav,../data/LIP-RTVE/ROIs/speaker001/speaker001_0398.npz,../data/LIP-RTVE/transcriptions/speaker001/speaker001_0398.txt,5,utf-8
1309,LIP-RTVE,speaker001_0399,139,../data/LIP-RTVE/WAVs/speaker001/speaker001_0399.wav,../data/LIP-RTVE/ROIs/speaker001/speaker001_0399.npz,../data/LIP-RTVE/transcriptions/speaker001/speaker001_0399.txt,5,utf-8
1310,LIP-RTVE,speaker001_0401,99,../data/LIP-RTVE/WAVs/speaker001/speaker001_0401.wav,../data/LIP-RTVE/ROIs/speaker001/speaker001_0401.npz,../data/LIP-RTVE/transcriptions/speaker001/speaker001_0401.txt,5,utf-8
1311,LIP-RTVE,speaker001_0404,172,../data/LIP-RTVE/WAVs/speaker001/speaker001_0404.wav,../data/LIP-RTVE/ROIs/speaker001/speaker001_0404.npz,../data/LIP-RTVE/transcriptions/speaker001/speaker001_0404.txt,5,utf-8
1312,LIP-RTVE,speaker002_0000,54,../data/LIP-RTVE/WAVs/speaker002/speaker002_0000.wav,../data/LIP-RTVE/ROIs/speaker002/speaker002_0000.npz,../data/LIP-RTVE/transcriptions/speaker002/speaker002_0000.txt,5,utf-8
1313,LIP-RTVE,speaker002_0001,262,../data/LIP-RTVE/WAVs/speaker002/speaker002_0001.wav,../data/LIP-RTVE/ROIs/speaker002/speaker002_0001.npz,../data/LIP-RTVE/transcriptions/speaker002/speaker002_0001.txt,5,utf-8
1314,LIP-RTVE,speaker002_0003,365,../data/LIP-RTVE/WAVs/speaker002/speaker002_0003.wav,../data/LIP-RTVE/ROIs/speaker002/speaker002_0003.npz,../data/LIP-RTVE/transcriptions/speaker002/speaker002_0003.txt,5,utf-8
1315,LIP-RTVE,speaker002_0004,377,../data/LIP-RTVE/WAVs/speaker002/speaker002_0004.wav,../data/LIP-RTVE/ROIs/speaker002/speaker002_0004.npz,../data/LIP-RTVE/transcriptions/speaker002/speaker002_0004.txt,5,utf-8
1316,LIP-RTVE,speaker002_0006,101,../data/LIP-RTVE/WAVs/speaker002/speaker002_0006.wav,../data/LIP-RTVE/ROIs/speaker002/speaker002_0006.npz,../data/LIP-RTVE/transcriptions/speaker002/speaker002_0006.txt,5,utf-8
1317,LIP-RTVE,speaker002_0007,294,../data/LIP-RTVE/WAVs/speaker002/speaker002_0007.wav,../data/LIP-RTVE/ROIs/speaker002/speaker002_0007.npz,../data/LIP-RTVE/transcriptions/speaker002/speaker002_0007.txt,5,utf-8
1318,LIP-RTVE,speaker002_0010,88,../data/LIP-RTVE/WAVs/speaker002/speaker002_0010.wav,../data/LIP-RTVE/ROIs/speaker002/speaker002_0010.npz,../data/LIP-RTVE/transcriptions/speaker002/speaker002_0010.txt,5,utf-8
1319,LIP-RTVE,speaker002_0011,97,../data/LIP-RTVE/WAVs/speaker002/speaker002_0011.wav,../data/LIP-RTVE/ROIs/speaker002/speaker002_0011.npz,../data/LIP-RTVE/transcriptions/speaker002/speaker002_0011.txt,5,utf-8
1320,LIP-RTVE,speaker002_0012,91,../data/LIP-RTVE/WAVs/speaker002/speaker002_0012.wav,../data/LIP-RTVE/ROIs/speaker002/speaker002_0012.npz,../data/LIP-RTVE/transcriptions/speaker002/speaker002_0012.txt,5,utf-8
1321,LIP-RTVE,speaker002_0013,209,../data/LIP-RTVE/WAVs/speaker002/speaker002_0013.wav,../data/LIP-RTVE/ROIs/speaker002/speaker002_0013.npz,../data/LIP-RTVE/transcriptions/speaker002/speaker002_0013.txt,5,utf-8
1322,LIP-RTVE,speaker002_0014,132,../data/LIP-RTVE/WAVs/speaker002/speaker002_0014.wav,../data/LIP-RTVE/ROIs/speaker002/speaker002_0014.npz,../data/LIP-RTVE/transcriptions/speaker002/speaker002_0014.txt,5,utf-8
1323,LIP-RTVE,speaker002_0015,122,../data/LIP-RTVE/WAVs/speaker002/speaker002_0015.wav,../data/LIP-RTVE/ROIs/speaker002/speaker002_0015.npz,../data/LIP-RTVE/transcriptions/speaker002/speaker002_0015.txt,5,utf-8
1324,LIP-RTVE,speaker002_0016,139,../data/LIP-RTVE/WAVs/speaker002/speaker002_0016.wav,../data/LIP-RTVE/ROIs/speaker002/speaker002_0016.npz,../data/LIP-RTVE/transcriptions/speaker002/speaker002_0016.txt,5,utf-8
1325,LIP-RTVE,speaker002_0018,121,../data/LIP-RTVE/WAVs/speaker002/speaker002_0018.wav,../data/LIP-RTVE/ROIs/speaker002/speaker002_0018.npz,../data/LIP-RTVE/transcriptions/speaker002/speaker002_0018.txt,5,utf-8
1326,LIP-RTVE,speaker002_0019,222,../data/LIP-RTVE/WAVs/speaker002/speaker002_0019.wav,../data/LIP-RTVE/ROIs/speaker002/speaker002_0019.npz,../data/LIP-RTVE/transcriptions/speaker002/speaker002_0019.txt,5,utf-8
1327,LIP-RTVE,speaker002_0020,149,../data/LIP-RTVE/WAVs/speaker002/speaker002_0020.wav,../data/LIP-RTVE/ROIs/speaker002/speaker002_0020.npz,../data/LIP-RTVE/transcriptions/speaker002/speaker002_0020.txt,5,utf-8
1328,LIP-RTVE,speaker002_0021,138,../data/LIP-RTVE/WAVs/speaker002/speaker002_0021.wav,../data/LIP-RTVE/ROIs/speaker002/speaker002_0021.npz,../data/LIP-RTVE/transcriptions/speaker002/speaker002_0021.txt,5,utf-8
1329,LIP-RTVE,speaker002_0022,171,../data/LIP-RTVE/WAVs/speaker002/speaker002_0022.wav,../data/LIP-RTVE/ROIs/speaker002/speaker002_0022.npz,../data/LIP-RTVE/transcriptions/speaker002/speaker002_0022.txt,5,utf-8
1330,LIP-RTVE,speaker002_0023,170,../data/LIP-RTVE/WAVs/speaker002/speaker002_0023.wav,../data/LIP-RTVE/ROIs/speaker002/speaker002_0023.npz,../data/LIP-RTVE/transcriptions/speaker002/speaker002_0023.txt,5,utf-8
1331,LIP-RTVE,speaker002_0025,138,../data/LIP-RTVE/WAVs/speaker002/speaker002_0025.wav,../data/LIP-RTVE/ROIs/speaker002/speaker002_0025.npz,../data/LIP-RTVE/transcriptions/speaker002/speaker002_0025.txt,5,utf-8
1332,LIP-RTVE,speaker002_0026,191,../data/LIP-RTVE/WAVs/speaker002/speaker002_0026.wav,../data/LIP-RTVE/ROIs/speaker002/speaker002_0026.npz,../data/LIP-RTVE/transcriptions/speaker002/speaker002_0026.txt,5,utf-8
1333,LIP-RTVE,speaker002_0028,76,../data/LIP-RTVE/WAVs/speaker002/speaker002_0028.wav,../data/LIP-RTVE/ROIs/speaker002/speaker002_0028.npz,../data/LIP-RTVE/transcriptions/speaker002/speaker002_0028.txt,5,utf-8
1334,LIP-RTVE,speaker002_0029,28,../data/LIP-RTVE/WAVs/speaker002/speaker002_0029.wav,../data/LIP-RTVE/ROIs/speaker002/speaker002_0029.npz,../data/LIP-RTVE/transcriptions/speaker002/speaker002_0029.txt,5,utf-8
1335,LIP-RTVE,speaker002_0030,101,../data/LIP-RTVE/WAVs/speaker002/speaker002_0030.wav,../data/LIP-RTVE/ROIs/speaker002/speaker002_0030.npz,../data/LIP-RTVE/transcriptions/speaker002/speaker002_0030.txt,5,utf-8
1336,LIP-RTVE,speaker002_0032,69,../data/LIP-RTVE/WAVs/speaker002/speaker002_0032.wav,../data/LIP-RTVE/ROIs/speaker002/speaker002_0032.npz,../data/LIP-RTVE/transcriptions/speaker002/speaker002_0032.txt,5,utf-8
1337,LIP-RTVE,speaker002_0035,132,../data/LIP-RTVE/WAVs/speaker002/speaker002_0035.wav,../data/LIP-RTVE/ROIs/speaker002/speaker002_0035.npz,../data/LIP-RTVE/transcriptions/speaker002/speaker002_0035.txt,5,utf-8
1338,LIP-RTVE,speaker002_0036,55,../data/LIP-RTVE/WAVs/speaker002/speaker002_0036.wav,../data/LIP-RTVE/ROIs/speaker002/speaker002_0036.npz,../data/LIP-RTVE/transcriptions/speaker002/speaker002_0036.txt,5,utf-8
1339,LIP-RTVE,speaker002_0037,100,../data/LIP-RTVE/WAVs/speaker002/speaker002_0037.wav,../data/LIP-RTVE/ROIs/speaker002/speaker002_0037.npz,../data/LIP-RTVE/transcriptions/speaker002/speaker002_0037.txt,5,utf-8
1340,LIP-RTVE,speaker002_0041,90,../data/LIP-RTVE/WAVs/speaker002/speaker002_0041.wav,../data/LIP-RTVE/ROIs/speaker002/speaker002_0041.npz,../data/LIP-RTVE/transcriptions/speaker002/speaker002_0041.txt,5,utf-8
1341,LIP-RTVE,speaker002_0042,166,../data/LIP-RTVE/WAVs/speaker002/speaker002_0042.wav,../data/LIP-RTVE/ROIs/speaker002/speaker002_0042.npz,../data/LIP-RTVE/transcriptions/speaker002/speaker002_0042.txt,5,utf-8
1342,LIP-RTVE,speaker002_0044,125,../data/LIP-RTVE/WAVs/speaker002/speaker002_0044.wav,../data/LIP-RTVE/ROIs/speaker002/speaker002_0044.npz,../data/LIP-RTVE/transcriptions/speaker002/speaker002_0044.txt,5,utf-8
1343,LIP-RTVE,speaker002_0045,83,../data/LIP-RTVE/WAVs/speaker002/speaker002_0045.wav,../data/LIP-RTVE/ROIs/speaker002/speaker002_0045.npz,../data/LIP-RTVE/transcriptions/speaker002/speaker002_0045.txt,5,utf-8
1344,LIP-RTVE,speaker002_0046,59,../data/LIP-RTVE/WAVs/speaker002/speaker002_0046.wav,../data/LIP-RTVE/ROIs/speaker002/speaker002_0046.npz,../data/LIP-RTVE/transcriptions/speaker002/speaker002_0046.txt,5,utf-8
1345,LIP-RTVE,speaker002_0047,66,../data/LIP-RTVE/WAVs/speaker002/speaker002_0047.wav,../data/LIP-RTVE/ROIs/speaker002/speaker002_0047.npz,../data/LIP-RTVE/transcriptions/speaker002/speaker002_0047.txt,5,utf-8
1346,LIP-RTVE,speaker002_0049,42,../data/LIP-RTVE/WAVs/speaker002/speaker002_0049.wav,../data/LIP-RTVE/ROIs/speaker002/speaker002_0049.npz,../data/LIP-RTVE/transcriptions/speaker002/speaker002_0049.txt,5,utf-8
1347,LIP-RTVE,speaker002_0050,157,../data/LIP-RTVE/WAVs/speaker002/speaker002_0050.wav,../data/LIP-RTVE/ROIs/speaker002/speaker002_0050.npz,../data/LIP-RTVE/transcriptions/speaker002/speaker002_0050.txt,5,utf-8
1348,LIP-RTVE,speaker002_0051,107,../data/LIP-RTVE/WAVs/speaker002/speaker002_0051.wav,../data/LIP-RTVE/ROIs/speaker002/speaker002_0051.npz,../data/LIP-RTVE/transcriptions/speaker002/speaker002_0051.txt,5,utf-8
1349,LIP-RTVE,speaker002_0052,26,../data/LIP-RTVE/WAVs/speaker002/speaker002_0052.wav,../data/LIP-RTVE/ROIs/speaker002/speaker002_0052.npz,../data/LIP-RTVE/transcriptions/speaker002/speaker002_0052.txt,5,utf-8
1350,LIP-RTVE,speaker002_0053,120,../data/LIP-RTVE/WAVs/speaker002/speaker002_0053.wav,../data/LIP-RTVE/ROIs/speaker002/speaker002_0053.npz,../data/LIP-RTVE/transcriptions/speaker002/speaker002_0053.txt,5,utf-8
1351,LIP-RTVE,speaker002_0054,75,../data/LIP-RTVE/WAVs/speaker002/speaker002_0054.wav,../data/LIP-RTVE/ROIs/speaker002/speaker002_0054.npz,../data/LIP-RTVE/transcriptions/speaker002/speaker002_0054.txt,5,utf-8
1352,LIP-RTVE,speaker002_0055,146,../data/LIP-RTVE/WAVs/speaker002/speaker002_0055.wav,../data/LIP-RTVE/ROIs/speaker002/speaker002_0055.npz,../data/LIP-RTVE/transcriptions/speaker002/speaker002_0055.txt,5,utf-8
1353,LIP-RTVE,speaker002_0060,174,../data/LIP-RTVE/WAVs/speaker002/speaker002_0060.wav,../data/LIP-RTVE/ROIs/speaker002/speaker002_0060.npz,../data/LIP-RTVE/transcriptions/speaker002/speaker002_0060.txt,5,utf-8
1354,LIP-RTVE,speaker002_0061,116,../data/LIP-RTVE/WAVs/speaker002/speaker002_0061.wav,../data/LIP-RTVE/ROIs/speaker002/speaker002_0061.npz,../data/LIP-RTVE/transcriptions/speaker002/speaker002_0061.txt,5,utf-8
1355,LIP-RTVE,speaker002_0062,44,../data/LIP-RTVE/WAVs/speaker002/speaker002_0062.wav,../data/LIP-RTVE/ROIs/speaker002/speaker002_0062.npz,../data/LIP-RTVE/transcriptions/speaker002/speaker002_0062.txt,5,utf-8
1356,LIP-RTVE,speaker002_0064,110,../data/LIP-RTVE/WAVs/speaker002/speaker002_0064.wav,../data/LIP-RTVE/ROIs/speaker002/speaker002_0064.npz,../data/LIP-RTVE/transcriptions/speaker002/speaker002_0064.txt,5,utf-8
1357,LIP-RTVE,speaker002_0065,66,../data/LIP-RTVE/WAVs/speaker002/speaker002_0065.wav,../data/LIP-RTVE/ROIs/speaker002/speaker002_0065.npz,../data/LIP-RTVE/transcriptions/speaker002/speaker002_0065.txt,5,utf-8
1358,LIP-RTVE,speaker002_0066,85,../data/LIP-RTVE/WAVs/speaker002/speaker002_0066.wav,../data/LIP-RTVE/ROIs/speaker002/speaker002_0066.npz,../data/LIP-RTVE/transcriptions/speaker002/speaker002_0066.txt,5,utf-8
1359,LIP-RTVE,speaker002_0067,97,../data/LIP-RTVE/WAVs/speaker002/speaker002_0067.wav,../data/LIP-RTVE/ROIs/speaker002/speaker002_0067.npz,../data/LIP-RTVE/transcriptions/speaker002/speaker002_0067.txt,5,utf-8
1360,LIP-RTVE,speaker002_0068,58,../data/LIP-RTVE/WAVs/speaker002/speaker002_0068.wav,../data/LIP-RTVE/ROIs/speaker002/speaker002_0068.npz,../data/LIP-RTVE/transcriptions/speaker002/speaker002_0068.txt,5,utf-8
1361,LIP-RTVE,speaker002_0069,40,../data/LIP-RTVE/WAVs/speaker002/speaker002_0069.wav,../data/LIP-RTVE/ROIs/speaker002/speaker002_0069.npz,../data/LIP-RTVE/transcriptions/speaker002/speaker002_0069.txt,5,utf-8
1362,LIP-RTVE,speaker002_0070,100,../data/LIP-RTVE/WAVs/speaker002/speaker002_0070.wav,../data/LIP-RTVE/ROIs/speaker002/speaker002_0070.npz,../data/LIP-RTVE/transcriptions/speaker002/speaker002_0070.txt,5,utf-8
1363,LIP-RTVE,speaker002_0071,42,../data/LIP-RTVE/WAVs/speaker002/speaker002_0071.wav,../data/LIP-RTVE/ROIs/speaker002/speaker002_0071.npz,../data/LIP-RTVE/transcriptions/speaker002/speaker002_0071.txt,5,utf-8
1364,LIP-RTVE,speaker002_0072,76,../data/LIP-RTVE/WAVs/speaker002/speaker002_0072.wav,../data/LIP-RTVE/ROIs/speaker002/speaker002_0072.npz,../data/LIP-RTVE/transcriptions/speaker002/speaker002_0072.txt,5,utf-8
1365,LIP-RTVE,speaker002_0073,61,../data/LIP-RTVE/WAVs/speaker002/speaker002_0073.wav,../data/LIP-RTVE/ROIs/speaker002/speaker002_0073.npz,../data/LIP-RTVE/transcriptions/speaker002/speaker002_0073.txt,5,utf-8
1366,LIP-RTVE,speaker002_0075,61,../data/LIP-RTVE/WAVs/speaker002/speaker002_0075.wav,../data/LIP-RTVE/ROIs/speaker002/speaker002_0075.npz,../data/LIP-RTVE/transcriptions/speaker002/speaker002_0075.txt,5,utf-8
1367,LIP-RTVE,speaker002_0076,179,../data/LIP-RTVE/WAVs/speaker002/speaker002_0076.wav,../data/LIP-RTVE/ROIs/speaker002/speaker002_0076.npz,../data/LIP-RTVE/transcriptions/speaker002/speaker002_0076.txt,5,utf-8
1368,LIP-RTVE,speaker002_0078,116,../data/LIP-RTVE/WAVs/speaker002/speaker002_0078.wav,../data/LIP-RTVE/ROIs/speaker002/speaker002_0078.npz,../data/LIP-RTVE/transcriptions/speaker002/speaker002_0078.txt,5,utf-8
1369,LIP-RTVE,speaker002_0079,42,../data/LIP-RTVE/WAVs/speaker002/speaker002_0079.wav,../data/LIP-RTVE/ROIs/speaker002/speaker002_0079.npz,../data/LIP-RTVE/transcriptions/speaker002/speaker002_0079.txt,5,utf-8
1370,LIP-RTVE,speaker002_0081,122,../data/LIP-RTVE/WAVs/speaker002/speaker002_0081.wav,../data/LIP-RTVE/ROIs/speaker002/speaker002_0081.npz,../data/LIP-RTVE/transcriptions/speaker002/speaker002_0081.txt,5,utf-8
1371,LIP-RTVE,speaker002_0082,68,../data/LIP-RTVE/WAVs/speaker002/speaker002_0082.wav,../data/LIP-RTVE/ROIs/speaker002/speaker002_0082.npz,../data/LIP-RTVE/transcriptions/speaker002/speaker002_0082.txt,5,utf-8
1372,LIP-RTVE,speaker002_0083,101,../data/LIP-RTVE/WAVs/speaker002/speaker002_0083.wav,../data/LIP-RTVE/ROIs/speaker002/speaker002_0083.npz,../data/LIP-RTVE/transcriptions/speaker002/speaker002_0083.txt,5,utf-8
1373,LIP-RTVE,speaker002_0084,47,../data/LIP-RTVE/WAVs/speaker002/speaker002_0084.wav,../data/LIP-RTVE/ROIs/speaker002/speaker002_0084.npz,../data/LIP-RTVE/transcriptions/speaker002/speaker002_0084.txt,5,utf-8
1374,LIP-RTVE,speaker002_0085,59,../data/LIP-RTVE/WAVs/speaker002/speaker002_0085.wav,../data/LIP-RTVE/ROIs/speaker002/speaker002_0085.npz,../data/LIP-RTVE/transcriptions/speaker002/speaker002_0085.txt,5,utf-8
1375,LIP-RTVE,speaker002_0086,56,../data/LIP-RTVE/WAVs/speaker002/speaker002_0086.wav,../data/LIP-RTVE/ROIs/speaker002/speaker002_0086.npz,../data/LIP-RTVE/transcriptions/speaker002/speaker002_0086.txt,5,utf-8
1376,LIP-RTVE,speaker002_0088,76,../data/LIP-RTVE/WAVs/speaker002/speaker002_0088.wav,../data/LIP-RTVE/ROIs/speaker002/speaker002_0088.npz,../data/LIP-RTVE/transcriptions/speaker002/speaker002_0088.txt,5,utf-8
1377,LIP-RTVE,speaker002_0089,29,../data/LIP-RTVE/WAVs/speaker002/speaker002_0089.wav,../data/LIP-RTVE/ROIs/speaker002/speaker002_0089.npz,../data/LIP-RTVE/transcriptions/speaker002/speaker002_0089.txt,5,utf-8
1378,LIP-RTVE,speaker002_0091,119,../data/LIP-RTVE/WAVs/speaker002/speaker002_0091.wav,../data/LIP-RTVE/ROIs/speaker002/speaker002_0091.npz,../data/LIP-RTVE/transcriptions/speaker002/speaker002_0091.txt,5,utf-8
1379,LIP-RTVE,speaker002_0096,155,../data/LIP-RTVE/WAVs/speaker002/speaker002_0096.wav,../data/LIP-RTVE/ROIs/speaker002/speaker002_0096.npz,../data/LIP-RTVE/transcriptions/speaker002/speaker002_0096.txt,5,utf-8
1380,LIP-RTVE,speaker002_0097,72,../data/LIP-RTVE/WAVs/speaker002/speaker002_0097.wav,../data/LIP-RTVE/ROIs/speaker002/speaker002_0097.npz,../data/LIP-RTVE/transcriptions/speaker002/speaker002_0097.txt,5,utf-8
1381,LIP-RTVE,speaker002_0099,64,../data/LIP-RTVE/WAVs/speaker002/speaker002_0099.wav,../data/LIP-RTVE/ROIs/speaker002/speaker002_0099.npz,../data/LIP-RTVE/transcriptions/speaker002/speaker002_0099.txt,5,utf-8
1382,LIP-RTVE,speaker002_0100,104,../data/LIP-RTVE/WAVs/speaker002/speaker002_0100.wav,../data/LIP-RTVE/ROIs/speaker002/speaker002_0100.npz,../data/LIP-RTVE/transcriptions/speaker002/speaker002_0100.txt,5,utf-8
1383,LIP-RTVE,speaker002_0101,92,../data/LIP-RTVE/WAVs/speaker002/speaker002_0101.wav,../data/LIP-RTVE/ROIs/speaker002/speaker002_0101.npz,../data/LIP-RTVE/transcriptions/speaker002/speaker002_0101.txt,5,utf-8
1384,LIP-RTVE,speaker002_0102,59,../data/LIP-RTVE/WAVs/speaker002/speaker002_0102.wav,../data/LIP-RTVE/ROIs/speaker002/speaker002_0102.npz,../data/LIP-RTVE/transcriptions/speaker002/speaker002_0102.txt,5,utf-8
1385,LIP-RTVE,speaker002_0103,57,../data/LIP-RTVE/WAVs/speaker002/speaker002_0103.wav,../data/LIP-RTVE/ROIs/speaker002/speaker002_0103.npz,../data/LIP-RTVE/transcriptions/speaker002/speaker002_0103.txt,5,utf-8
1386,LIP-RTVE,speaker002_0104,84,../data/LIP-RTVE/WAVs/speaker002/speaker002_0104.wav,../data/LIP-RTVE/ROIs/speaker002/speaker002_0104.npz,../data/LIP-RTVE/transcriptions/speaker002/speaker002_0104.txt,5,utf-8
1387,LIP-RTVE,speaker002_0108,61,../data/LIP-RTVE/WAVs/speaker002/speaker002_0108.wav,../data/LIP-RTVE/ROIs/speaker002/speaker002_0108.npz,../data/LIP-RTVE/transcriptions/speaker002/speaker002_0108.txt,5,utf-8
1388,LIP-RTVE,speaker002_0109,171,../data/LIP-RTVE/WAVs/speaker002/speaker002_0109.wav,../data/LIP-RTVE/ROIs/speaker002/speaker002_0109.npz,../data/LIP-RTVE/transcriptions/speaker002/speaker002_0109.txt,5,utf-8
1389,LIP-RTVE,speaker002_0110,115,../data/LIP-RTVE/WAVs/speaker002/speaker002_0110.wav,../data/LIP-RTVE/ROIs/speaker002/speaker002_0110.npz,../data/LIP-RTVE/transcriptions/speaker002/speaker002_0110.txt,5,utf-8
1390,LIP-RTVE,speaker002_0111,52,../data/LIP-RTVE/WAVs/speaker002/speaker002_0111.wav,../data/LIP-RTVE/ROIs/speaker002/speaker002_0111.npz,../data/LIP-RTVE/transcriptions/speaker002/speaker002_0111.txt,5,utf-8
1391,LIP-RTVE,speaker002_0113,96,../data/LIP-RTVE/WAVs/speaker002/speaker002_0113.wav,../data/LIP-RTVE/ROIs/speaker002/speaker002_0113.npz,../data/LIP-RTVE/transcriptions/speaker002/speaker002_0113.txt,5,utf-8
1392,LIP-RTVE,speaker002_0114,46,../data/LIP-RTVE/WAVs/speaker002/speaker002_0114.wav,../data/LIP-RTVE/ROIs/speaker002/speaker002_0114.npz,../data/LIP-RTVE/transcriptions/speaker002/speaker002_0114.txt,5,utf-8
1393,LIP-RTVE,speaker002_0115,122,../data/LIP-RTVE/WAVs/speaker002/speaker002_0115.wav,../data/LIP-RTVE/ROIs/speaker002/speaker002_0115.npz,../data/LIP-RTVE/transcriptions/speaker002/speaker002_0115.txt,5,utf-8
1394,LIP-RTVE,speaker002_0117,126,../data/LIP-RTVE/WAVs/speaker002/speaker002_0117.wav,../data/LIP-RTVE/ROIs/speaker002/speaker002_0117.npz,../data/LIP-RTVE/transcriptions/speaker002/speaker002_0117.txt,5,utf-8
1395,LIP-RTVE,speaker002_0118,140,../data/LIP-RTVE/WAVs/speaker002/speaker002_0118.wav,../data/LIP-RTVE/ROIs/speaker002/speaker002_0118.npz,../data/LIP-RTVE/transcriptions/speaker002/speaker002_0118.txt,5,utf-8
1396,LIP-RTVE,speaker002_0119,197,../data/LIP-RTVE/WAVs/speaker002/speaker002_0119.wav,../data/LIP-RTVE/ROIs/speaker002/speaker002_0119.npz,../data/LIP-RTVE/transcriptions/speaker002/speaker002_0119.txt,5,utf-8
1397,LIP-RTVE,speaker002_0120,62,../data/LIP-RTVE/WAVs/speaker002/speaker002_0120.wav,../data/LIP-RTVE/ROIs/speaker002/speaker002_0120.npz,../data/LIP-RTVE/transcriptions/speaker002/speaker002_0120.txt,5,utf-8
1398,LIP-RTVE,speaker002_0121,134,../data/LIP-RTVE/WAVs/speaker002/speaker002_0121.wav,../data/LIP-RTVE/ROIs/speaker002/speaker002_0121.npz,../data/LIP-RTVE/transcriptions/speaker002/speaker002_0121.txt,5,utf-8
1399,LIP-RTVE,speaker002_0122,138,../data/LIP-RTVE/WAVs/speaker002/speaker002_0122.wav,../data/LIP-RTVE/ROIs/speaker002/speaker002_0122.npz,../data/LIP-RTVE/transcriptions/speaker002/speaker002_0122.txt,5,utf-8
1400,LIP-RTVE,speaker002_0123,62,../data/LIP-RTVE/WAVs/speaker002/speaker002_0123.wav,../data/LIP-RTVE/ROIs/speaker002/speaker002_0123.npz,../data/LIP-RTVE/transcriptions/speaker002/speaker002_0123.txt,5,utf-8
1401,LIP-RTVE,speaker002_0124,33,../data/LIP-RTVE/WAVs/speaker002/speaker002_0124.wav,../data/LIP-RTVE/ROIs/speaker002/speaker002_0124.npz,../data/LIP-RTVE/transcriptions/speaker002/speaker002_0124.txt,5,utf-8
1402,LIP-RTVE,speaker002_0126,50,../data/LIP-RTVE/WAVs/speaker002/speaker002_0126.wav,../data/LIP-RTVE/ROIs/speaker002/speaker002_0126.npz,../data/LIP-RTVE/transcriptions/speaker002/speaker002_0126.txt,5,utf-8
1403,LIP-RTVE,speaker002_0128,147,../data/LIP-RTVE/WAVs/speaker002/speaker002_0128.wav,../data/LIP-RTVE/ROIs/speaker002/speaker002_0128.npz,../data/LIP-RTVE/transcriptions/speaker002/speaker002_0128.txt,5,utf-8
1404,LIP-RTVE,speaker002_0129,76,../data/LIP-RTVE/WAVs/speaker002/speaker002_0129.wav,../data/LIP-RTVE/ROIs/speaker002/speaker002_0129.npz,../data/LIP-RTVE/transcriptions/speaker002/speaker002_0129.txt,5,utf-8
1405,LIP-RTVE,speaker002_0130,100,../data/LIP-RTVE/WAVs/speaker002/speaker002_0130.wav,../data/LIP-RTVE/ROIs/speaker002/speaker002_0130.npz,../data/LIP-RTVE/transcriptions/speaker002/speaker002_0130.txt,5,utf-8
1406,LIP-RTVE,speaker002_0132,73,../data/LIP-RTVE/WAVs/speaker002/speaker002_0132.wav,../data/LIP-RTVE/ROIs/speaker002/speaker002_0132.npz,../data/LIP-RTVE/transcriptions/speaker002/speaker002_0132.txt,5,utf-8
1407,LIP-RTVE,speaker002_0134,72,../data/LIP-RTVE/WAVs/speaker002/speaker002_0134.wav,../data/LIP-RTVE/ROIs/speaker002/speaker002_0134.npz,../data/LIP-RTVE/transcriptions/speaker002/speaker002_0134.txt,5,utf-8
1408,LIP-RTVE,speaker002_0137,195,../data/LIP-RTVE/WAVs/speaker002/speaker002_0137.wav,../data/LIP-RTVE/ROIs/speaker002/speaker002_0137.npz,../data/LIP-RTVE/transcriptions/speaker002/speaker002_0137.txt,5,utf-8
1409,LIP-RTVE,speaker002_0138,92,../data/LIP-RTVE/WAVs/speaker002/speaker002_0138.wav,../data/LIP-RTVE/ROIs/speaker002/speaker002_0138.npz,../data/LIP-RTVE/transcriptions/speaker002/speaker002_0138.txt,5,utf-8
1410,LIP-RTVE,speaker002_0139,74,../data/LIP-RTVE/WAVs/speaker002/speaker002_0139.wav,../data/LIP-RTVE/ROIs/speaker002/speaker002_0139.npz,../data/LIP-RTVE/transcriptions/speaker002/speaker002_0139.txt,5,utf-8
1411,LIP-RTVE,speaker002_0141,108,../data/LIP-RTVE/WAVs/speaker002/speaker002_0141.wav,../data/LIP-RTVE/ROIs/speaker002/speaker002_0141.npz,../data/LIP-RTVE/transcriptions/speaker002/speaker002_0141.txt,5,utf-8
1412,LIP-RTVE,speaker002_0142,51,../data/LIP-RTVE/WAVs/speaker002/speaker002_0142.wav,../data/LIP-RTVE/ROIs/speaker002/speaker002_0142.npz,../data/LIP-RTVE/transcriptions/speaker002/speaker002_0142.txt,5,utf-8
1413,LIP-RTVE,speaker002_0143,176,../data/LIP-RTVE/WAVs/speaker002/speaker002_0143.wav,../data/LIP-RTVE/ROIs/speaker002/speaker002_0143.npz,../data/LIP-RTVE/transcriptions/speaker002/speaker002_0143.txt,5,utf-8
1414,LIP-RTVE,speaker002_0144,126,../data/LIP-RTVE/WAVs/speaker002/speaker002_0144.wav,../data/LIP-RTVE/ROIs/speaker002/speaker002_0144.npz,../data/LIP-RTVE/transcriptions/speaker002/speaker002_0144.txt,5,utf-8
1415,LIP-RTVE,speaker002_0145,58,../data/LIP-RTVE/WAVs/speaker002/speaker002_0145.wav,../data/LIP-RTVE/ROIs/speaker002/speaker002_0145.npz,../data/LIP-RTVE/transcriptions/speaker002/speaker002_0145.txt,5,utf-8
1416,LIP-RTVE,speaker002_0150,75,../data/LIP-RTVE/WAVs/speaker002/speaker002_0150.wav,../data/LIP-RTVE/ROIs/speaker002/speaker002_0150.npz,../data/LIP-RTVE/transcriptions/speaker002/speaker002_0150.txt,5,utf-8
1417,LIP-RTVE,speaker002_0152,134,../data/LIP-RTVE/WAVs/speaker002/speaker002_0152.wav,../data/LIP-RTVE/ROIs/speaker002/speaker002_0152.npz,../data/LIP-RTVE/transcriptions/speaker002/speaker002_0152.txt,5,utf-8
1418,LIP-RTVE,speaker002_0153,99,../data/LIP-RTVE/WAVs/speaker002/speaker002_0153.wav,../data/LIP-RTVE/ROIs/speaker002/speaker002_0153.npz,../data/LIP-RTVE/transcriptions/speaker002/speaker002_0153.txt,5,utf-8
1419,LIP-RTVE,speaker002_0154,158,../data/LIP-RTVE/WAVs/speaker002/speaker002_0154.wav,../data/LIP-RTVE/ROIs/speaker002/speaker002_0154.npz,../data/LIP-RTVE/transcriptions/speaker002/speaker002_0154.txt,5,utf-8
1420,LIP-RTVE,speaker002_0155,121,../data/LIP-RTVE/WAVs/speaker002/speaker002_0155.wav,../data/LIP-RTVE/ROIs/speaker002/speaker002_0155.npz,../data/LIP-RTVE/transcriptions/speaker002/speaker002_0155.txt,5,utf-8
1421,LIP-RTVE,speaker002_0158,60,../data/LIP-RTVE/WAVs/speaker002/speaker002_0158.wav,../data/LIP-RTVE/ROIs/speaker002/speaker002_0158.npz,../data/LIP-RTVE/transcriptions/speaker002/speaker002_0158.txt,5,utf-8
1422,LIP-RTVE,speaker002_0159,181,../data/LIP-RTVE/WAVs/speaker002/speaker002_0159.wav,../data/LIP-RTVE/ROIs/speaker002/speaker002_0159.npz,../data/LIP-RTVE/transcriptions/speaker002/speaker002_0159.txt,5,utf-8
1423,LIP-RTVE,speaker002_0160,63,../data/LIP-RTVE/WAVs/speaker002/speaker002_0160.wav,../data/LIP-RTVE/ROIs/speaker002/speaker002_0160.npz,../data/LIP-RTVE/transcriptions/speaker002/speaker002_0160.txt,5,utf-8
1424,LIP-RTVE,speaker002_0161,121,../data/LIP-RTVE/WAVs/speaker002/speaker002_0161.wav,../data/LIP-RTVE/ROIs/speaker002/speaker002_0161.npz,../data/LIP-RTVE/transcriptions/speaker002/speaker002_0161.txt,5,utf-8
1425,LIP-RTVE,speaker002_0162,60,../data/LIP-RTVE/WAVs/speaker002/speaker002_0162.wav,../data/LIP-RTVE/ROIs/speaker002/speaker002_0162.npz,../data/LIP-RTVE/transcriptions/speaker002/speaker002_0162.txt,5,utf-8
1426,LIP-RTVE,speaker002_0167,185,../data/LIP-RTVE/WAVs/speaker002/speaker002_0167.wav,../data/LIP-RTVE/ROIs/speaker002/speaker002_0167.npz,../data/LIP-RTVE/transcriptions/speaker002/speaker002_0167.txt,5,utf-8
1427,LIP-RTVE,speaker002_0168,41,../data/LIP-RTVE/WAVs/speaker002/speaker002_0168.wav,../data/LIP-RTVE/ROIs/speaker002/speaker002_0168.npz,../data/LIP-RTVE/transcriptions/speaker002/speaker002_0168.txt,5,utf-8
1428,LIP-RTVE,speaker002_0170,170,../data/LIP-RTVE/WAVs/speaker002/speaker002_0170.wav,../data/LIP-RTVE/ROIs/speaker002/speaker002_0170.npz,../data/LIP-RTVE/transcriptions/speaker002/speaker002_0170.txt,5,utf-8
1429,LIP-RTVE,speaker002_0172,119,../data/LIP-RTVE/WAVs/speaker002/speaker002_0172.wav,../data/LIP-RTVE/ROIs/speaker002/speaker002_0172.npz,../data/LIP-RTVE/transcriptions/speaker002/speaker002_0172.txt,5,utf-8
1430,LIP-RTVE,speaker002_0173,183,../data/LIP-RTVE/WAVs/speaker002/speaker002_0173.wav,../data/LIP-RTVE/ROIs/speaker002/speaker002_0173.npz,../data/LIP-RTVE/transcriptions/speaker002/speaker002_0173.txt,5,utf-8
1431,LIP-RTVE,speaker002_0175,30,../data/LIP-RTVE/WAVs/speaker002/speaker002_0175.wav,../data/LIP-RTVE/ROIs/speaker002/speaker002_0175.npz,../data/LIP-RTVE/transcriptions/speaker002/speaker002_0175.txt,5,utf-8
1432,LIP-RTVE,speaker002_0176,70,../data/LIP-RTVE/WAVs/speaker002/speaker002_0176.wav,../data/LIP-RTVE/ROIs/speaker002/speaker002_0176.npz,../data/LIP-RTVE/transcriptions/speaker002/speaker002_0176.txt,5,utf-8
1433,LIP-RTVE,speaker002_0177,150,../data/LIP-RTVE/WAVs/speaker002/speaker002_0177.wav,../data/LIP-RTVE/ROIs/speaker002/speaker002_0177.npz,../data/LIP-RTVE/transcriptions/speaker002/speaker002_0177.txt,5,utf-8
1434,LIP-RTVE,speaker002_0178,124,../data/LIP-RTVE/WAVs/speaker002/speaker002_0178.wav,../data/LIP-RTVE/ROIs/speaker002/speaker002_0178.npz,../data/LIP-RTVE/transcriptions/speaker002/speaker002_0178.txt,5,utf-8
1435,LIP-RTVE,speaker002_0179,56,../data/LIP-RTVE/WAVs/speaker002/speaker002_0179.wav,../data/LIP-RTVE/ROIs/speaker002/speaker002_0179.npz,../data/LIP-RTVE/transcriptions/speaker002/speaker002_0179.txt,5,utf-8
1436,LIP-RTVE,speaker002_0183,33,../data/LIP-RTVE/WAVs/speaker002/speaker002_0183.wav,../data/LIP-RTVE/ROIs/speaker002/speaker002_0183.npz,../data/LIP-RTVE/transcriptions/speaker002/speaker002_0183.txt,5,utf-8
1437,LIP-RTVE,speaker002_0185,140,../data/LIP-RTVE/WAVs/speaker002/speaker002_0185.wav,../data/LIP-RTVE/ROIs/speaker002/speaker002_0185.npz,../data/LIP-RTVE/transcriptions/speaker002/speaker002_0185.txt,5,utf-8
1438,LIP-RTVE,speaker002_0186,127,../data/LIP-RTVE/WAVs/speaker002/speaker002_0186.wav,../data/LIP-RTVE/ROIs/speaker002/speaker002_0186.npz,../data/LIP-RTVE/transcriptions/speaker002/speaker002_0186.txt,5,utf-8
1439,LIP-RTVE,speaker002_0187,142,../data/LIP-RTVE/WAVs/speaker002/speaker002_0187.wav,../data/LIP-RTVE/ROIs/speaker002/speaker002_0187.npz,../data/LIP-RTVE/transcriptions/speaker002/speaker002_0187.txt,5,utf-8
1440,LIP-RTVE,speaker002_0188,145,../data/LIP-RTVE/WAVs/speaker002/speaker002_0188.wav,../data/LIP-RTVE/ROIs/speaker002/speaker002_0188.npz,../data/LIP-RTVE/transcriptions/speaker002/speaker002_0188.txt,5,utf-8
1441,LIP-RTVE,speaker002_0191,80,../data/LIP-RTVE/WAVs/speaker002/speaker002_0191.wav,../data/LIP-RTVE/ROIs/speaker002/speaker002_0191.npz,../data/LIP-RTVE/transcriptions/speaker002/speaker002_0191.txt,5,utf-8
1442,LIP-RTVE,speaker002_0192,52,../data/LIP-RTVE/WAVs/speaker002/speaker002_0192.wav,../data/LIP-RTVE/ROIs/speaker002/speaker002_0192.npz,../data/LIP-RTVE/transcriptions/speaker002/speaker002_0192.txt,5,utf-8
1443,LIP-RTVE,speaker002_0193,145,../data/LIP-RTVE/WAVs/speaker002/speaker002_0193.wav,../data/LIP-RTVE/ROIs/speaker002/speaker002_0193.npz,../data/LIP-RTVE/transcriptions/speaker002/speaker002_0193.txt,5,utf-8
1444,LIP-RTVE,speaker002_0194,170,../data/LIP-RTVE/WAVs/speaker002/speaker002_0194.wav,../data/LIP-RTVE/ROIs/speaker002/speaker002_0194.npz,../data/LIP-RTVE/transcriptions/speaker002/speaker002_0194.txt,5,utf-8
1445,LIP-RTVE,speaker002_0195,145,../data/LIP-RTVE/WAVs/speaker002/speaker002_0195.wav,../data/LIP-RTVE/ROIs/speaker002/speaker002_0195.npz,../data/LIP-RTVE/transcriptions/speaker002/speaker002_0195.txt,5,utf-8
1446,LIP-RTVE,speaker002_0199,173,../data/LIP-RTVE/WAVs/speaker002/speaker002_0199.wav,../data/LIP-RTVE/ROIs/speaker002/speaker002_0199.npz,../data/LIP-RTVE/transcriptions/speaker002/speaker002_0199.txt,5,utf-8
1447,LIP-RTVE,speaker002_0200,81,../data/LIP-RTVE/WAVs/speaker002/speaker002_0200.wav,../data/LIP-RTVE/ROIs/speaker002/speaker002_0200.npz,../data/LIP-RTVE/transcriptions/speaker002/speaker002_0200.txt,5,utf-8
1448,LIP-RTVE,speaker002_0201,123,../data/LIP-RTVE/WAVs/speaker002/speaker002_0201.wav,../data/LIP-RTVE/ROIs/speaker002/speaker002_0201.npz,../data/LIP-RTVE/transcriptions/speaker002/speaker002_0201.txt,5,utf-8
1449,LIP-RTVE,speaker002_0202,44,../data/LIP-RTVE/WAVs/speaker002/speaker002_0202.wav,../data/LIP-RTVE/ROIs/speaker002/speaker002_0202.npz,../data/LIP-RTVE/transcriptions/speaker002/speaker002_0202.txt,5,utf-8
1450,LIP-RTVE,speaker002_0205,248,../data/LIP-RTVE/WAVs/speaker002/speaker002_0205.wav,../data/LIP-RTVE/ROIs/speaker002/speaker002_0205.npz,../data/LIP-RTVE/transcriptions/speaker002/speaker002_0205.txt,5,utf-8
1451,LIP-RTVE,speaker002_0206,126,../data/LIP-RTVE/WAVs/speaker002/speaker002_0206.wav,../data/LIP-RTVE/ROIs/speaker002/speaker002_0206.npz,../data/LIP-RTVE/transcriptions/speaker002/speaker002_0206.txt,5,utf-8
1452,LIP-RTVE,speaker002_0207,115,../data/LIP-RTVE/WAVs/speaker002/speaker002_0207.wav,../data/LIP-RTVE/ROIs/speaker002/speaker002_0207.npz,../data/LIP-RTVE/transcriptions/speaker002/speaker002_0207.txt,5,utf-8
1453,LIP-RTVE,speaker002_0208,230,../data/LIP-RTVE/WAVs/speaker002/speaker002_0208.wav,../data/LIP-RTVE/ROIs/speaker002/speaker002_0208.npz,../data/LIP-RTVE/transcriptions/speaker002/speaker002_0208.txt,5,utf-8
1454,LIP-RTVE,speaker002_0210,32,../data/LIP-RTVE/WAVs/speaker002/speaker002_0210.wav,../data/LIP-RTVE/ROIs/speaker002/speaker002_0210.npz,../data/LIP-RTVE/transcriptions/speaker002/speaker002_0210.txt,5,utf-8
1455,LIP-RTVE,speaker002_0212,129,../data/LIP-RTVE/WAVs/speaker002/speaker002_0212.wav,../data/LIP-RTVE/ROIs/speaker002/speaker002_0212.npz,../data/LIP-RTVE/transcriptions/speaker002/speaker002_0212.txt,5,utf-8
1456,LIP-RTVE,speaker002_0213,168,../data/LIP-RTVE/WAVs/speaker002/speaker002_0213.wav,../data/LIP-RTVE/ROIs/speaker002/speaker002_0213.npz,../data/LIP-RTVE/transcriptions/speaker002/speaker002_0213.txt,5,utf-8
1457,LIP-RTVE,speaker002_0214,85,../data/LIP-RTVE/WAVs/speaker002/speaker002_0214.wav,../data/LIP-RTVE/ROIs/speaker002/speaker002_0214.npz,../data/LIP-RTVE/transcriptions/speaker002/speaker002_0214.txt,5,utf-8
1458,LIP-RTVE,speaker002_0215,30,../data/LIP-RTVE/WAVs/speaker002/speaker002_0215.wav,../data/LIP-RTVE/ROIs/speaker002/speaker002_0215.npz,../data/LIP-RTVE/transcriptions/speaker002/speaker002_0215.txt,5,utf-8
1459,LIP-RTVE,speaker002_0216,113,../data/LIP-RTVE/WAVs/speaker002/speaker002_0216.wav,../data/LIP-RTVE/ROIs/speaker002/speaker002_0216.npz,../data/LIP-RTVE/transcriptions/speaker002/speaker002_0216.txt,5,utf-8
1460,LIP-RTVE,speaker002_0217,107,../data/LIP-RTVE/WAVs/speaker002/speaker002_0217.wav,../data/LIP-RTVE/ROIs/speaker002/speaker002_0217.npz,../data/LIP-RTVE/transcriptions/speaker002/speaker002_0217.txt,5,utf-8
1461,LIP-RTVE,speaker002_0218,102,../data/LIP-RTVE/WAVs/speaker002/speaker002_0218.wav,../data/LIP-RTVE/ROIs/speaker002/speaker002_0218.npz,../data/LIP-RTVE/transcriptions/speaker002/speaker002_0218.txt,5,utf-8
1462,LIP-RTVE,speaker002_0219,32,../data/LIP-RTVE/WAVs/speaker002/speaker002_0219.wav,../data/LIP-RTVE/ROIs/speaker002/speaker002_0219.npz,../data/LIP-RTVE/transcriptions/speaker002/speaker002_0219.txt,5,utf-8
1463,LIP-RTVE,speaker002_0223,110,../data/LIP-RTVE/WAVs/speaker002/speaker002_0223.wav,../data/LIP-RTVE/ROIs/speaker002/speaker002_0223.npz,../data/LIP-RTVE/transcriptions/speaker002/speaker002_0223.txt,5,utf-8
1464,LIP-RTVE,speaker002_0224,106,../data/LIP-RTVE/WAVs/speaker002/speaker002_0224.wav,../data/LIP-RTVE/ROIs/speaker002/speaker002_0224.npz,../data/LIP-RTVE/transcriptions/speaker002/speaker002_0224.txt,5,utf-8
1465,LIP-RTVE,speaker002_0225,30,../data/LIP-RTVE/WAVs/speaker002/speaker002_0225.wav,../data/LIP-RTVE/ROIs/speaker002/speaker002_0225.npz,../data/LIP-RTVE/transcriptions/speaker002/speaker002_0225.txt,5,utf-8
1466,LIP-RTVE,speaker002_0226,219,../data/LIP-RTVE/WAVs/speaker002/speaker002_0226.wav,../data/LIP-RTVE/ROIs/speaker002/speaker002_0226.npz,../data/LIP-RTVE/transcriptions/speaker002/speaker002_0226.txt,5,utf-8
1467,LIP-RTVE,speaker002_0227,28,../data/LIP-RTVE/WAVs/speaker002/speaker002_0227.wav,../data/LIP-RTVE/ROIs/speaker002/speaker002_0227.npz,../data/LIP-RTVE/transcriptions/speaker002/speaker002_0227.txt,5,utf-8
1468,LIP-RTVE,speaker002_0228,167,../data/LIP-RTVE/WAVs/speaker002/speaker002_0228.wav,../data/LIP-RTVE/ROIs/speaker002/speaker002_0228.npz,../data/LIP-RTVE/transcriptions/speaker002/speaker002_0228.txt,5,utf-8
1469,LIP-RTVE,speaker002_0230,85,../data/LIP-RTVE/WAVs/speaker002/speaker002_0230.wav,../data/LIP-RTVE/ROIs/speaker002/speaker002_0230.npz,../data/LIP-RTVE/transcriptions/speaker002/speaker002_0230.txt,5,utf-8
1470,LIP-RTVE,speaker002_0232,93,../data/LIP-RTVE/WAVs/speaker002/speaker002_0232.wav,../data/LIP-RTVE/ROIs/speaker002/speaker002_0232.npz,../data/LIP-RTVE/transcriptions/speaker002/speaker002_0232.txt,5,utf-8
1471,LIP-RTVE,speaker002_0237,81,../data/LIP-RTVE/WAVs/speaker002/speaker002_0237.wav,../data/LIP-RTVE/ROIs/speaker002/speaker002_0237.npz,../data/LIP-RTVE/transcriptions/speaker002/speaker002_0237.txt,5,utf-8
1472,LIP-RTVE,speaker002_0238,180,../data/LIP-RTVE/WAVs/speaker002/speaker002_0238.wav,../data/LIP-RTVE/ROIs/speaker002/speaker002_0238.npz,../data/LIP-RTVE/transcriptions/speaker002/speaker002_0238.txt,5,utf-8
1473,LIP-RTVE,speaker002_0239,62,../data/LIP-RTVE/WAVs/speaker002/speaker002_0239.wav,../data/LIP-RTVE/ROIs/speaker002/speaker002_0239.npz,../data/LIP-RTVE/transcriptions/speaker002/speaker002_0239.txt,5,utf-8
1474,LIP-RTVE,speaker002_0240,114,../data/LIP-RTVE/WAVs/speaker002/speaker002_0240.wav,../data/LIP-RTVE/ROIs/speaker002/speaker002_0240.npz,../data/LIP-RTVE/transcriptions/speaker002/speaker002_0240.txt,5,utf-8
1475,LIP-RTVE,speaker002_0241,122,../data/LIP-RTVE/WAVs/speaker002/speaker002_0241.wav,../data/LIP-RTVE/ROIs/speaker002/speaker002_0241.npz,../data/LIP-RTVE/transcriptions/speaker002/speaker002_0241.txt,5,utf-8
1476,LIP-RTVE,speaker002_0245,66,../data/LIP-RTVE/WAVs/speaker002/speaker002_0245.wav,../data/LIP-RTVE/ROIs/speaker002/speaker002_0245.npz,../data/LIP-RTVE/transcriptions/speaker002/speaker002_0245.txt,5,utf-8
1477,LIP-RTVE,speaker002_0246,77,../data/LIP-RTVE/WAVs/speaker002/speaker002_0246.wav,../data/LIP-RTVE/ROIs/speaker002/speaker002_0246.npz,../data/LIP-RTVE/transcriptions/speaker002/speaker002_0246.txt,5,utf-8
1478,LIP-RTVE,speaker002_0248,89,../data/LIP-RTVE/WAVs/speaker002/speaker002_0248.wav,../data/LIP-RTVE/ROIs/speaker002/speaker002_0248.npz,../data/LIP-RTVE/transcriptions/speaker002/speaker002_0248.txt,5,utf-8
1479,LIP-RTVE,speaker002_0249,122,../data/LIP-RTVE/WAVs/speaker002/speaker002_0249.wav,../data/LIP-RTVE/ROIs/speaker002/speaker002_0249.npz,../data/LIP-RTVE/transcriptions/speaker002/speaker002_0249.txt,5,utf-8
1480,LIP-RTVE,speaker002_0252,198,../data/LIP-RTVE/WAVs/speaker002/speaker002_0252.wav,../data/LIP-RTVE/ROIs/speaker002/speaker002_0252.npz,../data/LIP-RTVE/transcriptions/speaker002/speaker002_0252.txt,5,utf-8
1481,LIP-RTVE,speaker002_0253,154,../data/LIP-RTVE/WAVs/speaker002/speaker002_0253.wav,../data/LIP-RTVE/ROIs/speaker002/speaker002_0253.npz,../data/LIP-RTVE/transcriptions/speaker002/speaker002_0253.txt,5,utf-8
1482,LIP-RTVE,speaker002_0254,70,../data/LIP-RTVE/WAVs/speaker002/speaker002_0254.wav,../data/LIP-RTVE/ROIs/speaker002/speaker002_0254.npz,../data/LIP-RTVE/transcriptions/speaker002/speaker002_0254.txt,5,utf-8
1483,LIP-RTVE,speaker002_0255,156,../data/LIP-RTVE/WAVs/speaker002/speaker002_0255.wav,../data/LIP-RTVE/ROIs/speaker002/speaker002_0255.npz,../data/LIP-RTVE/transcriptions/speaker002/speaker002_0255.txt,5,utf-8
1484,LIP-RTVE,speaker002_0257,89,../data/LIP-RTVE/WAVs/speaker002/speaker002_0257.wav,../data/LIP-RTVE/ROIs/speaker002/speaker002_0257.npz,../data/LIP-RTVE/transcriptions/speaker002/speaker002_0257.txt,5,utf-8
1485,LIP-RTVE,speaker002_0260,26,../data/LIP-RTVE/WAVs/speaker002/speaker002_0260.wav,../data/LIP-RTVE/ROIs/speaker002/speaker002_0260.npz,../data/LIP-RTVE/transcriptions/speaker002/speaker002_0260.txt,5,utf-8
1486,LIP-RTVE,speaker002_0261,118,../data/LIP-RTVE/WAVs/speaker002/speaker002_0261.wav,../data/LIP-RTVE/ROIs/speaker002/speaker002_0261.npz,../data/LIP-RTVE/transcriptions/speaker002/speaker002_0261.txt,5,utf-8
1487,LIP-RTVE,speaker002_0262,94,../data/LIP-RTVE/WAVs/speaker002/speaker002_0262.wav,../data/LIP-RTVE/ROIs/speaker002/speaker002_0262.npz,../data/LIP-RTVE/transcriptions/speaker002/speaker002_0262.txt,5,utf-8
1488,LIP-RTVE,speaker002_0263,48,../data/LIP-RTVE/WAVs/speaker002/speaker002_0263.wav,../data/LIP-RTVE/ROIs/speaker002/speaker002_0263.npz,../data/LIP-RTVE/transcriptions/speaker002/speaker002_0263.txt,5,utf-8
1489,LIP-RTVE,speaker002_0265,66,../data/LIP-RTVE/WAVs/speaker002/speaker002_0265.wav,../data/LIP-RTVE/ROIs/speaker002/speaker002_0265.npz,../data/LIP-RTVE/transcriptions/speaker002/speaker002_0265.txt,5,utf-8
1490,LIP-RTVE,speaker002_0266,66,../data/LIP-RTVE/WAVs/speaker002/speaker002_0266.wav,../data/LIP-RTVE/ROIs/speaker002/speaker002_0266.npz,../data/LIP-RTVE/transcriptions/speaker002/speaker002_0266.txt,5,utf-8
1491,LIP-RTVE,speaker002_0267,136,../data/LIP-RTVE/WAVs/speaker002/speaker002_0267.wav,../data/LIP-RTVE/ROIs/speaker002/speaker002_0267.npz,../data/LIP-RTVE/transcriptions/speaker002/speaker002_0267.txt,5,utf-8
1492,LIP-RTVE,speaker002_0268,133,../data/LIP-RTVE/WAVs/speaker002/speaker002_0268.wav,../data/LIP-RTVE/ROIs/speaker002/speaker002_0268.npz,../data/LIP-RTVE/transcriptions/speaker002/speaker002_0268.txt,5,utf-8
1493,LIP-RTVE,speaker002_0271,132,../data/LIP-RTVE/WAVs/speaker002/speaker002_0271.wav,../data/LIP-RTVE/ROIs/speaker002/speaker002_0271.npz,../data/LIP-RTVE/transcriptions/speaker002/speaker002_0271.txt,5,utf-8
1494,LIP-RTVE,speaker002_0272,81,../data/LIP-RTVE/WAVs/speaker002/speaker002_0272.wav,../data/LIP-RTVE/ROIs/speaker002/speaker002_0272.npz,../data/LIP-RTVE/transcriptions/speaker002/speaker002_0272.txt,5,utf-8
1495,LIP-RTVE,speaker002_0274,26,../data/LIP-RTVE/WAVs/speaker002/speaker002_0274.wav,../data/LIP-RTVE/ROIs/speaker002/speaker002_0274.npz,../data/LIP-RTVE/transcriptions/speaker002/speaker002_0274.txt,5,utf-8
1496,LIP-RTVE,speaker002_0276,178,../data/LIP-RTVE/WAVs/speaker002/speaker002_0276.wav,../data/LIP-RTVE/ROIs/speaker002/speaker002_0276.npz,../data/LIP-RTVE/transcriptions/speaker002/speaker002_0276.txt,5,utf-8
1497,LIP-RTVE,speaker002_0278,105,../data/LIP-RTVE/WAVs/speaker002/speaker002_0278.wav,../data/LIP-RTVE/ROIs/speaker002/speaker002_0278.npz,../data/LIP-RTVE/transcriptions/speaker002/speaker002_0278.txt,5,utf-8
1498,LIP-RTVE,speaker002_0280,45,../data/LIP-RTVE/WAVs/speaker002/speaker002_0280.wav,../data/LIP-RTVE/ROIs/speaker002/speaker002_0280.npz,../data/LIP-RTVE/transcriptions/speaker002/speaker002_0280.txt,5,utf-8
1499,LIP-RTVE,speaker002_0283,110,../data/LIP-RTVE/WAVs/speaker002/speaker002_0283.wav,../data/LIP-RTVE/ROIs/speaker002/speaker002_0283.npz,../data/LIP-RTVE/transcriptions/speaker002/speaker002_0283.txt,5,utf-8
1500,LIP-RTVE,speaker002_0284,175,../data/LIP-RTVE/WAVs/speaker002/speaker002_0284.wav,../data/LIP-RTVE/ROIs/speaker002/speaker002_0284.npz,../data/LIP-RTVE/transcriptions/speaker002/speaker002_0284.txt,5,utf-8
1501,LIP-RTVE,speaker002_0285,122,../data/LIP-RTVE/WAVs/speaker002/speaker002_0285.wav,../data/LIP-RTVE/ROIs/speaker002/speaker002_0285.npz,../data/LIP-RTVE/transcriptions/speaker002/speaker002_0285.txt,5,utf-8
1502,LIP-RTVE,speaker002_0288,55,../data/LIP-RTVE/WAVs/speaker002/speaker002_0288.wav,../data/LIP-RTVE/ROIs/speaker002/speaker002_0288.npz,../data/LIP-RTVE/transcriptions/speaker002/speaker002_0288.txt,5,utf-8
1503,LIP-RTVE,speaker002_0289,155,../data/LIP-RTVE/WAVs/speaker002/speaker002_0289.wav,../data/LIP-RTVE/ROIs/speaker002/speaker002_0289.npz,../data/LIP-RTVE/transcriptions/speaker002/speaker002_0289.txt,5,utf-8
1504,LIP-RTVE,speaker002_0290,105,../data/LIP-RTVE/WAVs/speaker002/speaker002_0290.wav,../data/LIP-RTVE/ROIs/speaker002/speaker002_0290.npz,../data/LIP-RTVE/transcriptions/speaker002/speaker002_0290.txt,5,utf-8
1505,LIP-RTVE,speaker002_0291,51,../data/LIP-RTVE/WAVs/speaker002/speaker002_0291.wav,../data/LIP-RTVE/ROIs/speaker002/speaker002_0291.npz,../data/LIP-RTVE/transcriptions/speaker002/speaker002_0291.txt,5,utf-8
1506,LIP-RTVE,speaker002_0293,51,../data/LIP-RTVE/WAVs/speaker002/speaker002_0293.wav,../data/LIP-RTVE/ROIs/speaker002/speaker002_0293.npz,../data/LIP-RTVE/transcriptions/speaker002/speaker002_0293.txt,5,utf-8
1507,LIP-RTVE,speaker002_0294,96,../data/LIP-RTVE/WAVs/speaker002/speaker002_0294.wav,../data/LIP-RTVE/ROIs/speaker002/speaker002_0294.npz,../data/LIP-RTVE/transcriptions/speaker002/speaker002_0294.txt,5,utf-8
1508,LIP-RTVE,speaker002_0296,124,../data/LIP-RTVE/WAVs/speaker002/speaker002_0296.wav,../data/LIP-RTVE/ROIs/speaker002/speaker002_0296.npz,../data/LIP-RTVE/transcriptions/speaker002/speaker002_0296.txt,5,utf-8
1509,LIP-RTVE,speaker002_0297,27,../data/LIP-RTVE/WAVs/speaker002/speaker002_0297.wav,../data/LIP-RTVE/ROIs/speaker002/speaker002_0297.npz,../data/LIP-RTVE/transcriptions/speaker002/speaker002_0297.txt,5,utf-8
1510,LIP-RTVE,speaker002_0298,116,../data/LIP-RTVE/WAVs/speaker002/speaker002_0298.wav,../data/LIP-RTVE/ROIs/speaker002/speaker002_0298.npz,../data/LIP-RTVE/transcriptions/speaker002/speaker002_0298.txt,5,utf-8
1511,LIP-RTVE,speaker002_0299,65,../data/LIP-RTVE/WAVs/speaker002/speaker002_0299.wav,../data/LIP-RTVE/ROIs/speaker002/speaker002_0299.npz,../data/LIP-RTVE/transcriptions/speaker002/speaker002_0299.txt,5,utf-8
1512,LIP-RTVE,speaker002_0301,90,../data/LIP-RTVE/WAVs/speaker002/speaker002_0301.wav,../data/LIP-RTVE/ROIs/speaker002/speaker002_0301.npz,../data/LIP-RTVE/transcriptions/speaker002/speaker002_0301.txt,5,utf-8
1513,LIP-RTVE,speaker002_0303,72,../data/LIP-RTVE/WAVs/speaker002/speaker002_0303.wav,../data/LIP-RTVE/ROIs/speaker002/speaker002_0303.npz,../data/LIP-RTVE/transcriptions/speaker002/speaker002_0303.txt,5,utf-8
1514,LIP-RTVE,speaker002_0304,51,../data/LIP-RTVE/WAVs/speaker002/speaker002_0304.wav,../data/LIP-RTVE/ROIs/speaker002/speaker002_0304.npz,../data/LIP-RTVE/transcriptions/speaker002/speaker002_0304.txt,5,utf-8
1515,LIP-RTVE,speaker002_0305,166,../data/LIP-RTVE/WAVs/speaker002/speaker002_0305.wav,../data/LIP-RTVE/ROIs/speaker002/speaker002_0305.npz,../data/LIP-RTVE/transcriptions/speaker002/speaker002_0305.txt,5,utf-8
1516,LIP-RTVE,speaker002_0306,119,../data/LIP-RTVE/WAVs/speaker002/speaker002_0306.wav,../data/LIP-RTVE/ROIs/speaker002/speaker002_0306.npz,../data/LIP-RTVE/transcriptions/speaker002/speaker002_0306.txt,5,utf-8
1517,LIP-RTVE,speaker002_0308,106,../data/LIP-RTVE/WAVs/speaker002/speaker002_0308.wav,../data/LIP-RTVE/ROIs/speaker002/speaker002_0308.npz,../data/LIP-RTVE/transcriptions/speaker002/speaker002_0308.txt,5,utf-8
1518,LIP-RTVE,speaker002_0310,54,../data/LIP-RTVE/WAVs/speaker002/speaker002_0310.wav,../data/LIP-RTVE/ROIs/speaker002/speaker002_0310.npz,../data/LIP-RTVE/transcriptions/speaker002/speaker002_0310.txt,5,utf-8
1519,LIP-RTVE,speaker002_0311,103,../data/LIP-RTVE/WAVs/speaker002/speaker002_0311.wav,../data/LIP-RTVE/ROIs/speaker002/speaker002_0311.npz,../data/LIP-RTVE/transcriptions/speaker002/speaker002_0311.txt,5,utf-8
1520,LIP-RTVE,speaker002_0313,27,../data/LIP-RTVE/WAVs/speaker002/speaker002_0313.wav,../data/LIP-RTVE/ROIs/speaker002/speaker002_0313.npz,../data/LIP-RTVE/transcriptions/speaker002/speaker002_0313.txt,5,utf-8
1521,LIP-RTVE,speaker002_0314,132,../data/LIP-RTVE/WAVs/speaker002/speaker002_0314.wav,../data/LIP-RTVE/ROIs/speaker002/speaker002_0314.npz,../data/LIP-RTVE/transcriptions/speaker002/speaker002_0314.txt,5,utf-8
1522,LIP-RTVE,speaker002_0315,239,../data/LIP-RTVE/WAVs/speaker002/speaker002_0315.wav,../data/LIP-RTVE/ROIs/speaker002/speaker002_0315.npz,../data/LIP-RTVE/transcriptions/speaker002/speaker002_0315.txt,5,utf-8
1523,LIP-RTVE,speaker002_0316,61,../data/LIP-RTVE/WAVs/speaker002/speaker002_0316.wav,../data/LIP-RTVE/ROIs/speaker002/speaker002_0316.npz,../data/LIP-RTVE/transcriptions/speaker002/speaker002_0316.txt,5,utf-8
1524,LIP-RTVE,speaker002_0317,30,../data/LIP-RTVE/WAVs/speaker002/speaker002_0317.wav,../data/LIP-RTVE/ROIs/speaker002/speaker002_0317.npz,../data/LIP-RTVE/transcriptions/speaker002/speaker002_0317.txt,5,utf-8
1525,LIP-RTVE,speaker002_0318,114,../data/LIP-RTVE/WAVs/speaker002/speaker002_0318.wav,../data/LIP-RTVE/ROIs/speaker002/speaker002_0318.npz,../data/LIP-RTVE/transcriptions/speaker002/speaker002_0318.txt,5,utf-8
1526,LIP-RTVE,speaker002_0320,109,../data/LIP-RTVE/WAVs/speaker002/speaker002_0320.wav,../data/LIP-RTVE/ROIs/speaker002/speaker002_0320.npz,../data/LIP-RTVE/transcriptions/speaker002/speaker002_0320.txt,5,utf-8
1527,LIP-RTVE,speaker002_0321,53,../data/LIP-RTVE/WAVs/speaker002/speaker002_0321.wav,../data/LIP-RTVE/ROIs/speaker002/speaker002_0321.npz,../data/LIP-RTVE/transcriptions/speaker002/speaker002_0321.txt,5,utf-8
1528,LIP-RTVE,speaker002_0322,61,../data/LIP-RTVE/WAVs/speaker002/speaker002_0322.wav,../data/LIP-RTVE/ROIs/speaker002/speaker002_0322.npz,../data/LIP-RTVE/transcriptions/speaker002/speaker002_0322.txt,5,utf-8
1529,LIP-RTVE,speaker002_0325,130,../data/LIP-RTVE/WAVs/speaker002/speaker002_0325.wav,../data/LIP-RTVE/ROIs/speaker002/speaker002_0325.npz,../data/LIP-RTVE/transcriptions/speaker002/speaker002_0325.txt,5,utf-8
1530,LIP-RTVE,speaker002_0326,50,../data/LIP-RTVE/WAVs/speaker002/speaker002_0326.wav,../data/LIP-RTVE/ROIs/speaker002/speaker002_0326.npz,../data/LIP-RTVE/transcriptions/speaker002/speaker002_0326.txt,5,utf-8
1531,LIP-RTVE,speaker002_0327,125,../data/LIP-RTVE/WAVs/speaker002/speaker002_0327.wav,../data/LIP-RTVE/ROIs/speaker002/speaker002_0327.npz,../data/LIP-RTVE/transcriptions/speaker002/speaker002_0327.txt,5,utf-8
1532,LIP-RTVE,speaker002_0328,75,../data/LIP-RTVE/WAVs/speaker002/speaker002_0328.wav,../data/LIP-RTVE/ROIs/speaker002/speaker002_0328.npz,../data/LIP-RTVE/transcriptions/speaker002/speaker002_0328.txt,5,utf-8
1533,LIP-RTVE,speaker002_0329,100,../data/LIP-RTVE/WAVs/speaker002/speaker002_0329.wav,../data/LIP-RTVE/ROIs/speaker002/speaker002_0329.npz,../data/LIP-RTVE/transcriptions/speaker002/speaker002_0329.txt,5,utf-8
1534,LIP-RTVE,speaker002_0330,57,../data/LIP-RTVE/WAVs/speaker002/speaker002_0330.wav,../data/LIP-RTVE/ROIs/speaker002/speaker002_0330.npz,../data/LIP-RTVE/transcriptions/speaker002/speaker002_0330.txt,5,utf-8
1535,LIP-RTVE,speaker002_0332,51,../data/LIP-RTVE/WAVs/speaker002/speaker002_0332.wav,../data/LIP-RTVE/ROIs/speaker002/speaker002_0332.npz,../data/LIP-RTVE/transcriptions/speaker002/speaker002_0332.txt,5,utf-8
1536,LIP-RTVE,speaker002_0333,101,../data/LIP-RTVE/WAVs/speaker002/speaker002_0333.wav,../data/LIP-RTVE/ROIs/speaker002/speaker002_0333.npz,../data/LIP-RTVE/transcriptions/speaker002/speaker002_0333.txt,5,utf-8
1537,LIP-RTVE,speaker002_0334,237,../data/LIP-RTVE/WAVs/speaker002/speaker002_0334.wav,../data/LIP-RTVE/ROIs/speaker002/speaker002_0334.npz,../data/LIP-RTVE/transcriptions/speaker002/speaker002_0334.txt,5,utf-8
1538,LIP-RTVE,speaker002_0335,42,../data/LIP-RTVE/WAVs/speaker002/speaker002_0335.wav,../data/LIP-RTVE/ROIs/speaker002/speaker002_0335.npz,../data/LIP-RTVE/transcriptions/speaker002/speaker002_0335.txt,5,utf-8
1539,LIP-RTVE,speaker002_0336,136,../data/LIP-RTVE/WAVs/speaker002/speaker002_0336.wav,../data/LIP-RTVE/ROIs/speaker002/speaker002_0336.npz,../data/LIP-RTVE/transcriptions/speaker002/speaker002_0336.txt,5,utf-8
1540,LIP-RTVE,speaker002_0340,92,../data/LIP-RTVE/WAVs/speaker002/speaker002_0340.wav,../data/LIP-RTVE/ROIs/speaker002/speaker002_0340.npz,../data/LIP-RTVE/transcriptions/speaker002/speaker002_0340.txt,5,utf-8
1541,LIP-RTVE,speaker002_0341,115,../data/LIP-RTVE/WAVs/speaker002/speaker002_0341.wav,../data/LIP-RTVE/ROIs/speaker002/speaker002_0341.npz,../data/LIP-RTVE/transcriptions/speaker002/speaker002_0341.txt,5,utf-8
1542,LIP-RTVE,speaker002_0342,214,../data/LIP-RTVE/WAVs/speaker002/speaker002_0342.wav,../data/LIP-RTVE/ROIs/speaker002/speaker002_0342.npz,../data/LIP-RTVE/transcriptions/speaker002/speaker002_0342.txt,5,utf-8
1543,LIP-RTVE,speaker002_0343,124,../data/LIP-RTVE/WAVs/speaker002/speaker002_0343.wav,../data/LIP-RTVE/ROIs/speaker002/speaker002_0343.npz,../data/LIP-RTVE/transcriptions/speaker002/speaker002_0343.txt,5,utf-8
1544,LIP-RTVE,speaker002_0344,167,../data/LIP-RTVE/WAVs/speaker002/speaker002_0344.wav,../data/LIP-RTVE/ROIs/speaker002/speaker002_0344.npz,../data/LIP-RTVE/transcriptions/speaker002/speaker002_0344.txt,5,utf-8
1545,LIP-RTVE,speaker002_0345,47,../data/LIP-RTVE/WAVs/speaker002/speaker002_0345.wav,../data/LIP-RTVE/ROIs/speaker002/speaker002_0345.npz,../data/LIP-RTVE/transcriptions/speaker002/speaker002_0345.txt,5,utf-8
1546,LIP-RTVE,speaker002_0346,111,../data/LIP-RTVE/WAVs/speaker002/speaker002_0346.wav,../data/LIP-RTVE/ROIs/speaker002/speaker002_0346.npz,../data/LIP-RTVE/transcriptions/speaker002/speaker002_0346.txt,5,utf-8
1547,LIP-RTVE,speaker002_0347,63,../data/LIP-RTVE/WAVs/speaker002/speaker002_0347.wav,../data/LIP-RTVE/ROIs/speaker002/speaker002_0347.npz,../data/LIP-RTVE/transcriptions/speaker002/speaker002_0347.txt,5,utf-8
1548,LIP-RTVE,speaker002_0348,77,../data/LIP-RTVE/WAVs/speaker002/speaker002_0348.wav,../data/LIP-RTVE/ROIs/speaker002/speaker002_0348.npz,../data/LIP-RTVE/transcriptions/speaker002/speaker002_0348.txt,5,utf-8
1549,LIP-RTVE,speaker002_0349,54,../data/LIP-RTVE/WAVs/speaker002/speaker002_0349.wav,../data/LIP-RTVE/ROIs/speaker002/speaker002_0349.npz,../data/LIP-RTVE/transcriptions/speaker002/speaker002_0349.txt,5,utf-8
1550,LIP-RTVE,speaker002_0350,100,../data/LIP-RTVE/WAVs/speaker002/speaker002_0350.wav,../data/LIP-RTVE/ROIs/speaker002/speaker002_0350.npz,../data/LIP-RTVE/transcriptions/speaker002/speaker002_0350.txt,5,utf-8
1551,LIP-RTVE,speaker002_0351,73,../data/LIP-RTVE/WAVs/speaker002/speaker002_0351.wav,../data/LIP-RTVE/ROIs/speaker002/speaker002_0351.npz,../data/LIP-RTVE/transcriptions/speaker002/speaker002_0351.txt,5,utf-8
1552,LIP-RTVE,speaker002_0352,163,../data/LIP-RTVE/WAVs/speaker002/speaker002_0352.wav,../data/LIP-RTVE/ROIs/speaker002/speaker002_0352.npz,../data/LIP-RTVE/transcriptions/speaker002/speaker002_0352.txt,5,utf-8
1553,LIP-RTVE,speaker002_0353,126,../data/LIP-RTVE/WAVs/speaker002/speaker002_0353.wav,../data/LIP-RTVE/ROIs/speaker002/speaker002_0353.npz,../data/LIP-RTVE/transcriptions/speaker002/speaker002_0353.txt,5,utf-8
1554,LIP-RTVE,speaker002_0354,38,../data/LIP-RTVE/WAVs/speaker002/speaker002_0354.wav,../data/LIP-RTVE/ROIs/speaker002/speaker002_0354.npz,../data/LIP-RTVE/transcriptions/speaker002/speaker002_0354.txt,5,utf-8
1555,LIP-RTVE,speaker002_0356,47,../data/LIP-RTVE/WAVs/speaker002/speaker002_0356.wav,../data/LIP-RTVE/ROIs/speaker002/speaker002_0356.npz,../data/LIP-RTVE/transcriptions/speaker002/speaker002_0356.txt,5,utf-8
1556,LIP-RTVE,speaker002_0357,47,../data/LIP-RTVE/WAVs/speaker002/speaker002_0357.wav,../data/LIP-RTVE/ROIs/speaker002/speaker002_0357.npz,../data/LIP-RTVE/transcriptions/speaker002/speaker002_0357.txt,5,utf-8
1557,LIP-RTVE,speaker002_0358,138,../data/LIP-RTVE/WAVs/speaker002/speaker002_0358.wav,../data/LIP-RTVE/ROIs/speaker002/speaker002_0358.npz,../data/LIP-RTVE/transcriptions/speaker002/speaker002_0358.txt,5,utf-8
1558,LIP-RTVE,speaker002_0359,99,../data/LIP-RTVE/WAVs/speaker002/speaker002_0359.wav,../data/LIP-RTVE/ROIs/speaker002/speaker002_0359.npz,../data/LIP-RTVE/transcriptions/speaker002/speaker002_0359.txt,5,utf-8
1559,LIP-RTVE,speaker002_0360,58,../data/LIP-RTVE/WAVs/speaker002/speaker002_0360.wav,../data/LIP-RTVE/ROIs/speaker002/speaker002_0360.npz,../data/LIP-RTVE/transcriptions/speaker002/speaker002_0360.txt,5,utf-8
1560,LIP-RTVE,speaker002_0362,177,../data/LIP-RTVE/WAVs/speaker002/speaker002_0362.wav,../data/LIP-RTVE/ROIs/speaker002/speaker002_0362.npz,../data/LIP-RTVE/transcriptions/speaker002/speaker002_0362.txt,5,utf-8
1561,LIP-RTVE,speaker002_0363,79,../data/LIP-RTVE/WAVs/speaker002/speaker002_0363.wav,../data/LIP-RTVE/ROIs/speaker002/speaker002_0363.npz,../data/LIP-RTVE/transcriptions/speaker002/speaker002_0363.txt,5,utf-8
1562,LIP-RTVE,speaker002_0364,167,../data/LIP-RTVE/WAVs/speaker002/speaker002_0364.wav,../data/LIP-RTVE/ROIs/speaker002/speaker002_0364.npz,../data/LIP-RTVE/transcriptions/speaker002/speaker002_0364.txt,5,utf-8
1563,LIP-RTVE,speaker002_0365,91,../data/LIP-RTVE/WAVs/speaker002/speaker002_0365.wav,../data/LIP-RTVE/ROIs/speaker002/speaker002_0365.npz,../data/LIP-RTVE/transcriptions/speaker002/speaker002_0365.txt,5,utf-8
1564,LIP-RTVE,speaker002_0366,67,../data/LIP-RTVE/WAVs/speaker002/speaker002_0366.wav,../data/LIP-RTVE/ROIs/speaker002/speaker002_0366.npz,../data/LIP-RTVE/transcriptions/speaker002/speaker002_0366.txt,5,utf-8
1565,LIP-RTVE,speaker002_0367,140,../data/LIP-RTVE/WAVs/speaker002/speaker002_0367.wav,../data/LIP-RTVE/ROIs/speaker002/speaker002_0367.npz,../data/LIP-RTVE/transcriptions/speaker002/speaker002_0367.txt,5,utf-8
1566,LIP-RTVE,speaker002_0368,71,../data/LIP-RTVE/WAVs/speaker002/speaker002_0368.wav,../data/LIP-RTVE/ROIs/speaker002/speaker002_0368.npz,../data/LIP-RTVE/transcriptions/speaker002/speaker002_0368.txt,5,utf-8
1567,LIP-RTVE,speaker002_0370,66,../data/LIP-RTVE/WAVs/speaker002/speaker002_0370.wav,../data/LIP-RTVE/ROIs/speaker002/speaker002_0370.npz,../data/LIP-RTVE/transcriptions/speaker002/speaker002_0370.txt,5,utf-8
1568,LIP-RTVE,speaker002_0371,35,../data/LIP-RTVE/WAVs/speaker002/speaker002_0371.wav,../data/LIP-RTVE/ROIs/speaker002/speaker002_0371.npz,../data/LIP-RTVE/transcriptions/speaker002/speaker002_0371.txt,5,utf-8
1569,LIP-RTVE,speaker002_0372,118,../data/LIP-RTVE/WAVs/speaker002/speaker002_0372.wav,../data/LIP-RTVE/ROIs/speaker002/speaker002_0372.npz,../data/LIP-RTVE/transcriptions/speaker002/speaker002_0372.txt,5,utf-8
1570,LIP-RTVE,speaker002_0373,82,../data/LIP-RTVE/WAVs/speaker002/speaker002_0373.wav,../data/LIP-RTVE/ROIs/speaker002/speaker002_0373.npz,../data/LIP-RTVE/transcriptions/speaker002/speaker002_0373.txt,5,utf-8
1571,LIP-RTVE,speaker002_0375,54,../data/LIP-RTVE/WAVs/speaker002/speaker002_0375.wav,../data/LIP-RTVE/ROIs/speaker002/speaker002_0375.npz,../data/LIP-RTVE/transcriptions/speaker002/speaker002_0375.txt,5,utf-8
1572,LIP-RTVE,speaker002_0376,100,../data/LIP-RTVE/WAVs/speaker002/speaker002_0376.wav,../data/LIP-RTVE/ROIs/speaker002/speaker002_0376.npz,../data/LIP-RTVE/transcriptions/speaker002/speaker002_0376.txt,5,utf-8
1573,LIP-RTVE,speaker002_0377,37,../data/LIP-RTVE/WAVs/speaker002/speaker002_0377.wav,../data/LIP-RTVE/ROIs/speaker002/speaker002_0377.npz,../data/LIP-RTVE/transcriptions/speaker002/speaker002_0377.txt,5,utf-8
1574,LIP-RTVE,speaker002_0380,39,../data/LIP-RTVE/WAVs/speaker002/speaker002_0380.wav,../data/LIP-RTVE/ROIs/speaker002/speaker002_0380.npz,../data/LIP-RTVE/transcriptions/speaker002/speaker002_0380.txt,5,utf-8
1575,LIP-RTVE,speaker002_0381,115,../data/LIP-RTVE/WAVs/speaker002/speaker002_0381.wav,../data/LIP-RTVE/ROIs/speaker002/speaker002_0381.npz,../data/LIP-RTVE/transcriptions/speaker002/speaker002_0381.txt,5,utf-8
1576,LIP-RTVE,speaker002_0383,26,../data/LIP-RTVE/WAVs/speaker002/speaker002_0383.wav,../data/LIP-RTVE/ROIs/speaker002/speaker002_0383.npz,../data/LIP-RTVE/transcriptions/speaker002/speaker002_0383.txt,5,utf-8
1577,LIP-RTVE,speaker002_0384,105,../data/LIP-RTVE/WAVs/speaker002/speaker002_0384.wav,../data/LIP-RTVE/ROIs/speaker002/speaker002_0384.npz,../data/LIP-RTVE/transcriptions/speaker002/speaker002_0384.txt,5,utf-8
1578,LIP-RTVE,speaker002_0385,29,../data/LIP-RTVE/WAVs/speaker002/speaker002_0385.wav,../data/LIP-RTVE/ROIs/speaker002/speaker002_0385.npz,../data/LIP-RTVE/transcriptions/speaker002/speaker002_0385.txt,5,utf-8
1579,LIP-RTVE,speaker002_0386,57,../data/LIP-RTVE/WAVs/speaker002/speaker002_0386.wav,../data/LIP-RTVE/ROIs/speaker002/speaker002_0386.npz,../data/LIP-RTVE/transcriptions/speaker002/speaker002_0386.txt,5,utf-8
1580,LIP-RTVE,speaker002_0387,143,../data/LIP-RTVE/WAVs/speaker002/speaker002_0387.wav,../data/LIP-RTVE/ROIs/speaker002/speaker002_0387.npz,../data/LIP-RTVE/transcriptions/speaker002/speaker002_0387.txt,5,utf-8
1581,LIP-RTVE,speaker002_0388,87,../data/LIP-RTVE/WAVs/speaker002/speaker002_0388.wav,../data/LIP-RTVE/ROIs/speaker002/speaker002_0388.npz,../data/LIP-RTVE/transcriptions/speaker002/speaker002_0388.txt,5,utf-8
1582,LIP-RTVE,speaker002_0389,125,../data/LIP-RTVE/WAVs/speaker002/speaker002_0389.wav,../data/LIP-RTVE/ROIs/speaker002/speaker002_0389.npz,../data/LIP-RTVE/transcriptions/speaker002/speaker002_0389.txt,5,utf-8
1583,LIP-RTVE,speaker002_0390,39,../data/LIP-RTVE/WAVs/speaker002/speaker002_0390.wav,../data/LIP-RTVE/ROIs/speaker002/speaker002_0390.npz,../data/LIP-RTVE/transcriptions/speaker002/speaker002_0390.txt,5,utf-8
1584,LIP-RTVE,speaker002_0393,45,../data/LIP-RTVE/WAVs/speaker002/speaker002_0393.wav,../data/LIP-RTVE/ROIs/speaker002/speaker002_0393.npz,../data/LIP-RTVE/transcriptions/speaker002/speaker002_0393.txt,5,utf-8
1585,LIP-RTVE,speaker002_0394,152,../data/LIP-RTVE/WAVs/speaker002/speaker002_0394.wav,../data/LIP-RTVE/ROIs/speaker002/speaker002_0394.npz,../data/LIP-RTVE/transcriptions/speaker002/speaker002_0394.txt,5,utf-8
1586,LIP-RTVE,speaker002_0395,84,../data/LIP-RTVE/WAVs/speaker002/speaker002_0395.wav,../data/LIP-RTVE/ROIs/speaker002/speaker002_0395.npz,../data/LIP-RTVE/transcriptions/speaker002/speaker002_0395.txt,5,utf-8
1587,LIP-RTVE,speaker002_0396,41,../data/LIP-RTVE/WAVs/speaker002/speaker002_0396.wav,../data/LIP-RTVE/ROIs/speaker002/speaker002_0396.npz,../data/LIP-RTVE/transcriptions/speaker002/speaker002_0396.txt,5,utf-8
1588,LIP-RTVE,speaker002_0397,104,../data/LIP-RTVE/WAVs/speaker002/speaker002_0397.wav,../data/LIP-RTVE/ROIs/speaker002/speaker002_0397.npz,../data/LIP-RTVE/transcriptions/speaker002/speaker002_0397.txt,5,utf-8
1589,LIP-RTVE,speaker002_0399,61,../data/LIP-RTVE/WAVs/speaker002/speaker002_0399.wav,../data/LIP-RTVE/ROIs/speaker002/speaker002_0399.npz,../data/LIP-RTVE/transcriptions/speaker002/speaker002_0399.txt,5,utf-8
1590,LIP-RTVE,speaker002_0400,115,../data/LIP-RTVE/WAVs/speaker002/speaker002_0400.wav,../data/LIP-RTVE/ROIs/speaker002/speaker002_0400.npz,../data/LIP-RTVE/transcriptions/speaker002/speaker002_0400.txt,5,utf-8
1591,LIP-RTVE,speaker002_0402,53,../data/LIP-RTVE/WAVs/speaker002/speaker002_0402.wav,../data/LIP-RTVE/ROIs/speaker002/speaker002_0402.npz,../data/LIP-RTVE/transcriptions/speaker002/speaker002_0402.txt,5,utf-8
1592,LIP-RTVE,speaker002_0404,227,../data/LIP-RTVE/WAVs/speaker002/speaker002_0404.wav,../data/LIP-RTVE/ROIs/speaker002/speaker002_0404.npz,../data/LIP-RTVE/transcriptions/speaker002/speaker002_0404.txt,5,utf-8
1593,LIP-RTVE,speaker002_0407,114,../data/LIP-RTVE/WAVs/speaker002/speaker002_0407.wav,../data/LIP-RTVE/ROIs/speaker002/speaker002_0407.npz,../data/LIP-RTVE/transcriptions/speaker002/speaker002_0407.txt,5,utf-8
1594,LIP-RTVE,speaker002_0408,37,../data/LIP-RTVE/WAVs/speaker002/speaker002_0408.wav,../data/LIP-RTVE/ROIs/speaker002/speaker002_0408.npz,../data/LIP-RTVE/transcriptions/speaker002/speaker002_0408.txt,5,utf-8
1595,LIP-RTVE,speaker002_0409,75,../data/LIP-RTVE/WAVs/speaker002/speaker002_0409.wav,../data/LIP-RTVE/ROIs/speaker002/speaker002_0409.npz,../data/LIP-RTVE/transcriptions/speaker002/speaker002_0409.txt,5,utf-8
1596,LIP-RTVE,speaker002_0410,39,../data/LIP-RTVE/WAVs/speaker002/speaker002_0410.wav,../data/LIP-RTVE/ROIs/speaker002/speaker002_0410.npz,../data/LIP-RTVE/transcriptions/speaker002/speaker002_0410.txt,5,utf-8
1597,LIP-RTVE,speaker002_0411,83,../data/LIP-RTVE/WAVs/speaker002/speaker002_0411.wav,../data/LIP-RTVE/ROIs/speaker002/speaker002_0411.npz,../data/LIP-RTVE/transcriptions/speaker002/speaker002_0411.txt,5,utf-8
1598,LIP-RTVE,speaker002_0416,35,../data/LIP-RTVE/WAVs/speaker002/speaker002_0416.wav,../data/LIP-RTVE/ROIs/speaker002/speaker002_0416.npz,../data/LIP-RTVE/transcriptions/speaker002/speaker002_0416.txt,5,utf-8
1599,LIP-RTVE,speaker002_0417,118,../data/LIP-RTVE/WAVs/speaker002/speaker002_0417.wav,../data/LIP-RTVE/ROIs/speaker002/speaker002_0417.npz,../data/LIP-RTVE/transcriptions/speaker002/speaker002_0417.txt,5,utf-8
1600,LIP-RTVE,speaker002_0419,89,../data/LIP-RTVE/WAVs/speaker002/speaker002_0419.wav,../data/LIP-RTVE/ROIs/speaker002/speaker002_0419.npz,../data/LIP-RTVE/transcriptions/speaker002/speaker002_0419.txt,5,utf-8
1601,LIP-RTVE,speaker002_0420,173,../data/LIP-RTVE/WAVs/speaker002/speaker002_0420.wav,../data/LIP-RTVE/ROIs/speaker002/speaker002_0420.npz,../data/LIP-RTVE/transcriptions/speaker002/speaker002_0420.txt,5,utf-8
1602,LIP-RTVE,speaker002_0422,148,../data/LIP-RTVE/WAVs/speaker002/speaker002_0422.wav,../data/LIP-RTVE/ROIs/speaker002/speaker002_0422.npz,../data/LIP-RTVE/transcriptions/speaker002/speaker002_0422.txt,5,utf-8
1603,LIP-RTVE,speaker002_0423,60,../data/LIP-RTVE/WAVs/speaker002/speaker002_0423.wav,../data/LIP-RTVE/ROIs/speaker002/speaker002_0423.npz,../data/LIP-RTVE/transcriptions/speaker002/speaker002_0423.txt,5,utf-8
1604,LIP-RTVE,speaker002_0424,68,../data/LIP-RTVE/WAVs/speaker002/speaker002_0424.wav,../data/LIP-RTVE/ROIs/speaker002/speaker002_0424.npz,../data/LIP-RTVE/transcriptions/speaker002/speaker002_0424.txt,5,utf-8
1605,LIP-RTVE,speaker002_0427,141,../data/LIP-RTVE/WAVs/speaker002/speaker002_0427.wav,../data/LIP-RTVE/ROIs/speaker002/speaker002_0427.npz,../data/LIP-RTVE/transcriptions/speaker002/speaker002_0427.txt,5,utf-8
1606,LIP-RTVE,speaker002_0432,43,../data/LIP-RTVE/WAVs/speaker002/speaker002_0432.wav,../data/LIP-RTVE/ROIs/speaker002/speaker002_0432.npz,../data/LIP-RTVE/transcriptions/speaker002/speaker002_0432.txt,5,utf-8
1607,LIP-RTVE,speaker002_0433,38,../data/LIP-RTVE/WAVs/speaker002/speaker002_0433.wav,../data/LIP-RTVE/ROIs/speaker002/speaker002_0433.npz,../data/LIP-RTVE/transcriptions/speaker002/speaker002_0433.txt,5,utf-8
1608,LIP-RTVE,speaker002_0434,134,../data/LIP-RTVE/WAVs/speaker002/speaker002_0434.wav,../data/LIP-RTVE/ROIs/speaker002/speaker002_0434.npz,../data/LIP-RTVE/transcriptions/speaker002/speaker002_0434.txt,5,utf-8
1609,LIP-RTVE,speaker002_0435,147,../data/LIP-RTVE/WAVs/speaker002/speaker002_0435.wav,../data/LIP-RTVE/ROIs/speaker002/speaker002_0435.npz,../data/LIP-RTVE/transcriptions/speaker002/speaker002_0435.txt,5,utf-8
1610,LIP-RTVE,speaker002_0436,56,../data/LIP-RTVE/WAVs/speaker002/speaker002_0436.wav,../data/LIP-RTVE/ROIs/speaker002/speaker002_0436.npz,../data/LIP-RTVE/transcriptions/speaker002/speaker002_0436.txt,5,utf-8
1611,LIP-RTVE,speaker002_0438,200,../data/LIP-RTVE/WAVs/speaker002/speaker002_0438.wav,../data/LIP-RTVE/ROIs/speaker002/speaker002_0438.npz,../data/LIP-RTVE/transcriptions/speaker002/speaker002_0438.txt,5,utf-8
1612,LIP-RTVE,speaker002_0442,41,../data/LIP-RTVE/WAVs/speaker002/speaker002_0442.wav,../data/LIP-RTVE/ROIs/speaker002/speaker002_0442.npz,../data/LIP-RTVE/transcriptions/speaker002/speaker002_0442.txt,5,utf-8
1613,LIP-RTVE,speaker002_0443,28,../data/LIP-RTVE/WAVs/speaker002/speaker002_0443.wav,../data/LIP-RTVE/ROIs/speaker002/speaker002_0443.npz,../data/LIP-RTVE/transcriptions/speaker002/speaker002_0443.txt,5,utf-8
1614,LIP-RTVE,speaker002_0444,94,../data/LIP-RTVE/WAVs/speaker002/speaker002_0444.wav,../data/LIP-RTVE/ROIs/speaker002/speaker002_0444.npz,../data/LIP-RTVE/transcriptions/speaker002/speaker002_0444.txt,5,utf-8
1615,LIP-RTVE,speaker002_0445,143,../data/LIP-RTVE/WAVs/speaker002/speaker002_0445.wav,../data/LIP-RTVE/ROIs/speaker002/speaker002_0445.npz,../data/LIP-RTVE/transcriptions/speaker002/speaker002_0445.txt,5,utf-8
1616,LIP-RTVE,speaker002_0446,48,../data/LIP-RTVE/WAVs/speaker002/speaker002_0446.wav,../data/LIP-RTVE/ROIs/speaker002/speaker002_0446.npz,../data/LIP-RTVE/transcriptions/speaker002/speaker002_0446.txt,5,utf-8
1617,LIP-RTVE,speaker002_0447,100,../data/LIP-RTVE/WAVs/speaker002/speaker002_0447.wav,../data/LIP-RTVE/ROIs/speaker002/speaker002_0447.npz,../data/LIP-RTVE/transcriptions/speaker002/speaker002_0447.txt,5,utf-8
1618,LIP-RTVE,speaker002_0449,77,../data/LIP-RTVE/WAVs/speaker002/speaker002_0449.wav,../data/LIP-RTVE/ROIs/speaker002/speaker002_0449.npz,../data/LIP-RTVE/transcriptions/speaker002/speaker002_0449.txt,5,utf-8
1619,LIP-RTVE,speaker002_0450,125,../data/LIP-RTVE/WAVs/speaker002/speaker002_0450.wav,../data/LIP-RTVE/ROIs/speaker002/speaker002_0450.npz,../data/LIP-RTVE/transcriptions/speaker002/speaker002_0450.txt,5,utf-8
1620,LIP-RTVE,speaker002_0451,223,../data/LIP-RTVE/WAVs/speaker002/speaker002_0451.wav,../data/LIP-RTVE/ROIs/speaker002/speaker002_0451.npz,../data/LIP-RTVE/transcriptions/speaker002/speaker002_0451.txt,5,utf-8
1621,LIP-RTVE,speaker002_0452,47,../data/LIP-RTVE/WAVs/speaker002/speaker002_0452.wav,../data/LIP-RTVE/ROIs/speaker002/speaker002_0452.npz,../data/LIP-RTVE/transcriptions/speaker002/speaker002_0452.txt,5,utf-8
1622,LIP-RTVE,speaker002_0453,81,../data/LIP-RTVE/WAVs/speaker002/speaker002_0453.wav,../data/LIP-RTVE/ROIs/speaker002/speaker002_0453.npz,../data/LIP-RTVE/transcriptions/speaker002/speaker002_0453.txt,5,utf-8
1623,LIP-RTVE,speaker002_0455,179,../data/LIP-RTVE/WAVs/speaker002/speaker002_0455.wav,../data/LIP-RTVE/ROIs/speaker002/speaker002_0455.npz,../data/LIP-RTVE/transcriptions/speaker002/speaker002_0455.txt,5,utf-8
1624,LIP-RTVE,speaker002_0456,207,../data/LIP-RTVE/WAVs/speaker002/speaker002_0456.wav,../data/LIP-RTVE/ROIs/speaker002/speaker002_0456.npz,../data/LIP-RTVE/transcriptions/speaker002/speaker002_0456.txt,5,utf-8
1625,LIP-RTVE,speaker002_0458,30,../data/LIP-RTVE/WAVs/speaker002/speaker002_0458.wav,../data/LIP-RTVE/ROIs/speaker002/speaker002_0458.npz,../data/LIP-RTVE/transcriptions/speaker002/speaker002_0458.txt,5,utf-8
1626,LIP-RTVE,speaker002_0459,28,../data/LIP-RTVE/WAVs/speaker002/speaker002_0459.wav,../data/LIP-RTVE/ROIs/speaker002/speaker002_0459.npz,../data/LIP-RTVE/transcriptions/speaker002/speaker002_0459.txt,5,utf-8
1627,LIP-RTVE,speaker002_0461,93,../data/LIP-RTVE/WAVs/speaker002/speaker002_0461.wav,../data/LIP-RTVE/ROIs/speaker002/speaker002_0461.npz,../data/LIP-RTVE/transcriptions/speaker002/speaker002_0461.txt,5,utf-8
1628,LIP-RTVE,speaker002_0462,88,../data/LIP-RTVE/WAVs/speaker002/speaker002_0462.wav,../data/LIP-RTVE/ROIs/speaker002/speaker002_0462.npz,../data/LIP-RTVE/transcriptions/speaker002/speaker002_0462.txt,5,utf-8
1629,LIP-RTVE,speaker002_0463,130,../data/LIP-RTVE/WAVs/speaker002/speaker002_0463.wav,../data/LIP-RTVE/ROIs/speaker002/speaker002_0463.npz,../data/LIP-RTVE/transcriptions/speaker002/speaker002_0463.txt,5,utf-8
1630,LIP-RTVE,speaker002_0466,82,../data/LIP-RTVE/WAVs/speaker002/speaker002_0466.wav,../data/LIP-RTVE/ROIs/speaker002/speaker002_0466.npz,../data/LIP-RTVE/transcriptions/speaker002/speaker002_0466.txt,5,utf-8
1631,LIP-RTVE,speaker002_0467,130,../data/LIP-RTVE/WAVs/speaker002/speaker002_0467.wav,../data/LIP-RTVE/ROIs/speaker002/speaker002_0467.npz,../data/LIP-RTVE/transcriptions/speaker002/speaker002_0467.txt,5,utf-8
1632,LIP-RTVE,speaker002_0468,46,../data/LIP-RTVE/WAVs/speaker002/speaker002_0468.wav,../data/LIP-RTVE/ROIs/speaker002/speaker002_0468.npz,../data/LIP-RTVE/transcriptions/speaker002/speaker002_0468.txt,5,utf-8
1633,LIP-RTVE,speaker002_0469,28,../data/LIP-RTVE/WAVs/speaker002/speaker002_0469.wav,../data/LIP-RTVE/ROIs/speaker002/speaker002_0469.npz,../data/LIP-RTVE/transcriptions/speaker002/speaker002_0469.txt,5,utf-8
1634,LIP-RTVE,speaker002_0470,235,../data/LIP-RTVE/WAVs/speaker002/speaker002_0470.wav,../data/LIP-RTVE/ROIs/speaker002/speaker002_0470.npz,../data/LIP-RTVE/transcriptions/speaker002/speaker002_0470.txt,5,utf-8
1635,LIP-RTVE,speaker002_0471,210,../data/LIP-RTVE/WAVs/speaker002/speaker002_0471.wav,../data/LIP-RTVE/ROIs/speaker002/speaker002_0471.npz,../data/LIP-RTVE/transcriptions/speaker002/speaker002_0471.txt,5,utf-8
1636,LIP-RTVE,speaker002_0472,91,../data/LIP-RTVE/WAVs/speaker002/speaker002_0472.wav,../data/LIP-RTVE/ROIs/speaker002/speaker002_0472.npz,../data/LIP-RTVE/transcriptions/speaker002/speaker002_0472.txt,5,utf-8
1637,LIP-RTVE,speaker002_0473,26,../data/LIP-RTVE/WAVs/speaker002/speaker002_0473.wav,../data/LIP-RTVE/ROIs/speaker002/speaker002_0473.npz,../data/LIP-RTVE/transcriptions/speaker002/speaker002_0473.txt,5,utf-8
1638,LIP-RTVE,speaker002_0474,145,../data/LIP-RTVE/WAVs/speaker002/speaker002_0474.wav,../data/LIP-RTVE/ROIs/speaker002/speaker002_0474.npz,../data/LIP-RTVE/transcriptions/speaker002/speaker002_0474.txt,5,utf-8
1639,LIP-RTVE,speaker002_0475,30,../data/LIP-RTVE/WAVs/speaker002/speaker002_0475.wav,../data/LIP-RTVE/ROIs/speaker002/speaker002_0475.npz,../data/LIP-RTVE/transcriptions/speaker002/speaker002_0475.txt,5,utf-8
1640,LIP-RTVE,speaker002_0476,142,../data/LIP-RTVE/WAVs/speaker002/speaker002_0476.wav,../data/LIP-RTVE/ROIs/speaker002/speaker002_0476.npz,../data/LIP-RTVE/transcriptions/speaker002/speaker002_0476.txt,5,utf-8
1641,LIP-RTVE,speaker002_0480,103,../data/LIP-RTVE/WAVs/speaker002/speaker002_0480.wav,../data/LIP-RTVE/ROIs/speaker002/speaker002_0480.npz,../data/LIP-RTVE/transcriptions/speaker002/speaker002_0480.txt,5,utf-8
1642,LIP-RTVE,speaker002_0481,183,../data/LIP-RTVE/WAVs/speaker002/speaker002_0481.wav,../data/LIP-RTVE/ROIs/speaker002/speaker002_0481.npz,../data/LIP-RTVE/transcriptions/speaker002/speaker002_0481.txt,5,utf-8
1643,LIP-RTVE,speaker002_0482,45,../data/LIP-RTVE/WAVs/speaker002/speaker002_0482.wav,../data/LIP-RTVE/ROIs/speaker002/speaker002_0482.npz,../data/LIP-RTVE/transcriptions/speaker002/speaker002_0482.txt,5,utf-8
1644,LIP-RTVE,speaker002_0483,52,../data/LIP-RTVE/WAVs/speaker002/speaker002_0483.wav,../data/LIP-RTVE/ROIs/speaker002/speaker002_0483.npz,../data/LIP-RTVE/transcriptions/speaker002/speaker002_0483.txt,5,utf-8
1645,LIP-RTVE,speaker002_0484,26,../data/LIP-RTVE/WAVs/speaker002/speaker002_0484.wav,../data/LIP-RTVE/ROIs/speaker002/speaker002_0484.npz,../data/LIP-RTVE/transcriptions/speaker002/speaker002_0484.txt,5,utf-8
1646,LIP-RTVE,speaker002_0485,148,../data/LIP-RTVE/WAVs/speaker002/speaker002_0485.wav,../data/LIP-RTVE/ROIs/speaker002/speaker002_0485.npz,../data/LIP-RTVE/transcriptions/speaker002/speaker002_0485.txt,5,utf-8
1647,LIP-RTVE,speaker002_0486,133,../data/LIP-RTVE/WAVs/speaker002/speaker002_0486.wav,../data/LIP-RTVE/ROIs/speaker002/speaker002_0486.npz,../data/LIP-RTVE/transcriptions/speaker002/speaker002_0486.txt,5,utf-8
1648,LIP-RTVE,speaker002_0487,77,../data/LIP-RTVE/WAVs/speaker002/speaker002_0487.wav,../data/LIP-RTVE/ROIs/speaker002/speaker002_0487.npz,../data/LIP-RTVE/transcriptions/speaker002/speaker002_0487.txt,5,utf-8
1649,LIP-RTVE,speaker002_0489,81,../data/LIP-RTVE/WAVs/speaker002/speaker002_0489.wav,../data/LIP-RTVE/ROIs/speaker002/speaker002_0489.npz,../data/LIP-RTVE/transcriptions/speaker002/speaker002_0489.txt,5,utf-8
1650,LIP-RTVE,speaker002_0490,175,../data/LIP-RTVE/WAVs/speaker002/speaker002_0490.wav,../data/LIP-RTVE/ROIs/speaker002/speaker002_0490.npz,../data/LIP-RTVE/transcriptions/speaker002/speaker002_0490.txt,5,utf-8
1651,LIP-RTVE,speaker002_0491,95,../data/LIP-RTVE/WAVs/speaker002/speaker002_0491.wav,../data/LIP-RTVE/ROIs/speaker002/speaker002_0491.npz,../data/LIP-RTVE/transcriptions/speaker002/speaker002_0491.txt,5,utf-8
1652,LIP-RTVE,speaker002_0492,151,../data/LIP-RTVE/WAVs/speaker002/speaker002_0492.wav,../data/LIP-RTVE/ROIs/speaker002/speaker002_0492.npz,../data/LIP-RTVE/transcriptions/speaker002/speaker002_0492.txt,5,utf-8
1653,LIP-RTVE,speaker002_0493,56,../data/LIP-RTVE/WAVs/speaker002/speaker002_0493.wav,../data/LIP-RTVE/ROIs/speaker002/speaker002_0493.npz,../data/LIP-RTVE/transcriptions/speaker002/speaker002_0493.txt,5,utf-8
1654,LIP-RTVE,speaker002_0495,53,../data/LIP-RTVE/WAVs/speaker002/speaker002_0495.wav,../data/LIP-RTVE/ROIs/speaker002/speaker002_0495.npz,../data/LIP-RTVE/transcriptions/speaker002/speaker002_0495.txt,5,utf-8
1655,LIP-RTVE,speaker002_0497,68,../data/LIP-RTVE/WAVs/speaker002/speaker002_0497.wav,../data/LIP-RTVE/ROIs/speaker002/speaker002_0497.npz,../data/LIP-RTVE/transcriptions/speaker002/speaker002_0497.txt,5,utf-8
1656,LIP-RTVE,speaker002_0498,111,../data/LIP-RTVE/WAVs/speaker002/speaker002_0498.wav,../data/LIP-RTVE/ROIs/speaker002/speaker002_0498.npz,../data/LIP-RTVE/transcriptions/speaker002/speaker002_0498.txt,5,utf-8
1657,LIP-RTVE,speaker002_0500,178,../data/LIP-RTVE/WAVs/speaker002/speaker002_0500.wav,../data/LIP-RTVE/ROIs/speaker002/speaker002_0500.npz,../data/LIP-RTVE/transcriptions/speaker002/speaker002_0500.txt,5,utf-8
1658,LIP-RTVE,speaker002_0503,119,../data/LIP-RTVE/WAVs/speaker002/speaker002_0503.wav,../data/LIP-RTVE/ROIs/speaker002/speaker002_0503.npz,../data/LIP-RTVE/transcriptions/speaker002/speaker002_0503.txt,5,utf-8
1659,LIP-RTVE,speaker002_0504,31,../data/LIP-RTVE/WAVs/speaker002/speaker002_0504.wav,../data/LIP-RTVE/ROIs/speaker002/speaker002_0504.npz,../data/LIP-RTVE/transcriptions/speaker002/speaker002_0504.txt,5,utf-8
1660,LIP-RTVE,speaker002_0505,106,../data/LIP-RTVE/WAVs/speaker002/speaker002_0505.wav,../data/LIP-RTVE/ROIs/speaker002/speaker002_0505.npz,../data/LIP-RTVE/transcriptions/speaker002/speaker002_0505.txt,5,utf-8
1661,LIP-RTVE,speaker002_0506,71,../data/LIP-RTVE/WAVs/speaker002/speaker002_0506.wav,../data/LIP-RTVE/ROIs/speaker002/speaker002_0506.npz,../data/LIP-RTVE/transcriptions/speaker002/speaker002_0506.txt,5,utf-8
1662,LIP-RTVE,speaker002_0507,111,../data/LIP-RTVE/WAVs/speaker002/speaker002_0507.wav,../data/LIP-RTVE/ROIs/speaker002/speaker002_0507.npz,../data/LIP-RTVE/transcriptions/speaker002/speaker002_0507.txt,5,utf-8
1663,LIP-RTVE,speaker002_0508,39,../data/LIP-RTVE/WAVs/speaker002/speaker002_0508.wav,../data/LIP-RTVE/ROIs/speaker002/speaker002_0508.npz,../data/LIP-RTVE/transcriptions/speaker002/speaker002_0508.txt,5,utf-8
1664,LIP-RTVE,speaker002_0509,138,../data/LIP-RTVE/WAVs/speaker002/speaker002_0509.wav,../data/LIP-RTVE/ROIs/speaker002/speaker002_0509.npz,../data/LIP-RTVE/transcriptions/speaker002/speaker002_0509.txt,5,utf-8
1665,LIP-RTVE,speaker002_0510,76,../data/LIP-RTVE/WAVs/speaker002/speaker002_0510.wav,../data/LIP-RTVE/ROIs/speaker002/speaker002_0510.npz,../data/LIP-RTVE/transcriptions/speaker002/speaker002_0510.txt,5,utf-8
1666,LIP-RTVE,speaker002_0511,191,../data/LIP-RTVE/WAVs/speaker002/speaker002_0511.wav,../data/LIP-RTVE/ROIs/speaker002/speaker002_0511.npz,../data/LIP-RTVE/transcriptions/speaker002/speaker002_0511.txt,5,utf-8
1667,LIP-RTVE,speaker002_0512,71,../data/LIP-RTVE/WAVs/speaker002/speaker002_0512.wav,../data/LIP-RTVE/ROIs/speaker002/speaker002_0512.npz,../data/LIP-RTVE/transcriptions/speaker002/speaker002_0512.txt,5,utf-8
1668,LIP-RTVE,speaker002_0513,226,../data/LIP-RTVE/WAVs/speaker002/speaker002_0513.wav,../data/LIP-RTVE/ROIs/speaker002/speaker002_0513.npz,../data/LIP-RTVE/transcriptions/speaker002/speaker002_0513.txt,5,utf-8
1669,LIP-RTVE,speaker002_0514,156,../data/LIP-RTVE/WAVs/speaker002/speaker002_0514.wav,../data/LIP-RTVE/ROIs/speaker002/speaker002_0514.npz,../data/LIP-RTVE/transcriptions/speaker002/speaker002_0514.txt,5,utf-8
1670,LIP-RTVE,speaker002_0520,81,../data/LIP-RTVE/WAVs/speaker002/speaker002_0520.wav,../data/LIP-RTVE/ROIs/speaker002/speaker002_0520.npz,../data/LIP-RTVE/transcriptions/speaker002/speaker002_0520.txt,5,utf-8
1671,LIP-RTVE,speaker002_0521,47,../data/LIP-RTVE/WAVs/speaker002/speaker002_0521.wav,../data/LIP-RTVE/ROIs/speaker002/speaker002_0521.npz,../data/LIP-RTVE/transcriptions/speaker002/speaker002_0521.txt,5,utf-8
1672,LIP-RTVE,speaker002_0523,138,../data/LIP-RTVE/WAVs/speaker002/speaker002_0523.wav,../data/LIP-RTVE/ROIs/speaker002/speaker002_0523.npz,../data/LIP-RTVE/transcriptions/speaker002/speaker002_0523.txt,5,utf-8
1673,LIP-RTVE,speaker002_0524,69,../data/LIP-RTVE/WAVs/speaker002/speaker002_0524.wav,../data/LIP-RTVE/ROIs/speaker002/speaker002_0524.npz,../data/LIP-RTVE/transcriptions/speaker002/speaker002_0524.txt,5,utf-8
1674,LIP-RTVE,speaker002_0525,124,../data/LIP-RTVE/WAVs/speaker002/speaker002_0525.wav,../data/LIP-RTVE/ROIs/speaker002/speaker002_0525.npz,../data/LIP-RTVE/transcriptions/speaker002/speaker002_0525.txt,5,utf-8
1675,LIP-RTVE,speaker002_0526,177,../data/LIP-RTVE/WAVs/speaker002/speaker002_0526.wav,../data/LIP-RTVE/ROIs/speaker002/speaker002_0526.npz,../data/LIP-RTVE/transcriptions/speaker002/speaker002_0526.txt,5,utf-8
1676,LIP-RTVE,speaker002_0528,104,../data/LIP-RTVE/WAVs/speaker002/speaker002_0528.wav,../data/LIP-RTVE/ROIs/speaker002/speaker002_0528.npz,../data/LIP-RTVE/transcriptions/speaker002/speaker002_0528.txt,5,utf-8
1677,LIP-RTVE,speaker002_0529,229,../data/LIP-RTVE/WAVs/speaker002/speaker002_0529.wav,../data/LIP-RTVE/ROIs/speaker002/speaker002_0529.npz,../data/LIP-RTVE/transcriptions/speaker002/speaker002_0529.txt,5,utf-8
1678,LIP-RTVE,speaker002_0530,120,../data/LIP-RTVE/WAVs/speaker002/speaker002_0530.wav,../data/LIP-RTVE/ROIs/speaker002/speaker002_0530.npz,../data/LIP-RTVE/transcriptions/speaker002/speaker002_0530.txt,5,utf-8
1679,LIP-RTVE,speaker002_0533,118,../data/LIP-RTVE/WAVs/speaker002/speaker002_0533.wav,../data/LIP-RTVE/ROIs/speaker002/speaker002_0533.npz,../data/LIP-RTVE/transcriptions/speaker002/speaker002_0533.txt,5,utf-8
1680,LIP-RTVE,speaker002_0534,239,../data/LIP-RTVE/WAVs/speaker002/speaker002_0534.wav,../data/LIP-RTVE/ROIs/speaker002/speaker002_0534.npz,../data/LIP-RTVE/transcriptions/speaker002/speaker002_0534.txt,5,utf-8
1681,LIP-RTVE,speaker002_0538,54,../data/LIP-RTVE/WAVs/speaker002/speaker002_0538.wav,../data/LIP-RTVE/ROIs/speaker002/speaker002_0538.npz,../data/LIP-RTVE/transcriptions/speaker002/speaker002_0538.txt,5,utf-8
1682,LIP-RTVE,speaker002_0540,68,../data/LIP-RTVE/WAVs/speaker002/speaker002_0540.wav,../data/LIP-RTVE/ROIs/speaker002/speaker002_0540.npz,../data/LIP-RTVE/transcriptions/speaker002/speaker002_0540.txt,5,utf-8
1683,LIP-RTVE,speaker002_0542,77,../data/LIP-RTVE/WAVs/speaker002/speaker002_0542.wav,../data/LIP-RTVE/ROIs/speaker002/speaker002_0542.npz,../data/LIP-RTVE/transcriptions/speaker002/speaker002_0542.txt,5,utf-8
1684,LIP-RTVE,speaker002_0543,127,../data/LIP-RTVE/WAVs/speaker002/speaker002_0543.wav,../data/LIP-RTVE/ROIs/speaker002/speaker002_0543.npz,../data/LIP-RTVE/transcriptions/speaker002/speaker002_0543.txt,5,utf-8
1685,LIP-RTVE,speaker002_0544,46,../data/LIP-RTVE/WAVs/speaker002/speaker002_0544.wav,../data/LIP-RTVE/ROIs/speaker002/speaker002_0544.npz,../data/LIP-RTVE/transcriptions/speaker002/speaker002_0544.txt,5,utf-8
1686,LIP-RTVE,speaker002_0545,96,../data/LIP-RTVE/WAVs/speaker002/speaker002_0545.wav,../data/LIP-RTVE/ROIs/speaker002/speaker002_0545.npz,../data/LIP-RTVE/transcriptions/speaker002/speaker002_0545.txt,5,utf-8
1687,LIP-RTVE,speaker002_0546,117,../data/LIP-RTVE/WAVs/speaker002/speaker002_0546.wav,../data/LIP-RTVE/ROIs/speaker002/speaker002_0546.npz,../data/LIP-RTVE/transcriptions/speaker002/speaker002_0546.txt,5,utf-8
1688,LIP-RTVE,speaker002_0548,180,../data/LIP-RTVE/WAVs/speaker002/speaker002_0548.wav,../data/LIP-RTVE/ROIs/speaker002/speaker002_0548.npz,../data/LIP-RTVE/transcriptions/speaker002/speaker002_0548.txt,5,utf-8
1689,LIP-RTVE,speaker002_0551,96,../data/LIP-RTVE/WAVs/speaker002/speaker002_0551.wav,../data/LIP-RTVE/ROIs/speaker002/speaker002_0551.npz,../data/LIP-RTVE/transcriptions/speaker002/speaker002_0551.txt,5,utf-8
1690,LIP-RTVE,speaker002_0552,195,../data/LIP-RTVE/WAVs/speaker002/speaker002_0552.wav,../data/LIP-RTVE/ROIs/speaker002/speaker002_0552.npz,../data/LIP-RTVE/transcriptions/speaker002/speaker002_0552.txt,5,utf-8
1691,LIP-RTVE,speaker002_0558,236,../data/LIP-RTVE/WAVs/speaker002/speaker002_0558.wav,../data/LIP-RTVE/ROIs/speaker002/speaker002_0558.npz,../data/LIP-RTVE/transcriptions/speaker002/speaker002_0558.txt,5,utf-8
1692,LIP-RTVE,speaker002_0560,241,../data/LIP-RTVE/WAVs/speaker002/speaker002_0560.wav,../data/LIP-RTVE/ROIs/speaker002/speaker002_0560.npz,../data/LIP-RTVE/transcriptions/speaker002/speaker002_0560.txt,5,utf-8
1693,LIP-RTVE,speaker002_0561,101,../data/LIP-RTVE/WAVs/speaker002/speaker002_0561.wav,../data/LIP-RTVE/ROIs/speaker002/speaker002_0561.npz,../data/LIP-RTVE/transcriptions/speaker002/speaker002_0561.txt,5,utf-8
1694,LIP-RTVE,speaker002_0564,110,../data/LIP-RTVE/WAVs/speaker002/speaker002_0564.wav,../data/LIP-RTVE/ROIs/speaker002/speaker002_0564.npz,../data/LIP-RTVE/transcriptions/speaker002/speaker002_0564.txt,5,utf-8
1695,LIP-RTVE,speaker002_0565,205,../data/LIP-RTVE/WAVs/speaker002/speaker002_0565.wav,../data/LIP-RTVE/ROIs/speaker002/speaker002_0565.npz,../data/LIP-RTVE/transcriptions/speaker002/speaker002_0565.txt,5,utf-8
1696,LIP-RTVE,speaker002_0566,98,../data/LIP-RTVE/WAVs/speaker002/speaker002_0566.wav,../data/LIP-RTVE/ROIs/speaker002/speaker002_0566.npz,../data/LIP-RTVE/transcriptions/speaker002/speaker002_0566.txt,5,utf-8
1697,LIP-RTVE,speaker002_0567,204,../data/LIP-RTVE/WAVs/speaker002/speaker002_0567.wav,../data/LIP-RTVE/ROIs/speaker002/speaker002_0567.npz,../data/LIP-RTVE/transcriptions/speaker002/speaker002_0567.txt,5,utf-8
1698,LIP-RTVE,speaker002_0568,113,../data/LIP-RTVE/WAVs/speaker002/speaker002_0568.wav,../data/LIP-RTVE/ROIs/speaker002/speaker002_0568.npz,../data/LIP-RTVE/transcriptions/speaker002/speaker002_0568.txt,5,utf-8
1699,LIP-RTVE,speaker002_0570,221,../data/LIP-RTVE/WAVs/speaker002/speaker002_0570.wav,../data/LIP-RTVE/ROIs/speaker002/speaker002_0570.npz,../data/LIP-RTVE/transcriptions/speaker002/speaker002_0570.txt,5,utf-8
1700,LIP-RTVE,speaker002_0571,162,../data/LIP-RTVE/WAVs/speaker002/speaker002_0571.wav,../data/LIP-RTVE/ROIs/speaker002/speaker002_0571.npz,../data/LIP-RTVE/transcriptions/speaker002/speaker002_0571.txt,5,utf-8
1701,LIP-RTVE,speaker002_0572,91,../data/LIP-RTVE/WAVs/speaker002/speaker002_0572.wav,../data/LIP-RTVE/ROIs/speaker002/speaker002_0572.npz,../data/LIP-RTVE/transcriptions/speaker002/speaker002_0572.txt,5,utf-8
1702,LIP-RTVE,speaker002_0573,76,../data/LIP-RTVE/WAVs/speaker002/speaker002_0573.wav,../data/LIP-RTVE/ROIs/speaker002/speaker002_0573.npz,../data/LIP-RTVE/transcriptions/speaker002/speaker002_0573.txt,5,utf-8
1703,LIP-RTVE,speaker002_0574,36,../data/LIP-RTVE/WAVs/speaker002/speaker002_0574.wav,../data/LIP-RTVE/ROIs/speaker002/speaker002_0574.npz,../data/LIP-RTVE/transcriptions/speaker002/speaker002_0574.txt,5,utf-8
1704,LIP-RTVE,speaker002_0575,119,../data/LIP-RTVE/WAVs/speaker002/speaker002_0575.wav,../data/LIP-RTVE/ROIs/speaker002/speaker002_0575.npz,../data/LIP-RTVE/transcriptions/speaker002/speaker002_0575.txt,5,utf-8
1705,LIP-RTVE,speaker002_0577,42,../data/LIP-RTVE/WAVs/speaker002/speaker002_0577.wav,../data/LIP-RTVE/ROIs/speaker002/speaker002_0577.npz,../data/LIP-RTVE/transcriptions/speaker002/speaker002_0577.txt,5,utf-8
1706,LIP-RTVE,speaker002_0578,132,../data/LIP-RTVE/WAVs/speaker002/speaker002_0578.wav,../data/LIP-RTVE/ROIs/speaker002/speaker002_0578.npz,../data/LIP-RTVE/transcriptions/speaker002/speaker002_0578.txt,5,utf-8
1707,LIP-RTVE,speaker002_0579,52,../data/LIP-RTVE/WAVs/speaker002/speaker002_0579.wav,../data/LIP-RTVE/ROIs/speaker002/speaker002_0579.npz,../data/LIP-RTVE/transcriptions/speaker002/speaker002_0579.txt,5,utf-8
1708,LIP-RTVE,speaker002_0581,197,../data/LIP-RTVE/WAVs/speaker002/speaker002_0581.wav,../data/LIP-RTVE/ROIs/speaker002/speaker002_0581.npz,../data/LIP-RTVE/transcriptions/speaker002/speaker002_0581.txt,5,utf-8
1709,LIP-RTVE,speaker002_0582,111,../data/LIP-RTVE/WAVs/speaker002/speaker002_0582.wav,../data/LIP-RTVE/ROIs/speaker002/speaker002_0582.npz,../data/LIP-RTVE/transcriptions/speaker002/speaker002_0582.txt,5,utf-8
1710,LIP-RTVE,speaker002_0585,191,../data/LIP-RTVE/WAVs/speaker002/speaker002_0585.wav,../data/LIP-RTVE/ROIs/speaker002/speaker002_0585.npz,../data/LIP-RTVE/transcriptions/speaker002/speaker002_0585.txt,5,utf-8
1711,LIP-RTVE,speaker002_0586,118,../data/LIP-RTVE/WAVs/speaker002/speaker002_0586.wav,../data/LIP-RTVE/ROIs/speaker002/speaker002_0586.npz,../data/LIP-RTVE/transcriptions/speaker002/speaker002_0586.txt,5,utf-8
1712,LIP-RTVE,speaker002_0587,48,../data/LIP-RTVE/WAVs/speaker002/speaker002_0587.wav,../data/LIP-RTVE/ROIs/speaker002/speaker002_0587.npz,../data/LIP-RTVE/transcriptions/speaker002/speaker002_0587.txt,5,utf-8
1713,LIP-RTVE,speaker002_0588,90,../data/LIP-RTVE/WAVs/speaker002/speaker002_0588.wav,../data/LIP-RTVE/ROIs/speaker002/speaker002_0588.npz,../data/LIP-RTVE/transcriptions/speaker002/speaker002_0588.txt,5,utf-8
1714,LIP-RTVE,speaker002_0589,178,../data/LIP-RTVE/WAVs/speaker002/speaker002_0589.wav,../data/LIP-RTVE/ROIs/speaker002/speaker002_0589.npz,../data/LIP-RTVE/transcriptions/speaker002/speaker002_0589.txt,5,utf-8
1715,LIP-RTVE,speaker002_0590,91,../data/LIP-RTVE/WAVs/speaker002/speaker002_0590.wav,../data/LIP-RTVE/ROIs/speaker002/speaker002_0590.npz,../data/LIP-RTVE/transcriptions/speaker002/speaker002_0590.txt,5,utf-8
1716,LIP-RTVE,speaker002_0591,106,../data/LIP-RTVE/WAVs/speaker002/speaker002_0591.wav,../data/LIP-RTVE/ROIs/speaker002/speaker002_0591.npz,../data/LIP-RTVE/transcriptions/speaker002/speaker002_0591.txt,5,utf-8
1717,LIP-RTVE,speaker002_0592,110,../data/LIP-RTVE/WAVs/speaker002/speaker002_0592.wav,../data/LIP-RTVE/ROIs/speaker002/speaker002_0592.npz,../data/LIP-RTVE/transcriptions/speaker002/speaker002_0592.txt,5,utf-8
1718,LIP-RTVE,speaker002_0593,61,../data/LIP-RTVE/WAVs/speaker002/speaker002_0593.wav,../data/LIP-RTVE/ROIs/speaker002/speaker002_0593.npz,../data/LIP-RTVE/transcriptions/speaker002/speaker002_0593.txt,5,utf-8
1719,LIP-RTVE,speaker002_0595,221,../data/LIP-RTVE/WAVs/speaker002/speaker002_0595.wav,../data/LIP-RTVE/ROIs/speaker002/speaker002_0595.npz,../data/LIP-RTVE/transcriptions/speaker002/speaker002_0595.txt,5,utf-8
1720,LIP-RTVE,speaker002_0598,122,../data/LIP-RTVE/WAVs/speaker002/speaker002_0598.wav,../data/LIP-RTVE/ROIs/speaker002/speaker002_0598.npz,../data/LIP-RTVE/transcriptions/speaker002/speaker002_0598.txt,5,utf-8
1721,LIP-RTVE,speaker002_0600,127,../data/LIP-RTVE/WAVs/speaker002/speaker002_0600.wav,../data/LIP-RTVE/ROIs/speaker002/speaker002_0600.npz,../data/LIP-RTVE/transcriptions/speaker002/speaker002_0600.txt,5,utf-8
1722,LIP-RTVE,speaker002_0601,158,../data/LIP-RTVE/WAVs/speaker002/speaker002_0601.wav,../data/LIP-RTVE/ROIs/speaker002/speaker002_0601.npz,../data/LIP-RTVE/transcriptions/speaker002/speaker002_0601.txt,5,utf-8
1723,LIP-RTVE,speaker002_0602,31,../data/LIP-RTVE/WAVs/speaker002/speaker002_0602.wav,../data/LIP-RTVE/ROIs/speaker002/speaker002_0602.npz,../data/LIP-RTVE/transcriptions/speaker002/speaker002_0602.txt,5,utf-8
1724,LIP-RTVE,speaker002_0604,98,../data/LIP-RTVE/WAVs/speaker002/speaker002_0604.wav,../data/LIP-RTVE/ROIs/speaker002/speaker002_0604.npz,../data/LIP-RTVE/transcriptions/speaker002/speaker002_0604.txt,5,utf-8
1725,LIP-RTVE,speaker002_0605,187,../data/LIP-RTVE/WAVs/speaker002/speaker002_0605.wav,../data/LIP-RTVE/ROIs/speaker002/speaker002_0605.npz,../data/LIP-RTVE/transcriptions/speaker002/speaker002_0605.txt,5,utf-8
1726,LIP-RTVE,speaker002_0607,111,../data/LIP-RTVE/WAVs/speaker002/speaker002_0607.wav,../data/LIP-RTVE/ROIs/speaker002/speaker002_0607.npz,../data/LIP-RTVE/transcriptions/speaker002/speaker002_0607.txt,5,utf-8
1727,LIP-RTVE,speaker002_0608,127,../data/LIP-RTVE/WAVs/speaker002/speaker002_0608.wav,../data/LIP-RTVE/ROIs/speaker002/speaker002_0608.npz,../data/LIP-RTVE/transcriptions/speaker002/speaker002_0608.txt,5,utf-8
1728,LIP-RTVE,speaker002_0609,271,../data/LIP-RTVE/WAVs/speaker002/speaker002_0609.wav,../data/LIP-RTVE/ROIs/speaker002/speaker002_0609.npz,../data/LIP-RTVE/transcriptions/speaker002/speaker002_0609.txt,5,utf-8
1729,LIP-RTVE,speaker002_0610,188,../data/LIP-RTVE/WAVs/speaker002/speaker002_0610.wav,../data/LIP-RTVE/ROIs/speaker002/speaker002_0610.npz,../data/LIP-RTVE/transcriptions/speaker002/speaker002_0610.txt,5,utf-8
1730,LIP-RTVE,speaker002_0611,116,../data/LIP-RTVE/WAVs/speaker002/speaker002_0611.wav,../data/LIP-RTVE/ROIs/speaker002/speaker002_0611.npz,../data/LIP-RTVE/transcriptions/speaker002/speaker002_0611.txt,5,utf-8
1731,LIP-RTVE,speaker002_0612,162,../data/LIP-RTVE/WAVs/speaker002/speaker002_0612.wav,../data/LIP-RTVE/ROIs/speaker002/speaker002_0612.npz,../data/LIP-RTVE/transcriptions/speaker002/speaker002_0612.txt,5,utf-8
1732,LIP-RTVE,speaker002_0615,51,../data/LIP-RTVE/WAVs/speaker002/speaker002_0615.wav,../data/LIP-RTVE/ROIs/speaker002/speaker002_0615.npz,../data/LIP-RTVE/transcriptions/speaker002/speaker002_0615.txt,5,utf-8
1733,LIP-RTVE,speaker002_0616,162,../data/LIP-RTVE/WAVs/speaker002/speaker002_0616.wav,../data/LIP-RTVE/ROIs/speaker002/speaker002_0616.npz,../data/LIP-RTVE/transcriptions/speaker002/speaker002_0616.txt,5,utf-8
1734,LIP-RTVE,speaker002_0618,67,../data/LIP-RTVE/WAVs/speaker002/speaker002_0618.wav,../data/LIP-RTVE/ROIs/speaker002/speaker002_0618.npz,../data/LIP-RTVE/transcriptions/speaker002/speaker002_0618.txt,5,utf-8
1735,LIP-RTVE,speaker002_0619,152,../data/LIP-RTVE/WAVs/speaker002/speaker002_0619.wav,../data/LIP-RTVE/ROIs/speaker002/speaker002_0619.npz,../data/LIP-RTVE/transcriptions/speaker002/speaker002_0619.txt,5,utf-8
1736,LIP-RTVE,speaker002_0620,89,../data/LIP-RTVE/WAVs/speaker002/speaker002_0620.wav,../data/LIP-RTVE/ROIs/speaker002/speaker002_0620.npz,../data/LIP-RTVE/transcriptions/speaker002/speaker002_0620.txt,5,utf-8
1737,LIP-RTVE,speaker002_0622,123,../data/LIP-RTVE/WAVs/speaker002/speaker002_0622.wav,../data/LIP-RTVE/ROIs/speaker002/speaker002_0622.npz,../data/LIP-RTVE/transcriptions/speaker002/speaker002_0622.txt,5,utf-8
1738,LIP-RTVE,speaker002_0625,121,../data/LIP-RTVE/WAVs/speaker002/speaker002_0625.wav,../data/LIP-RTVE/ROIs/speaker002/speaker002_0625.npz,../data/LIP-RTVE/transcriptions/speaker002/speaker002_0625.txt,5,utf-8
1739,LIP-RTVE,speaker002_0626,120,../data/LIP-RTVE/WAVs/speaker002/speaker002_0626.wav,../data/LIP-RTVE/ROIs/speaker002/speaker002_0626.npz,../data/LIP-RTVE/transcriptions/speaker002/speaker002_0626.txt,5,utf-8
1740,LIP-RTVE,speaker002_0627,207,../data/LIP-RTVE/WAVs/speaker002/speaker002_0627.wav,../data/LIP-RTVE/ROIs/speaker002/speaker002_0627.npz,../data/LIP-RTVE/transcriptions/speaker002/speaker002_0627.txt,5,utf-8
1741,LIP-RTVE,speaker002_0628,89,../data/LIP-RTVE/WAVs/speaker002/speaker002_0628.wav,../data/LIP-RTVE/ROIs/speaker002/speaker002_0628.npz,../data/LIP-RTVE/transcriptions/speaker002/speaker002_0628.txt,5,utf-8
1742,LIP-RTVE,speaker002_0629,205,../data/LIP-RTVE/WAVs/speaker002/speaker002_0629.wav,../data/LIP-RTVE/ROIs/speaker002/speaker002_0629.npz,../data/LIP-RTVE/transcriptions/speaker002/speaker002_0629.txt,5,utf-8
1743,LIP-RTVE,speaker002_0631,69,../data/LIP-RTVE/WAVs/speaker002/speaker002_0631.wav,../data/LIP-RTVE/ROIs/speaker002/speaker002_0631.npz,../data/LIP-RTVE/transcriptions/speaker002/speaker002_0631.txt,5,utf-8
1744,LIP-RTVE,speaker002_0634,82,../data/LIP-RTVE/WAVs/speaker002/speaker002_0634.wav,../data/LIP-RTVE/ROIs/speaker002/speaker002_0634.npz,../data/LIP-RTVE/transcriptions/speaker002/speaker002_0634.txt,5,utf-8
1745,LIP-RTVE,speaker002_0636,235,../data/LIP-RTVE/WAVs/speaker002/speaker002_0636.wav,../data/LIP-RTVE/ROIs/speaker002/speaker002_0636.npz,../data/LIP-RTVE/transcriptions/speaker002/speaker002_0636.txt,5,utf-8
1746,LIP-RTVE,speaker002_0637,94,../data/LIP-RTVE/WAVs/speaker002/speaker002_0637.wav,../data/LIP-RTVE/ROIs/speaker002/speaker002_0637.npz,../data/LIP-RTVE/transcriptions/speaker002/speaker002_0637.txt,5,utf-8
1747,LIP-RTVE,speaker002_0638,66,../data/LIP-RTVE/WAVs/speaker002/speaker002_0638.wav,../data/LIP-RTVE/ROIs/speaker002/speaker002_0638.npz,../data/LIP-RTVE/transcriptions/speaker002/speaker002_0638.txt,5,utf-8
1748,LIP-RTVE,speaker002_0639,106,../data/LIP-RTVE/WAVs/speaker002/speaker002_0639.wav,../data/LIP-RTVE/ROIs/speaker002/speaker002_0639.npz,../data/LIP-RTVE/transcriptions/speaker002/speaker002_0639.txt,5,utf-8
1749,LIP-RTVE,speaker002_0640,148,../data/LIP-RTVE/WAVs/speaker002/speaker002_0640.wav,../data/LIP-RTVE/ROIs/speaker002/speaker002_0640.npz,../data/LIP-RTVE/transcriptions/speaker002/speaker002_0640.txt,5,utf-8
1750,LIP-RTVE,speaker002_0641,150,../data/LIP-RTVE/WAVs/speaker002/speaker002_0641.wav,../data/LIP-RTVE/ROIs/speaker002/speaker002_0641.npz,../data/LIP-RTVE/transcriptions/speaker002/speaker002_0641.txt,5,utf-8
1751,LIP-RTVE,speaker002_0644,28,../data/LIP-RTVE/WAVs/speaker002/speaker002_0644.wav,../data/LIP-RTVE/ROIs/speaker002/speaker002_0644.npz,../data/LIP-RTVE/transcriptions/speaker002/speaker002_0644.txt,5,utf-8
1752,LIP-RTVE,speaker002_0646,54,../data/LIP-RTVE/WAVs/speaker002/speaker002_0646.wav,../data/LIP-RTVE/ROIs/speaker002/speaker002_0646.npz,../data/LIP-RTVE/transcriptions/speaker002/speaker002_0646.txt,5,utf-8
1753,LIP-RTVE,speaker002_0647,27,../data/LIP-RTVE/WAVs/speaker002/speaker002_0647.wav,../data/LIP-RTVE/ROIs/speaker002/speaker002_0647.npz,../data/LIP-RTVE/transcriptions/speaker002/speaker002_0647.txt,5,utf-8
1754,LIP-RTVE,speaker002_0648,175,../data/LIP-RTVE/WAVs/speaker002/speaker002_0648.wav,../data/LIP-RTVE/ROIs/speaker002/speaker002_0648.npz,../data/LIP-RTVE/transcriptions/speaker002/speaker002_0648.txt,5,utf-8
1755,LIP-RTVE,speaker002_0649,101,../data/LIP-RTVE/WAVs/speaker002/speaker002_0649.wav,../data/LIP-RTVE/ROIs/speaker002/speaker002_0649.npz,../data/LIP-RTVE/transcriptions/speaker002/speaker002_0649.txt,5,utf-8
1756,LIP-RTVE,speaker002_0650,143,../data/LIP-RTVE/WAVs/speaker002/speaker002_0650.wav,../data/LIP-RTVE/ROIs/speaker002/speaker002_0650.npz,../data/LIP-RTVE/transcriptions/speaker002/speaker002_0650.txt,5,utf-8
1757,LIP-RTVE,speaker002_0651,49,../data/LIP-RTVE/WAVs/speaker002/speaker002_0651.wav,../data/LIP-RTVE/ROIs/speaker002/speaker002_0651.npz,../data/LIP-RTVE/transcriptions/speaker002/speaker002_0651.txt,5,utf-8
1758,LIP-RTVE,speaker002_0653,67,../data/LIP-RTVE/WAVs/speaker002/speaker002_0653.wav,../data/LIP-RTVE/ROIs/speaker002/speaker002_0653.npz,../data/LIP-RTVE/transcriptions/speaker002/speaker002_0653.txt,5,utf-8
1759,LIP-RTVE,speaker002_0654,96,../data/LIP-RTVE/WAVs/speaker002/speaker002_0654.wav,../data/LIP-RTVE/ROIs/speaker002/speaker002_0654.npz,../data/LIP-RTVE/transcriptions/speaker002/speaker002_0654.txt,5,utf-8
1760,LIP-RTVE,speaker002_0659,96,../data/LIP-RTVE/WAVs/speaker002/speaker002_0659.wav,../data/LIP-RTVE/ROIs/speaker002/speaker002_0659.npz,../data/LIP-RTVE/transcriptions/speaker002/speaker002_0659.txt,5,utf-8
1761,LIP-RTVE,speaker002_0660,170,../data/LIP-RTVE/WAVs/speaker002/speaker002_0660.wav,../data/LIP-RTVE/ROIs/speaker002/speaker002_0660.npz,../data/LIP-RTVE/transcriptions/speaker002/speaker002_0660.txt,5,utf-8
1762,LIP-RTVE,speaker002_0661,79,../data/LIP-RTVE/WAVs/speaker002/speaker002_0661.wav,../data/LIP-RTVE/ROIs/speaker002/speaker002_0661.npz,../data/LIP-RTVE/transcriptions/speaker002/speaker002_0661.txt,5,utf-8
1763,LIP-RTVE,speaker002_0663,243,../data/LIP-RTVE/WAVs/speaker002/speaker002_0663.wav,../data/LIP-RTVE/ROIs/speaker002/speaker002_0663.npz,../data/LIP-RTVE/transcriptions/speaker002/speaker002_0663.txt,5,utf-8
1764,LIP-RTVE,speaker002_0664,113,../data/LIP-RTVE/WAVs/speaker002/speaker002_0664.wav,../data/LIP-RTVE/ROIs/speaker002/speaker002_0664.npz,../data/LIP-RTVE/transcriptions/speaker002/speaker002_0664.txt,5,utf-8
1765,LIP-RTVE,speaker002_0665,49,../data/LIP-RTVE/WAVs/speaker002/speaker002_0665.wav,../data/LIP-RTVE/ROIs/speaker002/speaker002_0665.npz,../data/LIP-RTVE/transcriptions/speaker002/speaker002_0665.txt,5,utf-8
1766,LIP-RTVE,speaker002_0666,103,../data/LIP-RTVE/WAVs/speaker002/speaker002_0666.wav,../data/LIP-RTVE/ROIs/speaker002/speaker002_0666.npz,../data/LIP-RTVE/transcriptions/speaker002/speaker002_0666.txt,5,utf-8
1767,LIP-RTVE,speaker002_0668,28,../data/LIP-RTVE/WAVs/speaker002/speaker002_0668.wav,../data/LIP-RTVE/ROIs/speaker002/speaker002_0668.npz,../data/LIP-RTVE/transcriptions/speaker002/speaker002_0668.txt,5,utf-8
1768,LIP-RTVE,speaker002_0669,146,../data/LIP-RTVE/WAVs/speaker002/speaker002_0669.wav,../data/LIP-RTVE/ROIs/speaker002/speaker002_0669.npz,../data/LIP-RTVE/transcriptions/speaker002/speaker002_0669.txt,5,utf-8
1769,LIP-RTVE,speaker002_0670,87,../data/LIP-RTVE/WAVs/speaker002/speaker002_0670.wav,../data/LIP-RTVE/ROIs/speaker002/speaker002_0670.npz,../data/LIP-RTVE/transcriptions/speaker002/speaker002_0670.txt,5,utf-8
1770,LIP-RTVE,speaker002_0671,169,../data/LIP-RTVE/WAVs/speaker002/speaker002_0671.wav,../data/LIP-RTVE/ROIs/speaker002/speaker002_0671.npz,../data/LIP-RTVE/transcriptions/speaker002/speaker002_0671.txt,5,utf-8
1771,LIP-RTVE,speaker002_0673,122,../data/LIP-RTVE/WAVs/speaker002/speaker002_0673.wav,../data/LIP-RTVE/ROIs/speaker002/speaker002_0673.npz,../data/LIP-RTVE/transcriptions/speaker002/speaker002_0673.txt,5,utf-8
1772,LIP-RTVE,speaker002_0674,66,../data/LIP-RTVE/WAVs/speaker002/speaker002_0674.wav,../data/LIP-RTVE/ROIs/speaker002/speaker002_0674.npz,../data/LIP-RTVE/transcriptions/speaker002/speaker002_0674.txt,5,utf-8
1773,LIP-RTVE,speaker002_0675,122,../data/LIP-RTVE/WAVs/speaker002/speaker002_0675.wav,../data/LIP-RTVE/ROIs/speaker002/speaker002_0675.npz,../data/LIP-RTVE/transcriptions/speaker002/speaker002_0675.txt,5,utf-8
1774,LIP-RTVE,speaker002_0676,92,../data/LIP-RTVE/WAVs/speaker002/speaker002_0676.wav,../data/LIP-RTVE/ROIs/speaker002/speaker002_0676.npz,../data/LIP-RTVE/transcriptions/speaker002/speaker002_0676.txt,5,utf-8
1775,LIP-RTVE,speaker002_0677,133,../data/LIP-RTVE/WAVs/speaker002/speaker002_0677.wav,../data/LIP-RTVE/ROIs/speaker002/speaker002_0677.npz,../data/LIP-RTVE/transcriptions/speaker002/speaker002_0677.txt,5,utf-8
1776,LIP-RTVE,speaker002_0678,200,../data/LIP-RTVE/WAVs/speaker002/speaker002_0678.wav,../data/LIP-RTVE/ROIs/speaker002/speaker002_0678.npz,../data/LIP-RTVE/transcriptions/speaker002/speaker002_0678.txt,5,utf-8
1777,LIP-RTVE,speaker002_0679,66,../data/LIP-RTVE/WAVs/speaker002/speaker002_0679.wav,../data/LIP-RTVE/ROIs/speaker002/speaker002_0679.npz,../data/LIP-RTVE/transcriptions/speaker002/speaker002_0679.txt,5,utf-8
1778,LIP-RTVE,speaker002_0682,63,../data/LIP-RTVE/WAVs/speaker002/speaker002_0682.wav,../data/LIP-RTVE/ROIs/speaker002/speaker002_0682.npz,../data/LIP-RTVE/transcriptions/speaker002/speaker002_0682.txt,5,utf-8
1779,LIP-RTVE,speaker002_0683,165,../data/LIP-RTVE/WAVs/speaker002/speaker002_0683.wav,../data/LIP-RTVE/ROIs/speaker002/speaker002_0683.npz,../data/LIP-RTVE/transcriptions/speaker002/speaker002_0683.txt,5,utf-8
1780,LIP-RTVE,speaker002_0684,139,../data/LIP-RTVE/WAVs/speaker002/speaker002_0684.wav,../data/LIP-RTVE/ROIs/speaker002/speaker002_0684.npz,../data/LIP-RTVE/transcriptions/speaker002/speaker002_0684.txt,5,utf-8
1781,LIP-RTVE,speaker002_0685,278,../data/LIP-RTVE/WAVs/speaker002/speaker002_0685.wav,../data/LIP-RTVE/ROIs/speaker002/speaker002_0685.npz,../data/LIP-RTVE/transcriptions/speaker002/speaker002_0685.txt,5,utf-8
1782,LIP-RTVE,speaker002_0686,145,../data/LIP-RTVE/WAVs/speaker002/speaker002_0686.wav,../data/LIP-RTVE/ROIs/speaker002/speaker002_0686.npz,../data/LIP-RTVE/transcriptions/speaker002/speaker002_0686.txt,5,utf-8
1783,LIP-RTVE,speaker002_0687,67,../data/LIP-RTVE/WAVs/speaker002/speaker002_0687.wav,../data/LIP-RTVE/ROIs/speaker002/speaker002_0687.npz,../data/LIP-RTVE/transcriptions/speaker002/speaker002_0687.txt,5,utf-8
1784,LIP-RTVE,speaker002_0688,135,../data/LIP-RTVE/WAVs/speaker002/speaker002_0688.wav,../data/LIP-RTVE/ROIs/speaker002/speaker002_0688.npz,../data/LIP-RTVE/transcriptions/speaker002/speaker002_0688.txt,5,utf-8
1785,LIP-RTVE,speaker002_0690,110,../data/LIP-RTVE/WAVs/speaker002/speaker002_0690.wav,../data/LIP-RTVE/ROIs/speaker002/speaker002_0690.npz,../data/LIP-RTVE/transcriptions/speaker002/speaker002_0690.txt,5,utf-8
1786,LIP-RTVE,speaker002_0691,46,../data/LIP-RTVE/WAVs/speaker002/speaker002_0691.wav,../data/LIP-RTVE/ROIs/speaker002/speaker002_0691.npz,../data/LIP-RTVE/transcriptions/speaker002/speaker002_0691.txt,5,utf-8
1787,LIP-RTVE,speaker002_0692,151,../data/LIP-RTVE/WAVs/speaker002/speaker002_0692.wav,../data/LIP-RTVE/ROIs/speaker002/speaker002_0692.npz,../data/LIP-RTVE/transcriptions/speaker002/speaker002_0692.txt,5,utf-8
1788,LIP-RTVE,speaker002_0694,94,../data/LIP-RTVE/WAVs/speaker002/speaker002_0694.wav,../data/LIP-RTVE/ROIs/speaker002/speaker002_0694.npz,../data/LIP-RTVE/transcriptions/speaker002/speaker002_0694.txt,5,utf-8
1789,LIP-RTVE,speaker002_0695,92,../data/LIP-RTVE/WAVs/speaker002/speaker002_0695.wav,../data/LIP-RTVE/ROIs/speaker002/speaker002_0695.npz,../data/LIP-RTVE/transcriptions/speaker002/speaker002_0695.txt,5,utf-8
1790,LIP-RTVE,speaker002_0697,78,../data/LIP-RTVE/WAVs/speaker002/speaker002_0697.wav,../data/LIP-RTVE/ROIs/speaker002/speaker002_0697.npz,../data/LIP-RTVE/transcriptions/speaker002/speaker002_0697.txt,5,utf-8
1791,LIP-RTVE,speaker002_0699,121,../data/LIP-RTVE/WAVs/speaker002/speaker002_0699.wav,../data/LIP-RTVE/ROIs/speaker002/speaker002_0699.npz,../data/LIP-RTVE/transcriptions/speaker002/speaker002_0699.txt,5,utf-8
1792,LIP-RTVE,speaker002_0700,216,../data/LIP-RTVE/WAVs/speaker002/speaker002_0700.wav,../data/LIP-RTVE/ROIs/speaker002/speaker002_0700.npz,../data/LIP-RTVE/transcriptions/speaker002/speaker002_0700.txt,5,utf-8
1793,LIP-RTVE,speaker002_0701,101,../data/LIP-RTVE/WAVs/speaker002/speaker002_0701.wav,../data/LIP-RTVE/ROIs/speaker002/speaker002_0701.npz,../data/LIP-RTVE/transcriptions/speaker002/speaker002_0701.txt,5,utf-8
1794,LIP-RTVE,speaker002_0702,207,../data/LIP-RTVE/WAVs/speaker002/speaker002_0702.wav,../data/LIP-RTVE/ROIs/speaker002/speaker002_0702.npz,../data/LIP-RTVE/transcriptions/speaker002/speaker002_0702.txt,5,utf-8
1795,LIP-RTVE,speaker002_0704,260,../data/LIP-RTVE/WAVs/speaker002/speaker002_0704.wav,../data/LIP-RTVE/ROIs/speaker002/speaker002_0704.npz,../data/LIP-RTVE/transcriptions/speaker002/speaker002_0704.txt,5,utf-8
1796,LIP-RTVE,speaker002_0705,99,../data/LIP-RTVE/WAVs/speaker002/speaker002_0705.wav,../data/LIP-RTVE/ROIs/speaker002/speaker002_0705.npz,../data/LIP-RTVE/transcriptions/speaker002/speaker002_0705.txt,5,utf-8
1797,LIP-RTVE,speaker002_0706,107,../data/LIP-RTVE/WAVs/speaker002/speaker002_0706.wav,../data/LIP-RTVE/ROIs/speaker002/speaker002_0706.npz,../data/LIP-RTVE/transcriptions/speaker002/speaker002_0706.txt,5,utf-8
1798,LIP-RTVE,speaker002_0707,100,../data/LIP-RTVE/WAVs/speaker002/speaker002_0707.wav,../data/LIP-RTVE/ROIs/speaker002/speaker002_0707.npz,../data/LIP-RTVE/transcriptions/speaker002/speaker002_0707.txt,5,utf-8
1799,LIP-RTVE,speaker002_0708,48,../data/LIP-RTVE/WAVs/speaker002/speaker002_0708.wav,../data/LIP-RTVE/ROIs/speaker002/speaker002_0708.npz,../data/LIP-RTVE/transcriptions/speaker002/speaker002_0708.txt,5,utf-8
1800,LIP-RTVE,speaker002_0709,110,../data/LIP-RTVE/WAVs/speaker002/speaker002_0709.wav,../data/LIP-RTVE/ROIs/speaker002/speaker002_0709.npz,../data/LIP-RTVE/transcriptions/speaker002/speaker002_0709.txt,5,utf-8
1801,LIP-RTVE,speaker002_0712,42,../data/LIP-RTVE/WAVs/speaker002/speaker002_0712.wav,../data/LIP-RTVE/ROIs/speaker002/speaker002_0712.npz,../data/LIP-RTVE/transcriptions/speaker002/speaker002_0712.txt,5,utf-8
1802,LIP-RTVE,speaker002_0714,84,../data/LIP-RTVE/WAVs/speaker002/speaker002_0714.wav,../data/LIP-RTVE/ROIs/speaker002/speaker002_0714.npz,../data/LIP-RTVE/transcriptions/speaker002/speaker002_0714.txt,5,utf-8
1803,LIP-RTVE,speaker002_0716,86,../data/LIP-RTVE/WAVs/speaker002/speaker002_0716.wav,../data/LIP-RTVE/ROIs/speaker002/speaker002_0716.npz,../data/LIP-RTVE/transcriptions/speaker002/speaker002_0716.txt,5,utf-8
1804,LIP-RTVE,speaker002_0717,158,../data/LIP-RTVE/WAVs/speaker002/speaker002_0717.wav,../data/LIP-RTVE/ROIs/speaker002/speaker002_0717.npz,../data/LIP-RTVE/transcriptions/speaker002/speaker002_0717.txt,5,utf-8
1805,LIP-RTVE,speaker002_0718,77,../data/LIP-RTVE/WAVs/speaker002/speaker002_0718.wav,../data/LIP-RTVE/ROIs/speaker002/speaker002_0718.npz,../data/LIP-RTVE/transcriptions/speaker002/speaker002_0718.txt,5,utf-8
1806,LIP-RTVE,speaker002_0719,81,../data/LIP-RTVE/WAVs/speaker002/speaker002_0719.wav,../data/LIP-RTVE/ROIs/speaker002/speaker002_0719.npz,../data/LIP-RTVE/transcriptions/speaker002/speaker002_0719.txt,5,utf-8
1807,LIP-RTVE,speaker002_0725,147,../data/LIP-RTVE/WAVs/speaker002/speaker002_0725.wav,../data/LIP-RTVE/ROIs/speaker002/speaker002_0725.npz,../data/LIP-RTVE/transcriptions/speaker002/speaker002_0725.txt,5,utf-8
1808,LIP-RTVE,speaker002_0727,74,../data/LIP-RTVE/WAVs/speaker002/speaker002_0727.wav,../data/LIP-RTVE/ROIs/speaker002/speaker002_0727.npz,../data/LIP-RTVE/transcriptions/speaker002/speaker002_0727.txt,5,utf-8
1809,LIP-RTVE,speaker002_0729,146,../data/LIP-RTVE/WAVs/speaker002/speaker002_0729.wav,../data/LIP-RTVE/ROIs/speaker002/speaker002_0729.npz,../data/LIP-RTVE/transcriptions/speaker002/speaker002_0729.txt,5,utf-8
1810,LIP-RTVE,speaker002_0730,131,../data/LIP-RTVE/WAVs/speaker002/speaker002_0730.wav,../data/LIP-RTVE/ROIs/speaker002/speaker002_0730.npz,../data/LIP-RTVE/transcriptions/speaker002/speaker002_0730.txt,5,utf-8
1811,LIP-RTVE,speaker002_0731,84,../data/LIP-RTVE/WAVs/speaker002/speaker002_0731.wav,../data/LIP-RTVE/ROIs/speaker002/speaker002_0731.npz,../data/LIP-RTVE/transcriptions/speaker002/speaker002_0731.txt,5,utf-8
1812,LIP-RTVE,speaker002_0732,149,../data/LIP-RTVE/WAVs/speaker002/speaker002_0732.wav,../data/LIP-RTVE/ROIs/speaker002/speaker002_0732.npz,../data/LIP-RTVE/transcriptions/speaker002/speaker002_0732.txt,5,utf-8
1813,LIP-RTVE,speaker002_0735,100,../data/LIP-RTVE/WAVs/speaker002/speaker002_0735.wav,../data/LIP-RTVE/ROIs/speaker002/speaker002_0735.npz,../data/LIP-RTVE/transcriptions/speaker002/speaker002_0735.txt,5,utf-8
1814,LIP-RTVE,speaker002_0736,213,../data/LIP-RTVE/WAVs/speaker002/speaker002_0736.wav,../data/LIP-RTVE/ROIs/speaker002/speaker002_0736.npz,../data/LIP-RTVE/transcriptions/speaker002/speaker002_0736.txt,5,utf-8
1815,LIP-RTVE,speaker002_0737,52,../data/LIP-RTVE/WAVs/speaker002/speaker002_0737.wav,../data/LIP-RTVE/ROIs/speaker002/speaker002_0737.npz,../data/LIP-RTVE/transcriptions/speaker002/speaker002_0737.txt,5,utf-8
1816,LIP-RTVE,speaker002_0738,204,../data/LIP-RTVE/WAVs/speaker002/speaker002_0738.wav,../data/LIP-RTVE/ROIs/speaker002/speaker002_0738.npz,../data/LIP-RTVE/transcriptions/speaker002/speaker002_0738.txt,5,utf-8
1817,LIP-RTVE,speaker002_0739,78,../data/LIP-RTVE/WAVs/speaker002/speaker002_0739.wav,../data/LIP-RTVE/ROIs/speaker002/speaker002_0739.npz,../data/LIP-RTVE/transcriptions/speaker002/speaker002_0739.txt,5,utf-8
1818,LIP-RTVE,speaker002_0740,160,../data/LIP-RTVE/WAVs/speaker002/speaker002_0740.wav,../data/LIP-RTVE/ROIs/speaker002/speaker002_0740.npz,../data/LIP-RTVE/transcriptions/speaker002/speaker002_0740.txt,5,utf-8
1819,LIP-RTVE,speaker002_0741,83,../data/LIP-RTVE/WAVs/speaker002/speaker002_0741.wav,../data/LIP-RTVE/ROIs/speaker002/speaker002_0741.npz,../data/LIP-RTVE/transcriptions/speaker002/speaker002_0741.txt,5,utf-8
1820,LIP-RTVE,speaker002_0742,54,../data/LIP-RTVE/WAVs/speaker002/speaker002_0742.wav,../data/LIP-RTVE/ROIs/speaker002/speaker002_0742.npz,../data/LIP-RTVE/transcriptions/speaker002/speaker002_0742.txt,5,utf-8
1821,LIP-RTVE,speaker002_0743,127,../data/LIP-RTVE/WAVs/speaker002/speaker002_0743.wav,../data/LIP-RTVE/ROIs/speaker002/speaker002_0743.npz,../data/LIP-RTVE/transcriptions/speaker002/speaker002_0743.txt,5,utf-8
1822,LIP-RTVE,speaker002_0744,90,../data/LIP-RTVE/WAVs/speaker002/speaker002_0744.wav,../data/LIP-RTVE/ROIs/speaker002/speaker002_0744.npz,../data/LIP-RTVE/transcriptions/speaker002/speaker002_0744.txt,5,utf-8
1823,LIP-RTVE,speaker002_0746,201,../data/LIP-RTVE/WAVs/speaker002/speaker002_0746.wav,../data/LIP-RTVE/ROIs/speaker002/speaker002_0746.npz,../data/LIP-RTVE/transcriptions/speaker002/speaker002_0746.txt,5,utf-8
1824,LIP-RTVE,speaker002_0747,63,../data/LIP-RTVE/WAVs/speaker002/speaker002_0747.wav,../data/LIP-RTVE/ROIs/speaker002/speaker002_0747.npz,../data/LIP-RTVE/transcriptions/speaker002/speaker002_0747.txt,5,utf-8
1825,LIP-RTVE,speaker002_0748,103,../data/LIP-RTVE/WAVs/speaker002/speaker002_0748.wav,../data/LIP-RTVE/ROIs/speaker002/speaker002_0748.npz,../data/LIP-RTVE/transcriptions/speaker002/speaker002_0748.txt,5,utf-8
1826,LIP-RTVE,speaker002_0749,211,../data/LIP-RTVE/WAVs/speaker002/speaker002_0749.wav,../data/LIP-RTVE/ROIs/speaker002/speaker002_0749.npz,../data/LIP-RTVE/transcriptions/speaker002/speaker002_0749.txt,5,utf-8
1827,LIP-RTVE,speaker002_0750,113,../data/LIP-RTVE/WAVs/speaker002/speaker002_0750.wav,../data/LIP-RTVE/ROIs/speaker002/speaker002_0750.npz,../data/LIP-RTVE/transcriptions/speaker002/speaker002_0750.txt,5,utf-8
1828,LIP-RTVE,speaker002_0751,140,../data/LIP-RTVE/WAVs/speaker002/speaker002_0751.wav,../data/LIP-RTVE/ROIs/speaker002/speaker002_0751.npz,../data/LIP-RTVE/transcriptions/speaker002/speaker002_0751.txt,5,utf-8
1829,LIP-RTVE,speaker002_0752,172,../data/LIP-RTVE/WAVs/speaker002/speaker002_0752.wav,../data/LIP-RTVE/ROIs/speaker002/speaker002_0752.npz,../data/LIP-RTVE/transcriptions/speaker002/speaker002_0752.txt,5,utf-8
1830,LIP-RTVE,speaker002_0754,93,../data/LIP-RTVE/WAVs/speaker002/speaker002_0754.wav,../data/LIP-RTVE/ROIs/speaker002/speaker002_0754.npz,../data/LIP-RTVE/transcriptions/speaker002/speaker002_0754.txt,5,utf-8
1831,LIP-RTVE,speaker002_0755,62,../data/LIP-RTVE/WAVs/speaker002/speaker002_0755.wav,../data/LIP-RTVE/ROIs/speaker002/speaker002_0755.npz,../data/LIP-RTVE/transcriptions/speaker002/speaker002_0755.txt,5,utf-8
1832,LIP-RTVE,speaker002_0756,159,../data/LIP-RTVE/WAVs/speaker002/speaker002_0756.wav,../data/LIP-RTVE/ROIs/speaker002/speaker002_0756.npz,../data/LIP-RTVE/transcriptions/speaker002/speaker002_0756.txt,5,utf-8
1833,LIP-RTVE,speaker002_0759,277,../data/LIP-RTVE/WAVs/speaker002/speaker002_0759.wav,../data/LIP-RTVE/ROIs/speaker002/speaker002_0759.npz,../data/LIP-RTVE/transcriptions/speaker002/speaker002_0759.txt,5,utf-8
1834,LIP-RTVE,speaker002_0761,113,../data/LIP-RTVE/WAVs/speaker002/speaker002_0761.wav,../data/LIP-RTVE/ROIs/speaker002/speaker002_0761.npz,../data/LIP-RTVE/transcriptions/speaker002/speaker002_0761.txt,5,utf-8
1835,LIP-RTVE,speaker002_0762,80,../data/LIP-RTVE/WAVs/speaker002/speaker002_0762.wav,../data/LIP-RTVE/ROIs/speaker002/speaker002_0762.npz,../data/LIP-RTVE/transcriptions/speaker002/speaker002_0762.txt,5,utf-8
1836,LIP-RTVE,speaker002_0763,215,../data/LIP-RTVE/WAVs/speaker002/speaker002_0763.wav,../data/LIP-RTVE/ROIs/speaker002/speaker002_0763.npz,../data/LIP-RTVE/transcriptions/speaker002/speaker002_0763.txt,5,utf-8
1837,LIP-RTVE,speaker002_0764,105,../data/LIP-RTVE/WAVs/speaker002/speaker002_0764.wav,../data/LIP-RTVE/ROIs/speaker002/speaker002_0764.npz,../data/LIP-RTVE/transcriptions/speaker002/speaker002_0764.txt,5,utf-8
1838,LIP-RTVE,speaker002_0767,135,../data/LIP-RTVE/WAVs/speaker002/speaker002_0767.wav,../data/LIP-RTVE/ROIs/speaker002/speaker002_0767.npz,../data/LIP-RTVE/transcriptions/speaker002/speaker002_0767.txt,5,utf-8
1839,LIP-RTVE,speaker002_0768,69,../data/LIP-RTVE/WAVs/speaker002/speaker002_0768.wav,../data/LIP-RTVE/ROIs/speaker002/speaker002_0768.npz,../data/LIP-RTVE/transcriptions/speaker002/speaker002_0768.txt,5,utf-8
1840,LIP-RTVE,speaker002_0769,110,../data/LIP-RTVE/WAVs/speaker002/speaker002_0769.wav,../data/LIP-RTVE/ROIs/speaker002/speaker002_0769.npz,../data/LIP-RTVE/transcriptions/speaker002/speaker002_0769.txt,5,utf-8
1841,LIP-RTVE,speaker002_0771,128,../data/LIP-RTVE/WAVs/speaker002/speaker002_0771.wav,../data/LIP-RTVE/ROIs/speaker002/speaker002_0771.npz,../data/LIP-RTVE/transcriptions/speaker002/speaker002_0771.txt,5,utf-8
1842,LIP-RTVE,speaker002_0772,71,../data/LIP-RTVE/WAVs/speaker002/speaker002_0772.wav,../data/LIP-RTVE/ROIs/speaker002/speaker002_0772.npz,../data/LIP-RTVE/transcriptions/speaker002/speaker002_0772.txt,5,utf-8
1843,LIP-RTVE,speaker002_0773,142,../data/LIP-RTVE/WAVs/speaker002/speaker002_0773.wav,../data/LIP-RTVE/ROIs/speaker002/speaker002_0773.npz,../data/LIP-RTVE/transcriptions/speaker002/speaker002_0773.txt,5,utf-8
1844,LIP-RTVE,speaker002_0774,234,../data/LIP-RTVE/WAVs/speaker002/speaker002_0774.wav,../data/LIP-RTVE/ROIs/speaker002/speaker002_0774.npz,../data/LIP-RTVE/transcriptions/speaker002/speaker002_0774.txt,5,utf-8
1845,LIP-RTVE,speaker002_0775,142,../data/LIP-RTVE/WAVs/speaker002/speaker002_0775.wav,../data/LIP-RTVE/ROIs/speaker002/speaker002_0775.npz,../data/LIP-RTVE/transcriptions/speaker002/speaker002_0775.txt,5,utf-8
1846,LIP-RTVE,speaker002_0776,189,../data/LIP-RTVE/WAVs/speaker002/speaker002_0776.wav,../data/LIP-RTVE/ROIs/speaker002/speaker002_0776.npz,../data/LIP-RTVE/transcriptions/speaker002/speaker002_0776.txt,5,utf-8
1847,LIP-RTVE,speaker002_0777,51,../data/LIP-RTVE/WAVs/speaker002/speaker002_0777.wav,../data/LIP-RTVE/ROIs/speaker002/speaker002_0777.npz,../data/LIP-RTVE/transcriptions/speaker002/speaker002_0777.txt,5,utf-8
1848,LIP-RTVE,speaker002_0778,190,../data/LIP-RTVE/WAVs/speaker002/speaker002_0778.wav,../data/LIP-RTVE/ROIs/speaker002/speaker002_0778.npz,../data/LIP-RTVE/transcriptions/speaker002/speaker002_0778.txt,5,utf-8
1849,LIP-RTVE,speaker002_0779,142,../data/LIP-RTVE/WAVs/speaker002/speaker002_0779.wav,../data/LIP-RTVE/ROIs/speaker002/speaker002_0779.npz,../data/LIP-RTVE/transcriptions/speaker002/speaker002_0779.txt,5,utf-8
1850,LIP-RTVE,speaker002_0783,265,../data/LIP-RTVE/WAVs/speaker002/speaker002_0783.wav,../data/LIP-RTVE/ROIs/speaker002/speaker002_0783.npz,../data/LIP-RTVE/transcriptions/speaker002/speaker002_0783.txt,5,utf-8
1851,LIP-RTVE,speaker002_0784,175,../data/LIP-RTVE/WAVs/speaker002/speaker002_0784.wav,../data/LIP-RTVE/ROIs/speaker002/speaker002_0784.npz,../data/LIP-RTVE/transcriptions/speaker002/speaker002_0784.txt,5,utf-8
1852,LIP-RTVE,speaker002_0785,98,../data/LIP-RTVE/WAVs/speaker002/speaker002_0785.wav,../data/LIP-RTVE/ROIs/speaker002/speaker002_0785.npz,../data/LIP-RTVE/transcriptions/speaker002/speaker002_0785.txt,5,utf-8
1853,LIP-RTVE,speaker002_0789,52,../data/LIP-RTVE/WAVs/speaker002/speaker002_0789.wav,../data/LIP-RTVE/ROIs/speaker002/speaker002_0789.npz,../data/LIP-RTVE/transcriptions/speaker002/speaker002_0789.txt,5,utf-8
1854,LIP-RTVE,speaker002_0790,216,../data/LIP-RTVE/WAVs/speaker002/speaker002_0790.wav,../data/LIP-RTVE/ROIs/speaker002/speaker002_0790.npz,../data/LIP-RTVE/transcriptions/speaker002/speaker002_0790.txt,5,utf-8
1855,LIP-RTVE,speaker002_0791,197,../data/LIP-RTVE/WAVs/speaker002/speaker002_0791.wav,../data/LIP-RTVE/ROIs/speaker002/speaker002_0791.npz,../data/LIP-RTVE/transcriptions/speaker002/speaker002_0791.txt,5,utf-8
1856,LIP-RTVE,speaker002_0795,242,../data/LIP-RTVE/WAVs/speaker002/speaker002_0795.wav,../data/LIP-RTVE/ROIs/speaker002/speaker002_0795.npz,../data/LIP-RTVE/transcriptions/speaker002/speaker002_0795.txt,5,utf-8
1857,LIP-RTVE,speaker002_0798,159,../data/LIP-RTVE/WAVs/speaker002/speaker002_0798.wav,../data/LIP-RTVE/ROIs/speaker002/speaker002_0798.npz,../data/LIP-RTVE/transcriptions/speaker002/speaker002_0798.txt,5,utf-8
1858,LIP-RTVE,speaker002_0801,118,../data/LIP-RTVE/WAVs/speaker002/speaker002_0801.wav,../data/LIP-RTVE/ROIs/speaker002/speaker002_0801.npz,../data/LIP-RTVE/transcriptions/speaker002/speaker002_0801.txt,5,utf-8
1859,LIP-RTVE,speaker002_0805,175,../data/LIP-RTVE/WAVs/speaker002/speaker002_0805.wav,../data/LIP-RTVE/ROIs/speaker002/speaker002_0805.npz,../data/LIP-RTVE/transcriptions/speaker002/speaker002_0805.txt,5,utf-8
1860,LIP-RTVE,speaker002_0806,174,../data/LIP-RTVE/WAVs/speaker002/speaker002_0806.wav,../data/LIP-RTVE/ROIs/speaker002/speaker002_0806.npz,../data/LIP-RTVE/transcriptions/speaker002/speaker002_0806.txt,5,utf-8
1861,LIP-RTVE,speaker002_0808,252,../data/LIP-RTVE/WAVs/speaker002/speaker002_0808.wav,../data/LIP-RTVE/ROIs/speaker002/speaker002_0808.npz,../data/LIP-RTVE/transcriptions/speaker002/speaker002_0808.txt,5,utf-8
1862,LIP-RTVE,speaker002_0809,83,../data/LIP-RTVE/WAVs/speaker002/speaker002_0809.wav,../data/LIP-RTVE/ROIs/speaker002/speaker002_0809.npz,../data/LIP-RTVE/transcriptions/speaker002/speaker002_0809.txt,5,utf-8
1863,LIP-RTVE,speaker002_0810,101,../data/LIP-RTVE/WAVs/speaker002/speaker002_0810.wav,../data/LIP-RTVE/ROIs/speaker002/speaker002_0810.npz,../data/LIP-RTVE/transcriptions/speaker002/speaker002_0810.txt,5,utf-8
1864,LIP-RTVE,speaker002_0811,108,../data/LIP-RTVE/WAVs/speaker002/speaker002_0811.wav,../data/LIP-RTVE/ROIs/speaker002/speaker002_0811.npz,../data/LIP-RTVE/transcriptions/speaker002/speaker002_0811.txt,5,utf-8
1865,LIP-RTVE,speaker002_0813,148,../data/LIP-RTVE/WAVs/speaker002/speaker002_0813.wav,../data/LIP-RTVE/ROIs/speaker002/speaker002_0813.npz,../data/LIP-RTVE/transcriptions/speaker002/speaker002_0813.txt,5,utf-8
1866,LIP-RTVE,speaker002_0815,193,../data/LIP-RTVE/WAVs/speaker002/speaker002_0815.wav,../data/LIP-RTVE/ROIs/speaker002/speaker002_0815.npz,../data/LIP-RTVE/transcriptions/speaker002/speaker002_0815.txt,5,utf-8
1867,LIP-RTVE,speaker002_0816,46,../data/LIP-RTVE/WAVs/speaker002/speaker002_0816.wav,../data/LIP-RTVE/ROIs/speaker002/speaker002_0816.npz,../data/LIP-RTVE/transcriptions/speaker002/speaker002_0816.txt,5,utf-8
1868,LIP-RTVE,speaker002_0818,118,../data/LIP-RTVE/WAVs/speaker002/speaker002_0818.wav,../data/LIP-RTVE/ROIs/speaker002/speaker002_0818.npz,../data/LIP-RTVE/transcriptions/speaker002/speaker002_0818.txt,5,utf-8
1869,LIP-RTVE,speaker003_0002,303,../data/LIP-RTVE/WAVs/speaker003/speaker003_0002.wav,../data/LIP-RTVE/ROIs/speaker003/speaker003_0002.npz,../data/LIP-RTVE/transcriptions/speaker003/speaker003_0002.txt,5,utf-8
1870,LIP-RTVE,speaker003_0003,55,../data/LIP-RTVE/WAVs/speaker003/speaker003_0003.wav,../data/LIP-RTVE/ROIs/speaker003/speaker003_0003.npz,../data/LIP-RTVE/transcriptions/speaker003/speaker003_0003.txt,5,utf-8
1871,LIP-RTVE,speaker003_0005,62,../data/LIP-RTVE/WAVs/speaker003/speaker003_0005.wav,../data/LIP-RTVE/ROIs/speaker003/speaker003_0005.npz,../data/LIP-RTVE/transcriptions/speaker003/speaker003_0005.txt,5,utf-8
1872,LIP-RTVE,speaker003_0006,167,../data/LIP-RTVE/WAVs/speaker003/speaker003_0006.wav,../data/LIP-RTVE/ROIs/speaker003/speaker003_0006.npz,../data/LIP-RTVE/transcriptions/speaker003/speaker003_0006.txt,5,utf-8
1873,LIP-RTVE,speaker003_0007,180,../data/LIP-RTVE/WAVs/speaker003/speaker003_0007.wav,../data/LIP-RTVE/ROIs/speaker003/speaker003_0007.npz,../data/LIP-RTVE/transcriptions/speaker003/speaker003_0007.txt,5,utf-8
1874,LIP-RTVE,speaker003_0008,158,../data/LIP-RTVE/WAVs/speaker003/speaker003_0008.wav,../data/LIP-RTVE/ROIs/speaker003/speaker003_0008.npz,../data/LIP-RTVE/transcriptions/speaker003/speaker003_0008.txt,5,utf-8
1875,LIP-RTVE,speaker003_0009,52,../data/LIP-RTVE/WAVs/speaker003/speaker003_0009.wav,../data/LIP-RTVE/ROIs/speaker003/speaker003_0009.npz,../data/LIP-RTVE/transcriptions/speaker003/speaker003_0009.txt,5,utf-8
1876,LIP-RTVE,speaker003_0010,45,../data/LIP-RTVE/WAVs/speaker003/speaker003_0010.wav,../data/LIP-RTVE/ROIs/speaker003/speaker003_0010.npz,../data/LIP-RTVE/transcriptions/speaker003/speaker003_0010.txt,5,utf-8
1877,LIP-RTVE,speaker003_0011,132,../data/LIP-RTVE/WAVs/speaker003/speaker003_0011.wav,../data/LIP-RTVE/ROIs/speaker003/speaker003_0011.npz,../data/LIP-RTVE/transcriptions/speaker003/speaker003_0011.txt,5,utf-8
1878,LIP-RTVE,speaker003_0012,168,../data/LIP-RTVE/WAVs/speaker003/speaker003_0012.wav,../data/LIP-RTVE/ROIs/speaker003/speaker003_0012.npz,../data/LIP-RTVE/transcriptions/speaker003/speaker003_0012.txt,5,utf-8
1879,LIP-RTVE,speaker003_0014,28,../data/LIP-RTVE/WAVs/speaker003/speaker003_0014.wav,../data/LIP-RTVE/ROIs/speaker003/speaker003_0014.npz,../data/LIP-RTVE/transcriptions/speaker003/speaker003_0014.txt,5,utf-8
1880,LIP-RTVE,speaker003_0015,221,../data/LIP-RTVE/WAVs/speaker003/speaker003_0015.wav,../data/LIP-RTVE/ROIs/speaker003/speaker003_0015.npz,../data/LIP-RTVE/transcriptions/speaker003/speaker003_0015.txt,5,utf-8
1881,LIP-RTVE,speaker003_0016,44,../data/LIP-RTVE/WAVs/speaker003/speaker003_0016.wav,../data/LIP-RTVE/ROIs/speaker003/speaker003_0016.npz,../data/LIP-RTVE/transcriptions/speaker003/speaker003_0016.txt,5,utf-8
1882,LIP-RTVE,speaker003_0018,39,../data/LIP-RTVE/WAVs/speaker003/speaker003_0018.wav,../data/LIP-RTVE/ROIs/speaker003/speaker003_0018.npz,../data/LIP-RTVE/transcriptions/speaker003/speaker003_0018.txt,5,utf-8
1883,LIP-RTVE,speaker003_0019,47,../data/LIP-RTVE/WAVs/speaker003/speaker003_0019.wav,../data/LIP-RTVE/ROIs/speaker003/speaker003_0019.npz,../data/LIP-RTVE/transcriptions/speaker003/speaker003_0019.txt,5,utf-8
1884,LIP-RTVE,speaker003_0020,293,../data/LIP-RTVE/WAVs/speaker003/speaker003_0020.wav,../data/LIP-RTVE/ROIs/speaker003/speaker003_0020.npz,../data/LIP-RTVE/transcriptions/speaker003/speaker003_0020.txt,5,utf-8
1885,LIP-RTVE,speaker003_0022,114,../data/LIP-RTVE/WAVs/speaker003/speaker003_0022.wav,../data/LIP-RTVE/ROIs/speaker003/speaker003_0022.npz,../data/LIP-RTVE/transcriptions/speaker003/speaker003_0022.txt,5,utf-8
1886,LIP-RTVE,speaker003_0023,376,../data/LIP-RTVE/WAVs/speaker003/speaker003_0023.wav,../data/LIP-RTVE/ROIs/speaker003/speaker003_0023.npz,../data/LIP-RTVE/transcriptions/speaker003/speaker003_0023.txt,5,utf-8
1887,LIP-RTVE,speaker003_0026,199,../data/LIP-RTVE/WAVs/speaker003/speaker003_0026.wav,../data/LIP-RTVE/ROIs/speaker003/speaker003_0026.npz,../data/LIP-RTVE/transcriptions/speaker003/speaker003_0026.txt,5,utf-8
1888,LIP-RTVE,speaker003_0027,223,../data/LIP-RTVE/WAVs/speaker003/speaker003_0027.wav,../data/LIP-RTVE/ROIs/speaker003/speaker003_0027.npz,../data/LIP-RTVE/transcriptions/speaker003/speaker003_0027.txt,5,utf-8
1889,LIP-RTVE,speaker003_0028,112,../data/LIP-RTVE/WAVs/speaker003/speaker003_0028.wav,../data/LIP-RTVE/ROIs/speaker003/speaker003_0028.npz,../data/LIP-RTVE/transcriptions/speaker003/speaker003_0028.txt,5,utf-8
1890,LIP-RTVE,speaker003_0031,26,../data/LIP-RTVE/WAVs/speaker003/speaker003_0031.wav,../data/LIP-RTVE/ROIs/speaker003/speaker003_0031.npz,../data/LIP-RTVE/transcriptions/speaker003/speaker003_0031.txt,5,utf-8
1891,LIP-RTVE,speaker003_0032,215,../data/LIP-RTVE/WAVs/speaker003/speaker003_0032.wav,../data/LIP-RTVE/ROIs/speaker003/speaker003_0032.npz,../data/LIP-RTVE/transcriptions/speaker003/speaker003_0032.txt,5,utf-8
1892,LIP-RTVE,speaker003_0033,207,../data/LIP-RTVE/WAVs/speaker003/speaker003_0033.wav,../data/LIP-RTVE/ROIs/speaker003/speaker003_0033.npz,../data/LIP-RTVE/transcriptions/speaker003/speaker003_0033.txt,5,utf-8
1893,LIP-RTVE,speaker003_0034,130,../data/LIP-RTVE/WAVs/speaker003/speaker003_0034.wav,../data/LIP-RTVE/ROIs/speaker003/speaker003_0034.npz,../data/LIP-RTVE/transcriptions/speaker003/speaker003_0034.txt,5,utf-8
1894,LIP-RTVE,speaker003_0035,36,../data/LIP-RTVE/WAVs/speaker003/speaker003_0035.wav,../data/LIP-RTVE/ROIs/speaker003/speaker003_0035.npz,../data/LIP-RTVE/transcriptions/speaker003/speaker003_0035.txt,5,utf-8
1895,LIP-RTVE,speaker003_0036,66,../data/LIP-RTVE/WAVs/speaker003/speaker003_0036.wav,../data/LIP-RTVE/ROIs/speaker003/speaker003_0036.npz,../data/LIP-RTVE/transcriptions/speaker003/speaker003_0036.txt,5,utf-8
1896,LIP-RTVE,speaker003_0037,67,../data/LIP-RTVE/WAVs/speaker003/speaker003_0037.wav,../data/LIP-RTVE/ROIs/speaker003/speaker003_0037.npz,../data/LIP-RTVE/transcriptions/speaker003/speaker003_0037.txt,5,utf-8
1897,LIP-RTVE,speaker003_0038,78,../data/LIP-RTVE/WAVs/speaker003/speaker003_0038.wav,../data/LIP-RTVE/ROIs/speaker003/speaker003_0038.npz,../data/LIP-RTVE/transcriptions/speaker003/speaker003_0038.txt,5,utf-8
1898,LIP-RTVE,speaker003_0040,26,../data/LIP-RTVE/WAVs/speaker003/speaker003_0040.wav,../data/LIP-RTVE/ROIs/speaker003/speaker003_0040.npz,../data/LIP-RTVE/transcriptions/speaker003/speaker003_0040.txt,5,utf-8
1899,LIP-RTVE,speaker003_0042,43,../data/LIP-RTVE/WAVs/speaker003/speaker003_0042.wav,../data/LIP-RTVE/ROIs/speaker003/speaker003_0042.npz,../data/LIP-RTVE/transcriptions/speaker003/speaker003_0042.txt,5,utf-8
1900,LIP-RTVE,speaker003_0044,104,../data/LIP-RTVE/WAVs/speaker003/speaker003_0044.wav,../data/LIP-RTVE/ROIs/speaker003/speaker003_0044.npz,../data/LIP-RTVE/transcriptions/speaker003/speaker003_0044.txt,5,utf-8
1901,LIP-RTVE,speaker003_0045,31,../data/LIP-RTVE/WAVs/speaker003/speaker003_0045.wav,../data/LIP-RTVE/ROIs/speaker003/speaker003_0045.npz,../data/LIP-RTVE/transcriptions/speaker003/speaker003_0045.txt,5,utf-8
1902,LIP-RTVE,speaker003_0048,160,../data/LIP-RTVE/WAVs/speaker003/speaker003_0048.wav,../data/LIP-RTVE/ROIs/speaker003/speaker003_0048.npz,../data/LIP-RTVE/transcriptions/speaker003/speaker003_0048.txt,5,utf-8
1903,LIP-RTVE,speaker003_0049,160,../data/LIP-RTVE/WAVs/speaker003/speaker003_0049.wav,../data/LIP-RTVE/ROIs/speaker003/speaker003_0049.npz,../data/LIP-RTVE/transcriptions/speaker003/speaker003_0049.txt,5,utf-8
1904,LIP-RTVE,speaker003_0050,166,../data/LIP-RTVE/WAVs/speaker003/speaker003_0050.wav,../data/LIP-RTVE/ROIs/speaker003/speaker003_0050.npz,../data/LIP-RTVE/transcriptions/speaker003/speaker003_0050.txt,5,utf-8
1905,LIP-RTVE,speaker003_0051,32,../data/LIP-RTVE/WAVs/speaker003/speaker003_0051.wav,../data/LIP-RTVE/ROIs/speaker003/speaker003_0051.npz,../data/LIP-RTVE/transcriptions/speaker003/speaker003_0051.txt,5,utf-8
1906,LIP-RTVE,speaker003_0052,104,../data/LIP-RTVE/WAVs/speaker003/speaker003_0052.wav,../data/LIP-RTVE/ROIs/speaker003/speaker003_0052.npz,../data/LIP-RTVE/transcriptions/speaker003/speaker003_0052.txt,5,utf-8
1907,LIP-RTVE,speaker003_0054,46,../data/LIP-RTVE/WAVs/speaker003/speaker003_0054.wav,../data/LIP-RTVE/ROIs/speaker003/speaker003_0054.npz,../data/LIP-RTVE/transcriptions/speaker003/speaker003_0054.txt,5,utf-8
1908,LIP-RTVE,speaker003_0055,78,../data/LIP-RTVE/WAVs/speaker003/speaker003_0055.wav,../data/LIP-RTVE/ROIs/speaker003/speaker003_0055.npz,../data/LIP-RTVE/transcriptions/speaker003/speaker003_0055.txt,5,utf-8
1909,LIP-RTVE,speaker003_0056,29,../data/LIP-RTVE/WAVs/speaker003/speaker003_0056.wav,../data/LIP-RTVE/ROIs/speaker003/speaker003_0056.npz,../data/LIP-RTVE/transcriptions/speaker003/speaker003_0056.txt,5,utf-8
1910,LIP-RTVE,speaker003_0057,104,../data/LIP-RTVE/WAVs/speaker003/speaker003_0057.wav,../data/LIP-RTVE/ROIs/speaker003/speaker003_0057.npz,../data/LIP-RTVE/transcriptions/speaker003/speaker003_0057.txt,5,utf-8
1911,LIP-RTVE,speaker003_0058,91,../data/LIP-RTVE/WAVs/speaker003/speaker003_0058.wav,../data/LIP-RTVE/ROIs/speaker003/speaker003_0058.npz,../data/LIP-RTVE/transcriptions/speaker003/speaker003_0058.txt,5,utf-8
1912,LIP-RTVE,speaker003_0059,36,../data/LIP-RTVE/WAVs/speaker003/speaker003_0059.wav,../data/LIP-RTVE/ROIs/speaker003/speaker003_0059.npz,../data/LIP-RTVE/transcriptions/speaker003/speaker003_0059.txt,5,utf-8
1913,LIP-RTVE,speaker003_0060,55,../data/LIP-RTVE/WAVs/speaker003/speaker003_0060.wav,../data/LIP-RTVE/ROIs/speaker003/speaker003_0060.npz,../data/LIP-RTVE/transcriptions/speaker003/speaker003_0060.txt,5,utf-8
1914,LIP-RTVE,speaker003_0061,237,../data/LIP-RTVE/WAVs/speaker003/speaker003_0061.wav,../data/LIP-RTVE/ROIs/speaker003/speaker003_0061.npz,../data/LIP-RTVE/transcriptions/speaker003/speaker003_0061.txt,5,utf-8
1915,LIP-RTVE,speaker003_0062,157,../data/LIP-RTVE/WAVs/speaker003/speaker003_0062.wav,../data/LIP-RTVE/ROIs/speaker003/speaker003_0062.npz,../data/LIP-RTVE/transcriptions/speaker003/speaker003_0062.txt,5,utf-8
1916,LIP-RTVE,speaker003_0063,72,../data/LIP-RTVE/WAVs/speaker003/speaker003_0063.wav,../data/LIP-RTVE/ROIs/speaker003/speaker003_0063.npz,../data/LIP-RTVE/transcriptions/speaker003/speaker003_0063.txt,5,utf-8
1917,LIP-RTVE,speaker003_0064,43,../data/LIP-RTVE/WAVs/speaker003/speaker003_0064.wav,../data/LIP-RTVE/ROIs/speaker003/speaker003_0064.npz,../data/LIP-RTVE/transcriptions/speaker003/speaker003_0064.txt,5,utf-8
1918,LIP-RTVE,speaker003_0065,50,../data/LIP-RTVE/WAVs/speaker003/speaker003_0065.wav,../data/LIP-RTVE/ROIs/speaker003/speaker003_0065.npz,../data/LIP-RTVE/transcriptions/speaker003/speaker003_0065.txt,5,utf-8
1919,LIP-RTVE,speaker003_0067,140,../data/LIP-RTVE/WAVs/speaker003/speaker003_0067.wav,../data/LIP-RTVE/ROIs/speaker003/speaker003_0067.npz,../data/LIP-RTVE/transcriptions/speaker003/speaker003_0067.txt,5,utf-8
1920,LIP-RTVE,speaker003_0068,63,../data/LIP-RTVE/WAVs/speaker003/speaker003_0068.wav,../data/LIP-RTVE/ROIs/speaker003/speaker003_0068.npz,../data/LIP-RTVE/transcriptions/speaker003/speaker003_0068.txt,5,utf-8
1921,LIP-RTVE,speaker003_0071,116,../data/LIP-RTVE/WAVs/speaker003/speaker003_0071.wav,../data/LIP-RTVE/ROIs/speaker003/speaker003_0071.npz,../data/LIP-RTVE/transcriptions/speaker003/speaker003_0071.txt,5,utf-8
1922,LIP-RTVE,speaker003_0072,76,../data/LIP-RTVE/WAVs/speaker003/speaker003_0072.wav,../data/LIP-RTVE/ROIs/speaker003/speaker003_0072.npz,../data/LIP-RTVE/transcriptions/speaker003/speaker003_0072.txt,5,utf-8
1923,LIP-RTVE,speaker003_0073,175,../data/LIP-RTVE/WAVs/speaker003/speaker003_0073.wav,../data/LIP-RTVE/ROIs/speaker003/speaker003_0073.npz,../data/LIP-RTVE/transcriptions/speaker003/speaker003_0073.txt,5,utf-8
1924,LIP-RTVE,speaker003_0075,95,../data/LIP-RTVE/WAVs/speaker003/speaker003_0075.wav,../data/LIP-RTVE/ROIs/speaker003/speaker003_0075.npz,../data/LIP-RTVE/transcriptions/speaker003/speaker003_0075.txt,5,utf-8
1925,LIP-RTVE,speaker003_0076,73,../data/LIP-RTVE/WAVs/speaker003/speaker003_0076.wav,../data/LIP-RTVE/ROIs/speaker003/speaker003_0076.npz,../data/LIP-RTVE/transcriptions/speaker003/speaker003_0076.txt,5,utf-8
1926,LIP-RTVE,speaker003_0078,65,../data/LIP-RTVE/WAVs/speaker003/speaker003_0078.wav,../data/LIP-RTVE/ROIs/speaker003/speaker003_0078.npz,../data/LIP-RTVE/transcriptions/speaker003/speaker003_0078.txt,5,utf-8
1927,LIP-RTVE,speaker003_0079,35,../data/LIP-RTVE/WAVs/speaker003/speaker003_0079.wav,../data/LIP-RTVE/ROIs/speaker003/speaker003_0079.npz,../data/LIP-RTVE/transcriptions/speaker003/speaker003_0079.txt,5,utf-8
1928,LIP-RTVE,speaker003_0080,57,../data/LIP-RTVE/WAVs/speaker003/speaker003_0080.wav,../data/LIP-RTVE/ROIs/speaker003/speaker003_0080.npz,../data/LIP-RTVE/transcriptions/speaker003/speaker003_0080.txt,5,utf-8
1929,LIP-RTVE,speaker003_0082,88,../data/LIP-RTVE/WAVs/speaker003/speaker003_0082.wav,../data/LIP-RTVE/ROIs/speaker003/speaker003_0082.npz,../data/LIP-RTVE/transcriptions/speaker003/speaker003_0082.txt,5,utf-8
1930,LIP-RTVE,speaker003_0083,47,../data/LIP-RTVE/WAVs/speaker003/speaker003_0083.wav,../data/LIP-RTVE/ROIs/speaker003/speaker003_0083.npz,../data/LIP-RTVE/transcriptions/speaker003/speaker003_0083.txt,5,utf-8
1931,LIP-RTVE,speaker003_0084,46,../data/LIP-RTVE/WAVs/speaker003/speaker003_0084.wav,../data/LIP-RTVE/ROIs/speaker003/speaker003_0084.npz,../data/LIP-RTVE/transcriptions/speaker003/speaker003_0084.txt,5,utf-8
1932,LIP-RTVE,speaker003_0085,31,../data/LIP-RTVE/WAVs/speaker003/speaker003_0085.wav,../data/LIP-RTVE/ROIs/speaker003/speaker003_0085.npz,../data/LIP-RTVE/transcriptions/speaker003/speaker003_0085.txt,5,utf-8
1933,LIP-RTVE,speaker003_0092,39,../data/LIP-RTVE/WAVs/speaker003/speaker003_0092.wav,../data/LIP-RTVE/ROIs/speaker003/speaker003_0092.npz,../data/LIP-RTVE/transcriptions/speaker003/speaker003_0092.txt,5,utf-8
1934,LIP-RTVE,speaker003_0093,34,../data/LIP-RTVE/WAVs/speaker003/speaker003_0093.wav,../data/LIP-RTVE/ROIs/speaker003/speaker003_0093.npz,../data/LIP-RTVE/transcriptions/speaker003/speaker003_0093.txt,5,utf-8
1935,LIP-RTVE,speaker003_0094,69,../data/LIP-RTVE/WAVs/speaker003/speaker003_0094.wav,../data/LIP-RTVE/ROIs/speaker003/speaker003_0094.npz,../data/LIP-RTVE/transcriptions/speaker003/speaker003_0094.txt,5,utf-8
1936,LIP-RTVE,speaker003_0095,132,../data/LIP-RTVE/WAVs/speaker003/speaker003_0095.wav,../data/LIP-RTVE/ROIs/speaker003/speaker003_0095.npz,../data/LIP-RTVE/transcriptions/speaker003/speaker003_0095.txt,5,utf-8
1937,LIP-RTVE,speaker003_0096,67,../data/LIP-RTVE/WAVs/speaker003/speaker003_0096.wav,../data/LIP-RTVE/ROIs/speaker003/speaker003_0096.npz,../data/LIP-RTVE/transcriptions/speaker003/speaker003_0096.txt,5,utf-8
1938,LIP-RTVE,speaker003_0098,90,../data/LIP-RTVE/WAVs/speaker003/speaker003_0098.wav,../data/LIP-RTVE/ROIs/speaker003/speaker003_0098.npz,../data/LIP-RTVE/transcriptions/speaker003/speaker003_0098.txt,5,utf-8
1939,LIP-RTVE,speaker003_0100,54,../data/LIP-RTVE/WAVs/speaker003/speaker003_0100.wav,../data/LIP-RTVE/ROIs/speaker003/speaker003_0100.npz,../data/LIP-RTVE/transcriptions/speaker003/speaker003_0100.txt,5,utf-8
1940,LIP-RTVE,speaker003_0101,82,../data/LIP-RTVE/WAVs/speaker003/speaker003_0101.wav,../data/LIP-RTVE/ROIs/speaker003/speaker003_0101.npz,../data/LIP-RTVE/transcriptions/speaker003/speaker003_0101.txt,5,utf-8
1941,LIP-RTVE,speaker003_0102,25,../data/LIP-RTVE/WAVs/speaker003/speaker003_0102.wav,../data/LIP-RTVE/ROIs/speaker003/speaker003_0102.npz,../data/LIP-RTVE/transcriptions/speaker003/speaker003_0102.txt,5,utf-8
1942,LIP-RTVE,speaker003_0103,41,../data/LIP-RTVE/WAVs/speaker003/speaker003_0103.wav,../data/LIP-RTVE/ROIs/speaker003/speaker003_0103.npz,../data/LIP-RTVE/transcriptions/speaker003/speaker003_0103.txt,5,utf-8
1943,LIP-RTVE,speaker003_0104,28,../data/LIP-RTVE/WAVs/speaker003/speaker003_0104.wav,../data/LIP-RTVE/ROIs/speaker003/speaker003_0104.npz,../data/LIP-RTVE/transcriptions/speaker003/speaker003_0104.txt,5,utf-8
1944,LIP-RTVE,speaker003_0105,145,../data/LIP-RTVE/WAVs/speaker003/speaker003_0105.wav,../data/LIP-RTVE/ROIs/speaker003/speaker003_0105.npz,../data/LIP-RTVE/transcriptions/speaker003/speaker003_0105.txt,5,utf-8
1945,LIP-RTVE,speaker003_0106,76,../data/LIP-RTVE/WAVs/speaker003/speaker003_0106.wav,../data/LIP-RTVE/ROIs/speaker003/speaker003_0106.npz,../data/LIP-RTVE/transcriptions/speaker003/speaker003_0106.txt,5,utf-8
1946,LIP-RTVE,speaker003_0107,218,../data/LIP-RTVE/WAVs/speaker003/speaker003_0107.wav,../data/LIP-RTVE/ROIs/speaker003/speaker003_0107.npz,../data/LIP-RTVE/transcriptions/speaker003/speaker003_0107.txt,5,utf-8
1947,LIP-RTVE,speaker003_0109,134,../data/LIP-RTVE/WAVs/speaker003/speaker003_0109.wav,../data/LIP-RTVE/ROIs/speaker003/speaker003_0109.npz,../data/LIP-RTVE/transcriptions/speaker003/speaker003_0109.txt,5,utf-8
1948,LIP-RTVE,speaker003_0110,66,../data/LIP-RTVE/WAVs/speaker003/speaker003_0110.wav,../data/LIP-RTVE/ROIs/speaker003/speaker003_0110.npz,../data/LIP-RTVE/transcriptions/speaker003/speaker003_0110.txt,5,utf-8
1949,LIP-RTVE,speaker003_0111,74,../data/LIP-RTVE/WAVs/speaker003/speaker003_0111.wav,../data/LIP-RTVE/ROIs/speaker003/speaker003_0111.npz,../data/LIP-RTVE/transcriptions/speaker003/speaker003_0111.txt,5,utf-8
1950,LIP-RTVE,speaker003_0113,96,../data/LIP-RTVE/WAVs/speaker003/speaker003_0113.wav,../data/LIP-RTVE/ROIs/speaker003/speaker003_0113.npz,../data/LIP-RTVE/transcriptions/speaker003/speaker003_0113.txt,5,utf-8
1951,LIP-RTVE,speaker003_0115,126,../data/LIP-RTVE/WAVs/speaker003/speaker003_0115.wav,../data/LIP-RTVE/ROIs/speaker003/speaker003_0115.npz,../data/LIP-RTVE/transcriptions/speaker003/speaker003_0115.txt,5,utf-8
1952,LIP-RTVE,speaker003_0116,55,../data/LIP-RTVE/WAVs/speaker003/speaker003_0116.wav,../data/LIP-RTVE/ROIs/speaker003/speaker003_0116.npz,../data/LIP-RTVE/transcriptions/speaker003/speaker003_0116.txt,5,utf-8
1953,LIP-RTVE,speaker003_0117,56,../data/LIP-RTVE/WAVs/speaker003/speaker003_0117.wav,../data/LIP-RTVE/ROIs/speaker003/speaker003_0117.npz,../data/LIP-RTVE/transcriptions/speaker003/speaker003_0117.txt,5,utf-8
1954,LIP-RTVE,speaker003_0118,102,../data/LIP-RTVE/WAVs/speaker003/speaker003_0118.wav,../data/LIP-RTVE/ROIs/speaker003/speaker003_0118.npz,../data/LIP-RTVE/transcriptions/speaker003/speaker003_0118.txt,5,utf-8
1955,LIP-RTVE,speaker003_0120,100,../data/LIP-RTVE/WAVs/speaker003/speaker003_0120.wav,../data/LIP-RTVE/ROIs/speaker003/speaker003_0120.npz,../data/LIP-RTVE/transcriptions/speaker003/speaker003_0120.txt,5,utf-8
1956,LIP-RTVE,speaker003_0121,34,../data/LIP-RTVE/WAVs/speaker003/speaker003_0121.wav,../data/LIP-RTVE/ROIs/speaker003/speaker003_0121.npz,../data/LIP-RTVE/transcriptions/speaker003/speaker003_0121.txt,5,utf-8
1957,LIP-RTVE,speaker003_0122,97,../data/LIP-RTVE/WAVs/speaker003/speaker003_0122.wav,../data/LIP-RTVE/ROIs/speaker003/speaker003_0122.npz,../data/LIP-RTVE/transcriptions/speaker003/speaker003_0122.txt,5,utf-8
1958,LIP-RTVE,speaker003_0124,68,../data/LIP-RTVE/WAVs/speaker003/speaker003_0124.wav,../data/LIP-RTVE/ROIs/speaker003/speaker003_0124.npz,../data/LIP-RTVE/transcriptions/speaker003/speaker003_0124.txt,5,utf-8
1959,LIP-RTVE,speaker003_0125,117,../data/LIP-RTVE/WAVs/speaker003/speaker003_0125.wav,../data/LIP-RTVE/ROIs/speaker003/speaker003_0125.npz,../data/LIP-RTVE/transcriptions/speaker003/speaker003_0125.txt,5,utf-8
1960,LIP-RTVE,speaker003_0127,39,../data/LIP-RTVE/WAVs/speaker003/speaker003_0127.wav,../data/LIP-RTVE/ROIs/speaker003/speaker003_0127.npz,../data/LIP-RTVE/transcriptions/speaker003/speaker003_0127.txt,5,utf-8
1961,LIP-RTVE,speaker003_0128,47,../data/LIP-RTVE/WAVs/speaker003/speaker003_0128.wav,../data/LIP-RTVE/ROIs/speaker003/speaker003_0128.npz,../data/LIP-RTVE/transcriptions/speaker003/speaker003_0128.txt,5,utf-8
1962,LIP-RTVE,speaker003_0131,27,../data/LIP-RTVE/WAVs/speaker003/speaker003_0131.wav,../data/LIP-RTVE/ROIs/speaker003/speaker003_0131.npz,../data/LIP-RTVE/transcriptions/speaker003/speaker003_0131.txt,5,utf-8
1963,LIP-RTVE,speaker003_0132,87,../data/LIP-RTVE/WAVs/speaker003/speaker003_0132.wav,../data/LIP-RTVE/ROIs/speaker003/speaker003_0132.npz,../data/LIP-RTVE/transcriptions/speaker003/speaker003_0132.txt,5,utf-8
1964,LIP-RTVE,speaker003_0133,148,../data/LIP-RTVE/WAVs/speaker003/speaker003_0133.wav,../data/LIP-RTVE/ROIs/speaker003/speaker003_0133.npz,../data/LIP-RTVE/transcriptions/speaker003/speaker003_0133.txt,5,utf-8
1965,LIP-RTVE,speaker003_0134,66,../data/LIP-RTVE/WAVs/speaker003/speaker003_0134.wav,../data/LIP-RTVE/ROIs/speaker003/speaker003_0134.npz,../data/LIP-RTVE/transcriptions/speaker003/speaker003_0134.txt,5,utf-8
1966,LIP-RTVE,speaker003_0135,45,../data/LIP-RTVE/WAVs/speaker003/speaker003_0135.wav,../data/LIP-RTVE/ROIs/speaker003/speaker003_0135.npz,../data/LIP-RTVE/transcriptions/speaker003/speaker003_0135.txt,5,utf-8
1967,LIP-RTVE,speaker003_0136,143,../data/LIP-RTVE/WAVs/speaker003/speaker003_0136.wav,../data/LIP-RTVE/ROIs/speaker003/speaker003_0136.npz,../data/LIP-RTVE/transcriptions/speaker003/speaker003_0136.txt,5,utf-8
1968,LIP-RTVE,speaker003_0138,162,../data/LIP-RTVE/WAVs/speaker003/speaker003_0138.wav,../data/LIP-RTVE/ROIs/speaker003/speaker003_0138.npz,../data/LIP-RTVE/transcriptions/speaker003/speaker003_0138.txt,5,utf-8
1969,LIP-RTVE,speaker003_0139,71,../data/LIP-RTVE/WAVs/speaker003/speaker003_0139.wav,../data/LIP-RTVE/ROIs/speaker003/speaker003_0139.npz,../data/LIP-RTVE/transcriptions/speaker003/speaker003_0139.txt,5,utf-8
1970,LIP-RTVE,speaker003_0140,29,../data/LIP-RTVE/WAVs/speaker003/speaker003_0140.wav,../data/LIP-RTVE/ROIs/speaker003/speaker003_0140.npz,../data/LIP-RTVE/transcriptions/speaker003/speaker003_0140.txt,5,utf-8
1971,LIP-RTVE,speaker003_0142,86,../data/LIP-RTVE/WAVs/speaker003/speaker003_0142.wav,../data/LIP-RTVE/ROIs/speaker003/speaker003_0142.npz,../data/LIP-RTVE/transcriptions/speaker003/speaker003_0142.txt,5,utf-8
1972,LIP-RTVE,speaker003_0143,50,../data/LIP-RTVE/WAVs/speaker003/speaker003_0143.wav,../data/LIP-RTVE/ROIs/speaker003/speaker003_0143.npz,../data/LIP-RTVE/transcriptions/speaker003/speaker003_0143.txt,5,utf-8
1973,LIP-RTVE,speaker003_0145,26,../data/LIP-RTVE/WAVs/speaker003/speaker003_0145.wav,../data/LIP-RTVE/ROIs/speaker003/speaker003_0145.npz,../data/LIP-RTVE/transcriptions/speaker003/speaker003_0145.txt,5,utf-8
1974,LIP-RTVE,speaker003_0146,45,../data/LIP-RTVE/WAVs/speaker003/speaker003_0146.wav,../data/LIP-RTVE/ROIs/speaker003/speaker003_0146.npz,../data/LIP-RTVE/transcriptions/speaker003/speaker003_0146.txt,5,utf-8
1975,LIP-RTVE,speaker003_0147,37,../data/LIP-RTVE/WAVs/speaker003/speaker003_0147.wav,../data/LIP-RTVE/ROIs/speaker003/speaker003_0147.npz,../data/LIP-RTVE/transcriptions/speaker003/speaker003_0147.txt,5,utf-8
1976,LIP-RTVE,speaker003_0150,27,../data/LIP-RTVE/WAVs/speaker003/speaker003_0150.wav,../data/LIP-RTVE/ROIs/speaker003/speaker003_0150.npz,../data/LIP-RTVE/transcriptions/speaker003/speaker003_0150.txt,5,utf-8
1977,LIP-RTVE,speaker003_0151,67,../data/LIP-RTVE/WAVs/speaker003/speaker003_0151.wav,../data/LIP-RTVE/ROIs/speaker003/speaker003_0151.npz,../data/LIP-RTVE/transcriptions/speaker003/speaker003_0151.txt,5,utf-8
1978,LIP-RTVE,speaker003_0152,76,../data/LIP-RTVE/WAVs/speaker003/speaker003_0152.wav,../data/LIP-RTVE/ROIs/speaker003/speaker003_0152.npz,../data/LIP-RTVE/transcriptions/speaker003/speaker003_0152.txt,5,utf-8
1979,LIP-RTVE,speaker003_0153,143,../data/LIP-RTVE/WAVs/speaker003/speaker003_0153.wav,../data/LIP-RTVE/ROIs/speaker003/speaker003_0153.npz,../data/LIP-RTVE/transcriptions/speaker003/speaker003_0153.txt,5,utf-8
1980,LIP-RTVE,speaker003_0154,28,../data/LIP-RTVE/WAVs/speaker003/speaker003_0154.wav,../data/LIP-RTVE/ROIs/speaker003/speaker003_0154.npz,../data/LIP-RTVE/transcriptions/speaker003/speaker003_0154.txt,5,utf-8
1981,LIP-RTVE,speaker003_0155,43,../data/LIP-RTVE/WAVs/speaker003/speaker003_0155.wav,../data/LIP-RTVE/ROIs/speaker003/speaker003_0155.npz,../data/LIP-RTVE/transcriptions/speaker003/speaker003_0155.txt,5,utf-8
1982,LIP-RTVE,speaker003_0156,64,../data/LIP-RTVE/WAVs/speaker003/speaker003_0156.wav,../data/LIP-RTVE/ROIs/speaker003/speaker003_0156.npz,../data/LIP-RTVE/transcriptions/speaker003/speaker003_0156.txt,5,utf-8
1983,LIP-RTVE,speaker003_0157,27,../data/LIP-RTVE/WAVs/speaker003/speaker003_0157.wav,../data/LIP-RTVE/ROIs/speaker003/speaker003_0157.npz,../data/LIP-RTVE/transcriptions/speaker003/speaker003_0157.txt,5,utf-8
1984,LIP-RTVE,speaker003_0161,53,../data/LIP-RTVE/WAVs/speaker003/speaker003_0161.wav,../data/LIP-RTVE/ROIs/speaker003/speaker003_0161.npz,../data/LIP-RTVE/transcriptions/speaker003/speaker003_0161.txt,5,utf-8
1985,LIP-RTVE,speaker003_0162,35,../data/LIP-RTVE/WAVs/speaker003/speaker003_0162.wav,../data/LIP-RTVE/ROIs/speaker003/speaker003_0162.npz,../data/LIP-RTVE/transcriptions/speaker003/speaker003_0162.txt,5,utf-8
1986,LIP-RTVE,speaker003_0163,92,../data/LIP-RTVE/WAVs/speaker003/speaker003_0163.wav,../data/LIP-RTVE/ROIs/speaker003/speaker003_0163.npz,../data/LIP-RTVE/transcriptions/speaker003/speaker003_0163.txt,5,utf-8
1987,LIP-RTVE,speaker003_0164,189,../data/LIP-RTVE/WAVs/speaker003/speaker003_0164.wav,../data/LIP-RTVE/ROIs/speaker003/speaker003_0164.npz,../data/LIP-RTVE/transcriptions/speaker003/speaker003_0164.txt,5,utf-8
1988,LIP-RTVE,speaker003_0165,52,../data/LIP-RTVE/WAVs/speaker003/speaker003_0165.wav,../data/LIP-RTVE/ROIs/speaker003/speaker003_0165.npz,../data/LIP-RTVE/transcriptions/speaker003/speaker003_0165.txt,5,utf-8
1989,LIP-RTVE,speaker003_0166,43,../data/LIP-RTVE/WAVs/speaker003/speaker003_0166.wav,../data/LIP-RTVE/ROIs/speaker003/speaker003_0166.npz,../data/LIP-RTVE/transcriptions/speaker003/speaker003_0166.txt,5,utf-8
1990,LIP-RTVE,speaker003_0167,86,../data/LIP-RTVE/WAVs/speaker003/speaker003_0167.wav,../data/LIP-RTVE/ROIs/speaker003/speaker003_0167.npz,../data/LIP-RTVE/transcriptions/speaker003/speaker003_0167.txt,5,utf-8
1991,LIP-RTVE,speaker003_0168,36,../data/LIP-RTVE/WAVs/speaker003/speaker003_0168.wav,../data/LIP-RTVE/ROIs/speaker003/speaker003_0168.npz,../data/LIP-RTVE/transcriptions/speaker003/speaker003_0168.txt,5,utf-8
1992,LIP-RTVE,speaker003_0169,38,../data/LIP-RTVE/WAVs/speaker003/speaker003_0169.wav,../data/LIP-RTVE/ROIs/speaker003/speaker003_0169.npz,../data/LIP-RTVE/transcriptions/speaker003/speaker003_0169.txt,5,utf-8
1993,LIP-RTVE,speaker003_0171,76,../data/LIP-RTVE/WAVs/speaker003/speaker003_0171.wav,../data/LIP-RTVE/ROIs/speaker003/speaker003_0171.npz,../data/LIP-RTVE/transcriptions/speaker003/speaker003_0171.txt,5,utf-8
1994,LIP-RTVE,speaker003_0172,42,../data/LIP-RTVE/WAVs/speaker003/speaker003_0172.wav,../data/LIP-RTVE/ROIs/speaker003/speaker003_0172.npz,../data/LIP-RTVE/transcriptions/speaker003/speaker003_0172.txt,5,utf-8
1995,LIP-RTVE,speaker003_0173,26,../data/LIP-RTVE/WAVs/speaker003/speaker003_0173.wav,../data/LIP-RTVE/ROIs/speaker003/speaker003_0173.npz,../data/LIP-RTVE/transcriptions/speaker003/speaker003_0173.txt,5,utf-8
1996,LIP-RTVE,speaker003_0174,117,../data/LIP-RTVE/WAVs/speaker003/speaker003_0174.wav,../data/LIP-RTVE/ROIs/speaker003/speaker003_0174.npz,../data/LIP-RTVE/transcriptions/speaker003/speaker003_0174.txt,5,utf-8
1997,LIP-RTVE,speaker003_0178,75,../data/LIP-RTVE/WAVs/speaker003/speaker003_0178.wav,../data/LIP-RTVE/ROIs/speaker003/speaker003_0178.npz,../data/LIP-RTVE/transcriptions/speaker003/speaker003_0178.txt,5,utf-8
1998,LIP-RTVE,speaker003_0180,158,../data/LIP-RTVE/WAVs/speaker003/speaker003_0180.wav,../data/LIP-RTVE/ROIs/speaker003/speaker003_0180.npz,../data/LIP-RTVE/transcriptions/speaker003/speaker003_0180.txt,5,utf-8
1999,LIP-RTVE,speaker003_0181,92,../data/LIP-RTVE/WAVs/speaker003/speaker003_0181.wav,../data/LIP-RTVE/ROIs/speaker003/speaker003_0181.npz,../data/LIP-RTVE/transcriptions/speaker003/speaker003_0181.txt,5,utf-8
2000,LIP-RTVE,speaker003_0182,137,../data/LIP-RTVE/WAVs/speaker003/speaker003_0182.wav,../data/LIP-RTVE/ROIs/speaker003/speaker003_0182.npz,../data/LIP-RTVE/transcriptions/speaker003/speaker003_0182.txt,5,utf-8
2001,LIP-RTVE,speaker003_0183,80,../data/LIP-RTVE/WAVs/speaker003/speaker003_0183.wav,../data/LIP-RTVE/ROIs/speaker003/speaker003_0183.npz,../data/LIP-RTVE/transcriptions/speaker003/speaker003_0183.txt,5,utf-8
2002,LIP-RTVE,speaker003_0185,84,../data/LIP-RTVE/WAVs/speaker003/speaker003_0185.wav,../data/LIP-RTVE/ROIs/speaker003/speaker003_0185.npz,../data/LIP-RTVE/transcriptions/speaker003/speaker003_0185.txt,5,utf-8
2003,LIP-RTVE,speaker003_0186,61,../data/LIP-RTVE/WAVs/speaker003/speaker003_0186.wav,../data/LIP-RTVE/ROIs/speaker003/speaker003_0186.npz,../data/LIP-RTVE/transcriptions/speaker003/speaker003_0186.txt,5,utf-8
2004,LIP-RTVE,speaker003_0188,73,../data/LIP-RTVE/WAVs/speaker003/speaker003_0188.wav,../data/LIP-RTVE/ROIs/speaker003/speaker003_0188.npz,../data/LIP-RTVE/transcriptions/speaker003/speaker003_0188.txt,5,utf-8
2005,LIP-RTVE,speaker003_0189,105,../data/LIP-RTVE/WAVs/speaker003/speaker003_0189.wav,../data/LIP-RTVE/ROIs/speaker003/speaker003_0189.npz,../data/LIP-RTVE/transcriptions/speaker003/speaker003_0189.txt,5,utf-8
2006,LIP-RTVE,speaker003_0191,77,../data/LIP-RTVE/WAVs/speaker003/speaker003_0191.wav,../data/LIP-RTVE/ROIs/speaker003/speaker003_0191.npz,../data/LIP-RTVE/transcriptions/speaker003/speaker003_0191.txt,5,utf-8
2007,LIP-RTVE,speaker003_0192,66,../data/LIP-RTVE/WAVs/speaker003/speaker003_0192.wav,../data/LIP-RTVE/ROIs/speaker003/speaker003_0192.npz,../data/LIP-RTVE/transcriptions/speaker003/speaker003_0192.txt,5,utf-8
2008,LIP-RTVE,speaker003_0194,100,../data/LIP-RTVE/WAVs/speaker003/speaker003_0194.wav,../data/LIP-RTVE/ROIs/speaker003/speaker003_0194.npz,../data/LIP-RTVE/transcriptions/speaker003/speaker003_0194.txt,5,utf-8
2009,LIP-RTVE,speaker003_0195,109,../data/LIP-RTVE/WAVs/speaker003/speaker003_0195.wav,../data/LIP-RTVE/ROIs/speaker003/speaker003_0195.npz,../data/LIP-RTVE/transcriptions/speaker003/speaker003_0195.txt,5,utf-8
2010,LIP-RTVE,speaker003_0196,73,../data/LIP-RTVE/WAVs/speaker003/speaker003_0196.wav,../data/LIP-RTVE/ROIs/speaker003/speaker003_0196.npz,../data/LIP-RTVE/transcriptions/speaker003/speaker003_0196.txt,5,utf-8
2011,LIP-RTVE,speaker003_0197,47,../data/LIP-RTVE/WAVs/speaker003/speaker003_0197.wav,../data/LIP-RTVE/ROIs/speaker003/speaker003_0197.npz,../data/LIP-RTVE/transcriptions/speaker003/speaker003_0197.txt,5,utf-8
2012,LIP-RTVE,speaker003_0199,108,../data/LIP-RTVE/WAVs/speaker003/speaker003_0199.wav,../data/LIP-RTVE/ROIs/speaker003/speaker003_0199.npz,../data/LIP-RTVE/transcriptions/speaker003/speaker003_0199.txt,5,utf-8
2013,LIP-RTVE,speaker003_0201,71,../data/LIP-RTVE/WAVs/speaker003/speaker003_0201.wav,../data/LIP-RTVE/ROIs/speaker003/speaker003_0201.npz,../data/LIP-RTVE/transcriptions/speaker003/speaker003_0201.txt,5,utf-8
2014,LIP-RTVE,speaker003_0202,76,../data/LIP-RTVE/WAVs/speaker003/speaker003_0202.wav,../data/LIP-RTVE/ROIs/speaker003/speaker003_0202.npz,../data/LIP-RTVE/transcriptions/speaker003/speaker003_0202.txt,5,utf-8
2015,LIP-RTVE,speaker003_0203,53,../data/LIP-RTVE/WAVs/speaker003/speaker003_0203.wav,../data/LIP-RTVE/ROIs/speaker003/speaker003_0203.npz,../data/LIP-RTVE/transcriptions/speaker003/speaker003_0203.txt,5,utf-8
2016,LIP-RTVE,speaker003_0204,82,../data/LIP-RTVE/WAVs/speaker003/speaker003_0204.wav,../data/LIP-RTVE/ROIs/speaker003/speaker003_0204.npz,../data/LIP-RTVE/transcriptions/speaker003/speaker003_0204.txt,5,utf-8
2017,LIP-RTVE,speaker003_0205,77,../data/LIP-RTVE/WAVs/speaker003/speaker003_0205.wav,../data/LIP-RTVE/ROIs/speaker003/speaker003_0205.npz,../data/LIP-RTVE/transcriptions/speaker003/speaker003_0205.txt,5,utf-8
2018,LIP-RTVE,speaker003_0208,101,../data/LIP-RTVE/WAVs/speaker003/speaker003_0208.wav,../data/LIP-RTVE/ROIs/speaker003/speaker003_0208.npz,../data/LIP-RTVE/transcriptions/speaker003/speaker003_0208.txt,5,utf-8
2019,LIP-RTVE,speaker003_0209,63,../data/LIP-RTVE/WAVs/speaker003/speaker003_0209.wav,../data/LIP-RTVE/ROIs/speaker003/speaker003_0209.npz,../data/LIP-RTVE/transcriptions/speaker003/speaker003_0209.txt,5,utf-8
2020,LIP-RTVE,speaker003_0211,91,../data/LIP-RTVE/WAVs/speaker003/speaker003_0211.wav,../data/LIP-RTVE/ROIs/speaker003/speaker003_0211.npz,../data/LIP-RTVE/transcriptions/speaker003/speaker003_0211.txt,5,utf-8
2021,LIP-RTVE,speaker003_0212,133,../data/LIP-RTVE/WAVs/speaker003/speaker003_0212.wav,../data/LIP-RTVE/ROIs/speaker003/speaker003_0212.npz,../data/LIP-RTVE/transcriptions/speaker003/speaker003_0212.txt,5,utf-8
2022,LIP-RTVE,speaker003_0213,112,../data/LIP-RTVE/WAVs/speaker003/speaker003_0213.wav,../data/LIP-RTVE/ROIs/speaker003/speaker003_0213.npz,../data/LIP-RTVE/transcriptions/speaker003/speaker003_0213.txt,5,utf-8
2023,LIP-RTVE,speaker003_0214,63,../data/LIP-RTVE/WAVs/speaker003/speaker003_0214.wav,../data/LIP-RTVE/ROIs/speaker003/speaker003_0214.npz,../data/LIP-RTVE/transcriptions/speaker003/speaker003_0214.txt,5,utf-8
2024,LIP-RTVE,speaker003_0215,164,../data/LIP-RTVE/WAVs/speaker003/speaker003_0215.wav,../data/LIP-RTVE/ROIs/speaker003/speaker003_0215.npz,../data/LIP-RTVE/transcriptions/speaker003/speaker003_0215.txt,5,utf-8
2025,LIP-RTVE,speaker003_0216,128,../data/LIP-RTVE/WAVs/speaker003/speaker003_0216.wav,../data/LIP-RTVE/ROIs/speaker003/speaker003_0216.npz,../data/LIP-RTVE/transcriptions/speaker003/speaker003_0216.txt,5,utf-8
2026,LIP-RTVE,speaker003_0217,74,../data/LIP-RTVE/WAVs/speaker003/speaker003_0217.wav,../data/LIP-RTVE/ROIs/speaker003/speaker003_0217.npz,../data/LIP-RTVE/transcriptions/speaker003/speaker003_0217.txt,5,utf-8
2027,LIP-RTVE,speaker003_0218,112,../data/LIP-RTVE/WAVs/speaker003/speaker003_0218.wav,../data/LIP-RTVE/ROIs/speaker003/speaker003_0218.npz,../data/LIP-RTVE/transcriptions/speaker003/speaker003_0218.txt,5,utf-8
2028,LIP-RTVE,speaker003_0220,58,../data/LIP-RTVE/WAVs/speaker003/speaker003_0220.wav,../data/LIP-RTVE/ROIs/speaker003/speaker003_0220.npz,../data/LIP-RTVE/transcriptions/speaker003/speaker003_0220.txt,5,utf-8
2029,LIP-RTVE,speaker003_0221,104,../data/LIP-RTVE/WAVs/speaker003/speaker003_0221.wav,../data/LIP-RTVE/ROIs/speaker003/speaker003_0221.npz,../data/LIP-RTVE/transcriptions/speaker003/speaker003_0221.txt,5,utf-8
2030,LIP-RTVE,speaker003_0222,162,../data/LIP-RTVE/WAVs/speaker003/speaker003_0222.wav,../data/LIP-RTVE/ROIs/speaker003/speaker003_0222.npz,../data/LIP-RTVE/transcriptions/speaker003/speaker003_0222.txt,5,utf-8
2031,LIP-RTVE,speaker003_0224,116,../data/LIP-RTVE/WAVs/speaker003/speaker003_0224.wav,../data/LIP-RTVE/ROIs/speaker003/speaker003_0224.npz,../data/LIP-RTVE/transcriptions/speaker003/speaker003_0224.txt,5,utf-8
2032,LIP-RTVE,speaker003_0225,53,../data/LIP-RTVE/WAVs/speaker003/speaker003_0225.wav,../data/LIP-RTVE/ROIs/speaker003/speaker003_0225.npz,../data/LIP-RTVE/transcriptions/speaker003/speaker003_0225.txt,5,utf-8
2033,LIP-RTVE,speaker003_0227,109,../data/LIP-RTVE/WAVs/speaker003/speaker003_0227.wav,../data/LIP-RTVE/ROIs/speaker003/speaker003_0227.npz,../data/LIP-RTVE/transcriptions/speaker003/speaker003_0227.txt,5,utf-8
2034,LIP-RTVE,speaker003_0228,94,../data/LIP-RTVE/WAVs/speaker003/speaker003_0228.wav,../data/LIP-RTVE/ROIs/speaker003/speaker003_0228.npz,../data/LIP-RTVE/transcriptions/speaker003/speaker003_0228.txt,5,utf-8
2035,LIP-RTVE,speaker003_0230,105,../data/LIP-RTVE/WAVs/speaker003/speaker003_0230.wav,../data/LIP-RTVE/ROIs/speaker003/speaker003_0230.npz,../data/LIP-RTVE/transcriptions/speaker003/speaker003_0230.txt,5,utf-8
2036,LIP-RTVE,speaker003_0231,115,../data/LIP-RTVE/WAVs/speaker003/speaker003_0231.wav,../data/LIP-RTVE/ROIs/speaker003/speaker003_0231.npz,../data/LIP-RTVE/transcriptions/speaker003/speaker003_0231.txt,5,utf-8
2037,LIP-RTVE,speaker003_0232,29,../data/LIP-RTVE/WAVs/speaker003/speaker003_0232.wav,../data/LIP-RTVE/ROIs/speaker003/speaker003_0232.npz,../data/LIP-RTVE/transcriptions/speaker003/speaker003_0232.txt,5,utf-8
2038,LIP-RTVE,speaker003_0233,112,../data/LIP-RTVE/WAVs/speaker003/speaker003_0233.wav,../data/LIP-RTVE/ROIs/speaker003/speaker003_0233.npz,../data/LIP-RTVE/transcriptions/speaker003/speaker003_0233.txt,5,utf-8
2039,LIP-RTVE,speaker003_0234,86,../data/LIP-RTVE/WAVs/speaker003/speaker003_0234.wav,../data/LIP-RTVE/ROIs/speaker003/speaker003_0234.npz,../data/LIP-RTVE/transcriptions/speaker003/speaker003_0234.txt,5,utf-8
2040,LIP-RTVE,speaker003_0236,166,../data/LIP-RTVE/WAVs/speaker003/speaker003_0236.wav,../data/LIP-RTVE/ROIs/speaker003/speaker003_0236.npz,../data/LIP-RTVE/transcriptions/speaker003/speaker003_0236.txt,5,utf-8
2041,LIP-RTVE,speaker003_0238,63,../data/LIP-RTVE/WAVs/speaker003/speaker003_0238.wav,../data/LIP-RTVE/ROIs/speaker003/speaker003_0238.npz,../data/LIP-RTVE/transcriptions/speaker003/speaker003_0238.txt,5,utf-8
2042,LIP-RTVE,speaker003_0240,131,../data/LIP-RTVE/WAVs/speaker003/speaker003_0240.wav,../data/LIP-RTVE/ROIs/speaker003/speaker003_0240.npz,../data/LIP-RTVE/transcriptions/speaker003/speaker003_0240.txt,5,utf-8
2043,LIP-RTVE,speaker003_0241,34,../data/LIP-RTVE/WAVs/speaker003/speaker003_0241.wav,../data/LIP-RTVE/ROIs/speaker003/speaker003_0241.npz,../data/LIP-RTVE/transcriptions/speaker003/speaker003_0241.txt,5,utf-8
2044,LIP-RTVE,speaker003_0242,83,../data/LIP-RTVE/WAVs/speaker003/speaker003_0242.wav,../data/LIP-RTVE/ROIs/speaker003/speaker003_0242.npz,../data/LIP-RTVE/transcriptions/speaker003/speaker003_0242.txt,5,utf-8
2045,LIP-RTVE,speaker003_0243,47,../data/LIP-RTVE/WAVs/speaker003/speaker003_0243.wav,../data/LIP-RTVE/ROIs/speaker003/speaker003_0243.npz,../data/LIP-RTVE/transcriptions/speaker003/speaker003_0243.txt,5,utf-8
2046,LIP-RTVE,speaker003_0244,164,../data/LIP-RTVE/WAVs/speaker003/speaker003_0244.wav,../data/LIP-RTVE/ROIs/speaker003/speaker003_0244.npz,../data/LIP-RTVE/transcriptions/speaker003/speaker003_0244.txt,5,utf-8
2047,LIP-RTVE,speaker003_0245,113,../data/LIP-RTVE/WAVs/speaker003/speaker003_0245.wav,../data/LIP-RTVE/ROIs/speaker003/speaker003_0245.npz,../data/LIP-RTVE/transcriptions/speaker003/speaker003_0245.txt,5,utf-8
2048,LIP-RTVE,speaker003_0246,33,../data/LIP-RTVE/WAVs/speaker003/speaker003_0246.wav,../data/LIP-RTVE/ROIs/speaker003/speaker003_0246.npz,../data/LIP-RTVE/transcriptions/speaker003/speaker003_0246.txt,5,utf-8
2049,LIP-RTVE,speaker003_0248,32,../data/LIP-RTVE/WAVs/speaker003/speaker003_0248.wav,../data/LIP-RTVE/ROIs/speaker003/speaker003_0248.npz,../data/LIP-RTVE/transcriptions/speaker003/speaker003_0248.txt,5,utf-8
2050,LIP-RTVE,speaker003_0250,108,../data/LIP-RTVE/WAVs/speaker003/speaker003_0250.wav,../data/LIP-RTVE/ROIs/speaker003/speaker003_0250.npz,../data/LIP-RTVE/transcriptions/speaker003/speaker003_0250.txt,5,utf-8
2051,LIP-RTVE,speaker003_0251,185,../data/LIP-RTVE/WAVs/speaker003/speaker003_0251.wav,../data/LIP-RTVE/ROIs/speaker003/speaker003_0251.npz,../data/LIP-RTVE/transcriptions/speaker003/speaker003_0251.txt,5,utf-8
2052,LIP-RTVE,speaker003_0252,82,../data/LIP-RTVE/WAVs/speaker003/speaker003_0252.wav,../data/LIP-RTVE/ROIs/speaker003/speaker003_0252.npz,../data/LIP-RTVE/transcriptions/speaker003/speaker003_0252.txt,5,utf-8
2053,LIP-RTVE,speaker003_0253,45,../data/LIP-RTVE/WAVs/speaker003/speaker003_0253.wav,../data/LIP-RTVE/ROIs/speaker003/speaker003_0253.npz,../data/LIP-RTVE/transcriptions/speaker003/speaker003_0253.txt,5,utf-8
2054,LIP-RTVE,speaker003_0254,88,../data/LIP-RTVE/WAVs/speaker003/speaker003_0254.wav,../data/LIP-RTVE/ROIs/speaker003/speaker003_0254.npz,../data/LIP-RTVE/transcriptions/speaker003/speaker003_0254.txt,5,utf-8
2055,LIP-RTVE,speaker003_0255,71,../data/LIP-RTVE/WAVs/speaker003/speaker003_0255.wav,../data/LIP-RTVE/ROIs/speaker003/speaker003_0255.npz,../data/LIP-RTVE/transcriptions/speaker003/speaker003_0255.txt,5,utf-8
2056,LIP-RTVE,speaker003_0256,26,../data/LIP-RTVE/WAVs/speaker003/speaker003_0256.wav,../data/LIP-RTVE/ROIs/speaker003/speaker003_0256.npz,../data/LIP-RTVE/transcriptions/speaker003/speaker003_0256.txt,5,utf-8
2057,LIP-RTVE,speaker003_0257,73,../data/LIP-RTVE/WAVs/speaker003/speaker003_0257.wav,../data/LIP-RTVE/ROIs/speaker003/speaker003_0257.npz,../data/LIP-RTVE/transcriptions/speaker003/speaker003_0257.txt,5,utf-8
2058,LIP-RTVE,speaker003_0258,136,../data/LIP-RTVE/WAVs/speaker003/speaker003_0258.wav,../data/LIP-RTVE/ROIs/speaker003/speaker003_0258.npz,../data/LIP-RTVE/transcriptions/speaker003/speaker003_0258.txt,5,utf-8
2059,LIP-RTVE,speaker003_0259,105,../data/LIP-RTVE/WAVs/speaker003/speaker003_0259.wav,../data/LIP-RTVE/ROIs/speaker003/speaker003_0259.npz,../data/LIP-RTVE/transcriptions/speaker003/speaker003_0259.txt,5,utf-8
2060,LIP-RTVE,speaker003_0260,64,../data/LIP-RTVE/WAVs/speaker003/speaker003_0260.wav,../data/LIP-RTVE/ROIs/speaker003/speaker003_0260.npz,../data/LIP-RTVE/transcriptions/speaker003/speaker003_0260.txt,5,utf-8
2061,LIP-RTVE,speaker003_0261,120,../data/LIP-RTVE/WAVs/speaker003/speaker003_0261.wav,../data/LIP-RTVE/ROIs/speaker003/speaker003_0261.npz,../data/LIP-RTVE/transcriptions/speaker003/speaker003_0261.txt,5,utf-8
2062,LIP-RTVE,speaker003_0262,91,../data/LIP-RTVE/WAVs/speaker003/speaker003_0262.wav,../data/LIP-RTVE/ROIs/speaker003/speaker003_0262.npz,../data/LIP-RTVE/transcriptions/speaker003/speaker003_0262.txt,5,utf-8
2063,LIP-RTVE,speaker003_0263,34,../data/LIP-RTVE/WAVs/speaker003/speaker003_0263.wav,../data/LIP-RTVE/ROIs/speaker003/speaker003_0263.npz,../data/LIP-RTVE/transcriptions/speaker003/speaker003_0263.txt,5,utf-8
2064,LIP-RTVE,speaker003_0264,144,../data/LIP-RTVE/WAVs/speaker003/speaker003_0264.wav,../data/LIP-RTVE/ROIs/speaker003/speaker003_0264.npz,../data/LIP-RTVE/transcriptions/speaker003/speaker003_0264.txt,5,utf-8
2065,LIP-RTVE,speaker003_0266,83,../data/LIP-RTVE/WAVs/speaker003/speaker003_0266.wav,../data/LIP-RTVE/ROIs/speaker003/speaker003_0266.npz,../data/LIP-RTVE/transcriptions/speaker003/speaker003_0266.txt,5,utf-8
2066,LIP-RTVE,speaker003_0268,144,../data/LIP-RTVE/WAVs/speaker003/speaker003_0268.wav,../data/LIP-RTVE/ROIs/speaker003/speaker003_0268.npz,../data/LIP-RTVE/transcriptions/speaker003/speaker003_0268.txt,5,utf-8
2067,LIP-RTVE,speaker003_0270,72,../data/LIP-RTVE/WAVs/speaker003/speaker003_0270.wav,../data/LIP-RTVE/ROIs/speaker003/speaker003_0270.npz,../data/LIP-RTVE/transcriptions/speaker003/speaker003_0270.txt,5,utf-8
2068,LIP-RTVE,speaker003_0273,109,../data/LIP-RTVE/WAVs/speaker003/speaker003_0273.wav,../data/LIP-RTVE/ROIs/speaker003/speaker003_0273.npz,../data/LIP-RTVE/transcriptions/speaker003/speaker003_0273.txt,5,utf-8
2069,LIP-RTVE,speaker003_0274,170,../data/LIP-RTVE/WAVs/speaker003/speaker003_0274.wav,../data/LIP-RTVE/ROIs/speaker003/speaker003_0274.npz,../data/LIP-RTVE/transcriptions/speaker003/speaker003_0274.txt,5,utf-8
2070,LIP-RTVE,speaker003_0276,85,../data/LIP-RTVE/WAVs/speaker003/speaker003_0276.wav,../data/LIP-RTVE/ROIs/speaker003/speaker003_0276.npz,../data/LIP-RTVE/transcriptions/speaker003/speaker003_0276.txt,5,utf-8
2071,LIP-RTVE,speaker003_0277,155,../data/LIP-RTVE/WAVs/speaker003/speaker003_0277.wav,../data/LIP-RTVE/ROIs/speaker003/speaker003_0277.npz,../data/LIP-RTVE/transcriptions/speaker003/speaker003_0277.txt,5,utf-8
2072,LIP-RTVE,speaker003_0279,72,../data/LIP-RTVE/WAVs/speaker003/speaker003_0279.wav,../data/LIP-RTVE/ROIs/speaker003/speaker003_0279.npz,../data/LIP-RTVE/transcriptions/speaker003/speaker003_0279.txt,5,utf-8
2073,LIP-RTVE,speaker003_0280,184,../data/LIP-RTVE/WAVs/speaker003/speaker003_0280.wav,../data/LIP-RTVE/ROIs/speaker003/speaker003_0280.npz,../data/LIP-RTVE/transcriptions/speaker003/speaker003_0280.txt,5,utf-8
2074,LIP-RTVE,speaker003_0282,65,../data/LIP-RTVE/WAVs/speaker003/speaker003_0282.wav,../data/LIP-RTVE/ROIs/speaker003/speaker003_0282.npz,../data/LIP-RTVE/transcriptions/speaker003/speaker003_0282.txt,5,utf-8
2075,LIP-RTVE,speaker003_0284,125,../data/LIP-RTVE/WAVs/speaker003/speaker003_0284.wav,../data/LIP-RTVE/ROIs/speaker003/speaker003_0284.npz,../data/LIP-RTVE/transcriptions/speaker003/speaker003_0284.txt,5,utf-8
2076,LIP-RTVE,speaker003_0285,54,../data/LIP-RTVE/WAVs/speaker003/speaker003_0285.wav,../data/LIP-RTVE/ROIs/speaker003/speaker003_0285.npz,../data/LIP-RTVE/transcriptions/speaker003/speaker003_0285.txt,5,utf-8
2077,LIP-RTVE,speaker003_0286,76,../data/LIP-RTVE/WAVs/speaker003/speaker003_0286.wav,../data/LIP-RTVE/ROIs/speaker003/speaker003_0286.npz,../data/LIP-RTVE/transcriptions/speaker003/speaker003_0286.txt,5,utf-8
2078,LIP-RTVE,speaker003_0290,61,../data/LIP-RTVE/WAVs/speaker003/speaker003_0290.wav,../data/LIP-RTVE/ROIs/speaker003/speaker003_0290.npz,../data/LIP-RTVE/transcriptions/speaker003/speaker003_0290.txt,5,utf-8
2079,LIP-RTVE,speaker003_0291,59,../data/LIP-RTVE/WAVs/speaker003/speaker003_0291.wav,../data/LIP-RTVE/ROIs/speaker003/speaker003_0291.npz,../data/LIP-RTVE/transcriptions/speaker003/speaker003_0291.txt,5,utf-8
2080,LIP-RTVE,speaker003_0293,208,../data/LIP-RTVE/WAVs/speaker003/speaker003_0293.wav,../data/LIP-RTVE/ROIs/speaker003/speaker003_0293.npz,../data/LIP-RTVE/transcriptions/speaker003/speaker003_0293.txt,5,utf-8
2081,LIP-RTVE,speaker003_0295,60,../data/LIP-RTVE/WAVs/speaker003/speaker003_0295.wav,../data/LIP-RTVE/ROIs/speaker003/speaker003_0295.npz,../data/LIP-RTVE/transcriptions/speaker003/speaker003_0295.txt,5,utf-8
2082,LIP-RTVE,speaker003_0296,87,../data/LIP-RTVE/WAVs/speaker003/speaker003_0296.wav,../data/LIP-RTVE/ROIs/speaker003/speaker003_0296.npz,../data/LIP-RTVE/transcriptions/speaker003/speaker003_0296.txt,5,utf-8
2083,LIP-RTVE,speaker003_0297,111,../data/LIP-RTVE/WAVs/speaker003/speaker003_0297.wav,../data/LIP-RTVE/ROIs/speaker003/speaker003_0297.npz,../data/LIP-RTVE/transcriptions/speaker003/speaker003_0297.txt,5,utf-8
2084,LIP-RTVE,speaker003_0298,81,../data/LIP-RTVE/WAVs/speaker003/speaker003_0298.wav,../data/LIP-RTVE/ROIs/speaker003/speaker003_0298.npz,../data/LIP-RTVE/transcriptions/speaker003/speaker003_0298.txt,5,utf-8
2085,LIP-RTVE,speaker003_0299,199,../data/LIP-RTVE/WAVs/speaker003/speaker003_0299.wav,../data/LIP-RTVE/ROIs/speaker003/speaker003_0299.npz,../data/LIP-RTVE/transcriptions/speaker003/speaker003_0299.txt,5,utf-8
2086,LIP-RTVE,speaker003_0300,93,../data/LIP-RTVE/WAVs/speaker003/speaker003_0300.wav,../data/LIP-RTVE/ROIs/speaker003/speaker003_0300.npz,../data/LIP-RTVE/transcriptions/speaker003/speaker003_0300.txt,5,utf-8
2087,LIP-RTVE,speaker003_0302,80,../data/LIP-RTVE/WAVs/speaker003/speaker003_0302.wav,../data/LIP-RTVE/ROIs/speaker003/speaker003_0302.npz,../data/LIP-RTVE/transcriptions/speaker003/speaker003_0302.txt,5,utf-8
2088,LIP-RTVE,speaker003_0304,120,../data/LIP-RTVE/WAVs/speaker003/speaker003_0304.wav,../data/LIP-RTVE/ROIs/speaker003/speaker003_0304.npz,../data/LIP-RTVE/transcriptions/speaker003/speaker003_0304.txt,5,utf-8
2089,LIP-RTVE,speaker003_0305,196,../data/LIP-RTVE/WAVs/speaker003/speaker003_0305.wav,../data/LIP-RTVE/ROIs/speaker003/speaker003_0305.npz,../data/LIP-RTVE/transcriptions/speaker003/speaker003_0305.txt,5,utf-8
2090,LIP-RTVE,speaker003_0306,74,../data/LIP-RTVE/WAVs/speaker003/speaker003_0306.wav,../data/LIP-RTVE/ROIs/speaker003/speaker003_0306.npz,../data/LIP-RTVE/transcriptions/speaker003/speaker003_0306.txt,5,utf-8
2091,LIP-RTVE,speaker003_0308,94,../data/LIP-RTVE/WAVs/speaker003/speaker003_0308.wav,../data/LIP-RTVE/ROIs/speaker003/speaker003_0308.npz,../data/LIP-RTVE/transcriptions/speaker003/speaker003_0308.txt,5,utf-8
2092,LIP-RTVE,speaker003_0310,116,../data/LIP-RTVE/WAVs/speaker003/speaker003_0310.wav,../data/LIP-RTVE/ROIs/speaker003/speaker003_0310.npz,../data/LIP-RTVE/transcriptions/speaker003/speaker003_0310.txt,5,utf-8
2093,LIP-RTVE,speaker003_0312,70,../data/LIP-RTVE/WAVs/speaker003/speaker003_0312.wav,../data/LIP-RTVE/ROIs/speaker003/speaker003_0312.npz,../data/LIP-RTVE/transcriptions/speaker003/speaker003_0312.txt,5,utf-8
2094,LIP-RTVE,speaker003_0315,55,../data/LIP-RTVE/WAVs/speaker003/speaker003_0315.wav,../data/LIP-RTVE/ROIs/speaker003/speaker003_0315.npz,../data/LIP-RTVE/transcriptions/speaker003/speaker003_0315.txt,5,utf-8
2095,LIP-RTVE,speaker003_0317,183,../data/LIP-RTVE/WAVs/speaker003/speaker003_0317.wav,../data/LIP-RTVE/ROIs/speaker003/speaker003_0317.npz,../data/LIP-RTVE/transcriptions/speaker003/speaker003_0317.txt,5,utf-8
2096,LIP-RTVE,speaker003_0318,109,../data/LIP-RTVE/WAVs/speaker003/speaker003_0318.wav,../data/LIP-RTVE/ROIs/speaker003/speaker003_0318.npz,../data/LIP-RTVE/transcriptions/speaker003/speaker003_0318.txt,5,utf-8
2097,LIP-RTVE,speaker003_0319,235,../data/LIP-RTVE/WAVs/speaker003/speaker003_0319.wav,../data/LIP-RTVE/ROIs/speaker003/speaker003_0319.npz,../data/LIP-RTVE/transcriptions/speaker003/speaker003_0319.txt,5,utf-8
2098,LIP-RTVE,speaker003_0322,130,../data/LIP-RTVE/WAVs/speaker003/speaker003_0322.wav,../data/LIP-RTVE/ROIs/speaker003/speaker003_0322.npz,../data/LIP-RTVE/transcriptions/speaker003/speaker003_0322.txt,5,utf-8
2099,LIP-RTVE,speaker003_0323,157,../data/LIP-RTVE/WAVs/speaker003/speaker003_0323.wav,../data/LIP-RTVE/ROIs/speaker003/speaker003_0323.npz,../data/LIP-RTVE/transcriptions/speaker003/speaker003_0323.txt,5,utf-8
2100,LIP-RTVE,speaker003_0324,69,../data/LIP-RTVE/WAVs/speaker003/speaker003_0324.wav,../data/LIP-RTVE/ROIs/speaker003/speaker003_0324.npz,../data/LIP-RTVE/transcriptions/speaker003/speaker003_0324.txt,5,utf-8
2101,LIP-RTVE,speaker003_0325,29,../data/LIP-RTVE/WAVs/speaker003/speaker003_0325.wav,../data/LIP-RTVE/ROIs/speaker003/speaker003_0325.npz,../data/LIP-RTVE/transcriptions/speaker003/speaker003_0325.txt,5,utf-8
2102,LIP-RTVE,speaker003_0326,91,../data/LIP-RTVE/WAVs/speaker003/speaker003_0326.wav,../data/LIP-RTVE/ROIs/speaker003/speaker003_0326.npz,../data/LIP-RTVE/transcriptions/speaker003/speaker003_0326.txt,5,utf-8
2103,LIP-RTVE,speaker003_0327,77,../data/LIP-RTVE/WAVs/speaker003/speaker003_0327.wav,../data/LIP-RTVE/ROIs/speaker003/speaker003_0327.npz,../data/LIP-RTVE/transcriptions/speaker003/speaker003_0327.txt,5,utf-8
2104,LIP-RTVE,speaker003_0329,89,../data/LIP-RTVE/WAVs/speaker003/speaker003_0329.wav,../data/LIP-RTVE/ROIs/speaker003/speaker003_0329.npz,../data/LIP-RTVE/transcriptions/speaker003/speaker003_0329.txt,5,utf-8
2105,LIP-RTVE,speaker003_0330,151,../data/LIP-RTVE/WAVs/speaker003/speaker003_0330.wav,../data/LIP-RTVE/ROIs/speaker003/speaker003_0330.npz,../data/LIP-RTVE/transcriptions/speaker003/speaker003_0330.txt,5,utf-8
2106,LIP-RTVE,speaker003_0332,62,../data/LIP-RTVE/WAVs/speaker003/speaker003_0332.wav,../data/LIP-RTVE/ROIs/speaker003/speaker003_0332.npz,../data/LIP-RTVE/transcriptions/speaker003/speaker003_0332.txt,5,utf-8
2107,LIP-RTVE,speaker003_0333,135,../data/LIP-RTVE/WAVs/speaker003/speaker003_0333.wav,../data/LIP-RTVE/ROIs/speaker003/speaker003_0333.npz,../data/LIP-RTVE/transcriptions/speaker003/speaker003_0333.txt,5,utf-8
2108,LIP-RTVE,speaker003_0334,97,../data/LIP-RTVE/WAVs/speaker003/speaker003_0334.wav,../data/LIP-RTVE/ROIs/speaker003/speaker003_0334.npz,../data/LIP-RTVE/transcriptions/speaker003/speaker003_0334.txt,5,utf-8
2109,LIP-RTVE,speaker003_0335,42,../data/LIP-RTVE/WAVs/speaker003/speaker003_0335.wav,../data/LIP-RTVE/ROIs/speaker003/speaker003_0335.npz,../data/LIP-RTVE/transcriptions/speaker003/speaker003_0335.txt,5,utf-8
2110,LIP-RTVE,speaker003_0336,164,../data/LIP-RTVE/WAVs/speaker003/speaker003_0336.wav,../data/LIP-RTVE/ROIs/speaker003/speaker003_0336.npz,../data/LIP-RTVE/transcriptions/speaker003/speaker003_0336.txt,5,utf-8
2111,LIP-RTVE,speaker003_0338,52,../data/LIP-RTVE/WAVs/speaker003/speaker003_0338.wav,../data/LIP-RTVE/ROIs/speaker003/speaker003_0338.npz,../data/LIP-RTVE/transcriptions/speaker003/speaker003_0338.txt,5,utf-8
2112,LIP-RTVE,speaker003_0339,141,../data/LIP-RTVE/WAVs/speaker003/speaker003_0339.wav,../data/LIP-RTVE/ROIs/speaker003/speaker003_0339.npz,../data/LIP-RTVE/transcriptions/speaker003/speaker003_0339.txt,5,utf-8
2113,LIP-RTVE,speaker003_0345,81,../data/LIP-RTVE/WAVs/speaker003/speaker003_0345.wav,../data/LIP-RTVE/ROIs/speaker003/speaker003_0345.npz,../data/LIP-RTVE/transcriptions/speaker003/speaker003_0345.txt,5,utf-8
2114,LIP-RTVE,speaker003_0346,50,../data/LIP-RTVE/WAVs/speaker003/speaker003_0346.wav,../data/LIP-RTVE/ROIs/speaker003/speaker003_0346.npz,../data/LIP-RTVE/transcriptions/speaker003/speaker003_0346.txt,5,utf-8
2115,LIP-RTVE,speaker003_0347,34,../data/LIP-RTVE/WAVs/speaker003/speaker003_0347.wav,../data/LIP-RTVE/ROIs/speaker003/speaker003_0347.npz,../data/LIP-RTVE/transcriptions/speaker003/speaker003_0347.txt,5,utf-8
2116,LIP-RTVE,speaker003_0348,101,../data/LIP-RTVE/WAVs/speaker003/speaker003_0348.wav,../data/LIP-RTVE/ROIs/speaker003/speaker003_0348.npz,../data/LIP-RTVE/transcriptions/speaker003/speaker003_0348.txt,5,utf-8
2117,LIP-RTVE,speaker003_0351,116,../data/LIP-RTVE/WAVs/speaker003/speaker003_0351.wav,../data/LIP-RTVE/ROIs/speaker003/speaker003_0351.npz,../data/LIP-RTVE/transcriptions/speaker003/speaker003_0351.txt,5,utf-8
2118,LIP-RTVE,speaker003_0352,77,../data/LIP-RTVE/WAVs/speaker003/speaker003_0352.wav,../data/LIP-RTVE/ROIs/speaker003/speaker003_0352.npz,../data/LIP-RTVE/transcriptions/speaker003/speaker003_0352.txt,5,utf-8
2119,LIP-RTVE,speaker003_0355,87,../data/LIP-RTVE/WAVs/speaker003/speaker003_0355.wav,../data/LIP-RTVE/ROIs/speaker003/speaker003_0355.npz,../data/LIP-RTVE/transcriptions/speaker003/speaker003_0355.txt,5,utf-8
2120,LIP-RTVE,speaker003_0356,53,../data/LIP-RTVE/WAVs/speaker003/speaker003_0356.wav,../data/LIP-RTVE/ROIs/speaker003/speaker003_0356.npz,../data/LIP-RTVE/transcriptions/speaker003/speaker003_0356.txt,5,utf-8
2121,LIP-RTVE,speaker003_0357,113,../data/LIP-RTVE/WAVs/speaker003/speaker003_0357.wav,../data/LIP-RTVE/ROIs/speaker003/speaker003_0357.npz,../data/LIP-RTVE/transcriptions/speaker003/speaker003_0357.txt,5,utf-8
2122,LIP-RTVE,speaker003_0359,107,../data/LIP-RTVE/WAVs/speaker003/speaker003_0359.wav,../data/LIP-RTVE/ROIs/speaker003/speaker003_0359.npz,../data/LIP-RTVE/transcriptions/speaker003/speaker003_0359.txt,5,utf-8
2123,LIP-RTVE,speaker003_0360,43,../data/LIP-RTVE/WAVs/speaker003/speaker003_0360.wav,../data/LIP-RTVE/ROIs/speaker003/speaker003_0360.npz,../data/LIP-RTVE/transcriptions/speaker003/speaker003_0360.txt,5,utf-8
2124,LIP-RTVE,speaker003_0362,52,../data/LIP-RTVE/WAVs/speaker003/speaker003_0362.wav,../data/LIP-RTVE/ROIs/speaker003/speaker003_0362.npz,../data/LIP-RTVE/transcriptions/speaker003/speaker003_0362.txt,5,utf-8
2125,LIP-RTVE,speaker003_0363,142,../data/LIP-RTVE/WAVs/speaker003/speaker003_0363.wav,../data/LIP-RTVE/ROIs/speaker003/speaker003_0363.npz,../data/LIP-RTVE/transcriptions/speaker003/speaker003_0363.txt,5,utf-8
2126,LIP-RTVE,speaker003_0365,247,../data/LIP-RTVE/WAVs/speaker003/speaker003_0365.wav,../data/LIP-RTVE/ROIs/speaker003/speaker003_0365.npz,../data/LIP-RTVE/transcriptions/speaker003/speaker003_0365.txt,5,utf-8
2127,LIP-RTVE,speaker003_0367,131,../data/LIP-RTVE/WAVs/speaker003/speaker003_0367.wav,../data/LIP-RTVE/ROIs/speaker003/speaker003_0367.npz,../data/LIP-RTVE/transcriptions/speaker003/speaker003_0367.txt,5,utf-8
2128,LIP-RTVE,speaker003_0368,38,../data/LIP-RTVE/WAVs/speaker003/speaker003_0368.wav,../data/LIP-RTVE/ROIs/speaker003/speaker003_0368.npz,../data/LIP-RTVE/transcriptions/speaker003/speaker003_0368.txt,5,utf-8
2129,LIP-RTVE,speaker003_0369,223,../data/LIP-RTVE/WAVs/speaker003/speaker003_0369.wav,../data/LIP-RTVE/ROIs/speaker003/speaker003_0369.npz,../data/LIP-RTVE/transcriptions/speaker003/speaker003_0369.txt,5,utf-8
2130,LIP-RTVE,speaker003_0370,56,../data/LIP-RTVE/WAVs/speaker003/speaker003_0370.wav,../data/LIP-RTVE/ROIs/speaker003/speaker003_0370.npz,../data/LIP-RTVE/transcriptions/speaker003/speaker003_0370.txt,5,utf-8
2131,LIP-RTVE,speaker003_0371,66,../data/LIP-RTVE/WAVs/speaker003/speaker003_0371.wav,../data/LIP-RTVE/ROIs/speaker003/speaker003_0371.npz,../data/LIP-RTVE/transcriptions/speaker003/speaker003_0371.txt,5,utf-8
2132,LIP-RTVE,speaker003_0375,143,../data/LIP-RTVE/WAVs/speaker003/speaker003_0375.wav,../data/LIP-RTVE/ROIs/speaker003/speaker003_0375.npz,../data/LIP-RTVE/transcriptions/speaker003/speaker003_0375.txt,5,utf-8
2133,LIP-RTVE,speaker003_0377,113,../data/LIP-RTVE/WAVs/speaker003/speaker003_0377.wav,../data/LIP-RTVE/ROIs/speaker003/speaker003_0377.npz,../data/LIP-RTVE/transcriptions/speaker003/speaker003_0377.txt,5,utf-8
2134,LIP-RTVE,speaker003_0378,151,../data/LIP-RTVE/WAVs/speaker003/speaker003_0378.wav,../data/LIP-RTVE/ROIs/speaker003/speaker003_0378.npz,../data/LIP-RTVE/transcriptions/speaker003/speaker003_0378.txt,5,utf-8
2135,LIP-RTVE,speaker003_0379,123,../data/LIP-RTVE/WAVs/speaker003/speaker003_0379.wav,../data/LIP-RTVE/ROIs/speaker003/speaker003_0379.npz,../data/LIP-RTVE/transcriptions/speaker003/speaker003_0379.txt,5,utf-8
2136,LIP-RTVE,speaker003_0380,178,../data/LIP-RTVE/WAVs/speaker003/speaker003_0380.wav,../data/LIP-RTVE/ROIs/speaker003/speaker003_0380.npz,../data/LIP-RTVE/transcriptions/speaker003/speaker003_0380.txt,5,utf-8
2137,LIP-RTVE,speaker003_0382,148,../data/LIP-RTVE/WAVs/speaker003/speaker003_0382.wav,../data/LIP-RTVE/ROIs/speaker003/speaker003_0382.npz,../data/LIP-RTVE/transcriptions/speaker003/speaker003_0382.txt,5,utf-8
2138,LIP-RTVE,speaker003_0383,121,../data/LIP-RTVE/WAVs/speaker003/speaker003_0383.wav,../data/LIP-RTVE/ROIs/speaker003/speaker003_0383.npz,../data/LIP-RTVE/transcriptions/speaker003/speaker003_0383.txt,5,utf-8
2139,LIP-RTVE,speaker003_0384,123,../data/LIP-RTVE/WAVs/speaker003/speaker003_0384.wav,../data/LIP-RTVE/ROIs/speaker003/speaker003_0384.npz,../data/LIP-RTVE/transcriptions/speaker003/speaker003_0384.txt,5,utf-8
2140,LIP-RTVE,speaker003_0385,67,../data/LIP-RTVE/WAVs/speaker003/speaker003_0385.wav,../data/LIP-RTVE/ROIs/speaker003/speaker003_0385.npz,../data/LIP-RTVE/transcriptions/speaker003/speaker003_0385.txt,5,utf-8
2141,LIP-RTVE,speaker003_0386,233,../data/LIP-RTVE/WAVs/speaker003/speaker003_0386.wav,../data/LIP-RTVE/ROIs/speaker003/speaker003_0386.npz,../data/LIP-RTVE/transcriptions/speaker003/speaker003_0386.txt,5,utf-8
2142,LIP-RTVE,speaker003_0388,69,../data/LIP-RTVE/WAVs/speaker003/speaker003_0388.wav,../data/LIP-RTVE/ROIs/speaker003/speaker003_0388.npz,../data/LIP-RTVE/transcriptions/speaker003/speaker003_0388.txt,5,utf-8
2143,LIP-RTVE,speaker003_0389,100,../data/LIP-RTVE/WAVs/speaker003/speaker003_0389.wav,../data/LIP-RTVE/ROIs/speaker003/speaker003_0389.npz,../data/LIP-RTVE/transcriptions/speaker003/speaker003_0389.txt,5,utf-8
2144,LIP-RTVE,speaker003_0390,79,../data/LIP-RTVE/WAVs/speaker003/speaker003_0390.wav,../data/LIP-RTVE/ROIs/speaker003/speaker003_0390.npz,../data/LIP-RTVE/transcriptions/speaker003/speaker003_0390.txt,5,utf-8
2145,LIP-RTVE,speaker003_0391,199,../data/LIP-RTVE/WAVs/speaker003/speaker003_0391.wav,../data/LIP-RTVE/ROIs/speaker003/speaker003_0391.npz,../data/LIP-RTVE/transcriptions/speaker003/speaker003_0391.txt,5,utf-8
2146,LIP-RTVE,speaker003_0392,160,../data/LIP-RTVE/WAVs/speaker003/speaker003_0392.wav,../data/LIP-RTVE/ROIs/speaker003/speaker003_0392.npz,../data/LIP-RTVE/transcriptions/speaker003/speaker003_0392.txt,5,utf-8
2147,LIP-RTVE,speaker003_0395,155,../data/LIP-RTVE/WAVs/speaker003/speaker003_0395.wav,../data/LIP-RTVE/ROIs/speaker003/speaker003_0395.npz,../data/LIP-RTVE/transcriptions/speaker003/speaker003_0395.txt,5,utf-8
2148,LIP-RTVE,speaker003_0396,94,../data/LIP-RTVE/WAVs/speaker003/speaker003_0396.wav,../data/LIP-RTVE/ROIs/speaker003/speaker003_0396.npz,../data/LIP-RTVE/transcriptions/speaker003/speaker003_0396.txt,5,utf-8
2149,LIP-RTVE,speaker003_0397,82,../data/LIP-RTVE/WAVs/speaker003/speaker003_0397.wav,../data/LIP-RTVE/ROIs/speaker003/speaker003_0397.npz,../data/LIP-RTVE/transcriptions/speaker003/speaker003_0397.txt,5,utf-8
2150,LIP-RTVE,speaker003_0398,35,../data/LIP-RTVE/WAVs/speaker003/speaker003_0398.wav,../data/LIP-RTVE/ROIs/speaker003/speaker003_0398.npz,../data/LIP-RTVE/transcriptions/speaker003/speaker003_0398.txt,5,utf-8
2151,LIP-RTVE,speaker003_0400,189,../data/LIP-RTVE/WAVs/speaker003/speaker003_0400.wav,../data/LIP-RTVE/ROIs/speaker003/speaker003_0400.npz,../data/LIP-RTVE/transcriptions/speaker003/speaker003_0400.txt,5,utf-8
2152,LIP-RTVE,speaker003_0401,45,../data/LIP-RTVE/WAVs/speaker003/speaker003_0401.wav,../data/LIP-RTVE/ROIs/speaker003/speaker003_0401.npz,../data/LIP-RTVE/transcriptions/speaker003/speaker003_0401.txt,5,utf-8
2153,LIP-RTVE,speaker003_0402,119,../data/LIP-RTVE/WAVs/speaker003/speaker003_0402.wav,../data/LIP-RTVE/ROIs/speaker003/speaker003_0402.npz,../data/LIP-RTVE/transcriptions/speaker003/speaker003_0402.txt,5,utf-8
2154,LIP-RTVE,speaker003_0403,211,../data/LIP-RTVE/WAVs/speaker003/speaker003_0403.wav,../data/LIP-RTVE/ROIs/speaker003/speaker003_0403.npz,../data/LIP-RTVE/transcriptions/speaker003/speaker003_0403.txt,5,utf-8
2155,LIP-RTVE,speaker003_0405,53,../data/LIP-RTVE/WAVs/speaker003/speaker003_0405.wav,../data/LIP-RTVE/ROIs/speaker003/speaker003_0405.npz,../data/LIP-RTVE/transcriptions/speaker003/speaker003_0405.txt,5,utf-8
2156,LIP-RTVE,speaker003_0406,100,../data/LIP-RTVE/WAVs/speaker003/speaker003_0406.wav,../data/LIP-RTVE/ROIs/speaker003/speaker003_0406.npz,../data/LIP-RTVE/transcriptions/speaker003/speaker003_0406.txt,5,utf-8
2157,LIP-RTVE,speaker003_0407,179,../data/LIP-RTVE/WAVs/speaker003/speaker003_0407.wav,../data/LIP-RTVE/ROIs/speaker003/speaker003_0407.npz,../data/LIP-RTVE/transcriptions/speaker003/speaker003_0407.txt,5,utf-8
2158,LIP-RTVE,speaker003_0408,85,../data/LIP-RTVE/WAVs/speaker003/speaker003_0408.wav,../data/LIP-RTVE/ROIs/speaker003/speaker003_0408.npz,../data/LIP-RTVE/transcriptions/speaker003/speaker003_0408.txt,5,utf-8
2159,LIP-RTVE,speaker003_0409,218,../data/LIP-RTVE/WAVs/speaker003/speaker003_0409.wav,../data/LIP-RTVE/ROIs/speaker003/speaker003_0409.npz,../data/LIP-RTVE/transcriptions/speaker003/speaker003_0409.txt,5,utf-8
2160,LIP-RTVE,speaker003_0410,133,../data/LIP-RTVE/WAVs/speaker003/speaker003_0410.wav,../data/LIP-RTVE/ROIs/speaker003/speaker003_0410.npz,../data/LIP-RTVE/transcriptions/speaker003/speaker003_0410.txt,5,utf-8
2161,LIP-RTVE,speaker003_0412,55,../data/LIP-RTVE/WAVs/speaker003/speaker003_0412.wav,../data/LIP-RTVE/ROIs/speaker003/speaker003_0412.npz,../data/LIP-RTVE/transcriptions/speaker003/speaker003_0412.txt,5,utf-8
2162,LIP-RTVE,speaker003_0413,187,../data/LIP-RTVE/WAVs/speaker003/speaker003_0413.wav,../data/LIP-RTVE/ROIs/speaker003/speaker003_0413.npz,../data/LIP-RTVE/transcriptions/speaker003/speaker003_0413.txt,5,utf-8
2163,LIP-RTVE,speaker003_0416,155,../data/LIP-RTVE/WAVs/speaker003/speaker003_0416.wav,../data/LIP-RTVE/ROIs/speaker003/speaker003_0416.npz,../data/LIP-RTVE/transcriptions/speaker003/speaker003_0416.txt,5,utf-8
2164,LIP-RTVE,speaker003_0417,34,../data/LIP-RTVE/WAVs/speaker003/speaker003_0417.wav,../data/LIP-RTVE/ROIs/speaker003/speaker003_0417.npz,../data/LIP-RTVE/transcriptions/speaker003/speaker003_0417.txt,5,utf-8
2165,LIP-RTVE,speaker003_0418,220,../data/LIP-RTVE/WAVs/speaker003/speaker003_0418.wav,../data/LIP-RTVE/ROIs/speaker003/speaker003_0418.npz,../data/LIP-RTVE/transcriptions/speaker003/speaker003_0418.txt,5,utf-8
2166,LIP-RTVE,speaker003_0419,103,../data/LIP-RTVE/WAVs/speaker003/speaker003_0419.wav,../data/LIP-RTVE/ROIs/speaker003/speaker003_0419.npz,../data/LIP-RTVE/transcriptions/speaker003/speaker003_0419.txt,5,utf-8
2167,LIP-RTVE,speaker003_0421,32,../data/LIP-RTVE/WAVs/speaker003/speaker003_0421.wav,../data/LIP-RTVE/ROIs/speaker003/speaker003_0421.npz,../data/LIP-RTVE/transcriptions/speaker003/speaker003_0421.txt,5,utf-8
2168,LIP-RTVE,speaker003_0422,176,../data/LIP-RTVE/WAVs/speaker003/speaker003_0422.wav,../data/LIP-RTVE/ROIs/speaker003/speaker003_0422.npz,../data/LIP-RTVE/transcriptions/speaker003/speaker003_0422.txt,5,utf-8
2169,LIP-RTVE,speaker003_0424,184,../data/LIP-RTVE/WAVs/speaker003/speaker003_0424.wav,../data/LIP-RTVE/ROIs/speaker003/speaker003_0424.npz,../data/LIP-RTVE/transcriptions/speaker003/speaker003_0424.txt,5,utf-8
2170,LIP-RTVE,speaker003_0425,207,../data/LIP-RTVE/WAVs/speaker003/speaker003_0425.wav,../data/LIP-RTVE/ROIs/speaker003/speaker003_0425.npz,../data/LIP-RTVE/transcriptions/speaker003/speaker003_0425.txt,5,utf-8
2171,LIP-RTVE,speaker003_0426,95,../data/LIP-RTVE/WAVs/speaker003/speaker003_0426.wav,../data/LIP-RTVE/ROIs/speaker003/speaker003_0426.npz,../data/LIP-RTVE/transcriptions/speaker003/speaker003_0426.txt,5,utf-8
2172,LIP-RTVE,speaker003_0427,90,../data/LIP-RTVE/WAVs/speaker003/speaker003_0427.wav,../data/LIP-RTVE/ROIs/speaker003/speaker003_0427.npz,../data/LIP-RTVE/transcriptions/speaker003/speaker003_0427.txt,5,utf-8
2173,LIP-RTVE,speaker003_0429,29,../data/LIP-RTVE/WAVs/speaker003/speaker003_0429.wav,../data/LIP-RTVE/ROIs/speaker003/speaker003_0429.npz,../data/LIP-RTVE/transcriptions/speaker003/speaker003_0429.txt,5,utf-8
2174,LIP-RTVE,speaker003_0430,157,../data/LIP-RTVE/WAVs/speaker003/speaker003_0430.wav,../data/LIP-RTVE/ROIs/speaker003/speaker003_0430.npz,../data/LIP-RTVE/transcriptions/speaker003/speaker003_0430.txt,5,utf-8
2175,LIP-RTVE,speaker003_0435,224,../data/LIP-RTVE/WAVs/speaker003/speaker003_0435.wav,../data/LIP-RTVE/ROIs/speaker003/speaker003_0435.npz,../data/LIP-RTVE/transcriptions/speaker003/speaker003_0435.txt,5,utf-8
2176,LIP-RTVE,speaker003_0436,45,../data/LIP-RTVE/WAVs/speaker003/speaker003_0436.wav,../data/LIP-RTVE/ROIs/speaker003/speaker003_0436.npz,../data/LIP-RTVE/transcriptions/speaker003/speaker003_0436.txt,5,utf-8
2177,LIP-RTVE,speaker003_0438,47,../data/LIP-RTVE/WAVs/speaker003/speaker003_0438.wav,../data/LIP-RTVE/ROIs/speaker003/speaker003_0438.npz,../data/LIP-RTVE/transcriptions/speaker003/speaker003_0438.txt,5,utf-8
2178,LIP-RTVE,speaker003_0439,39,../data/LIP-RTVE/WAVs/speaker003/speaker003_0439.wav,../data/LIP-RTVE/ROIs/speaker003/speaker003_0439.npz,../data/LIP-RTVE/transcriptions/speaker003/speaker003_0439.txt,5,utf-8
2179,LIP-RTVE,speaker003_0440,221,../data/LIP-RTVE/WAVs/speaker003/speaker003_0440.wav,../data/LIP-RTVE/ROIs/speaker003/speaker003_0440.npz,../data/LIP-RTVE/transcriptions/speaker003/speaker003_0440.txt,5,utf-8
2180,LIP-RTVE,speaker003_0441,62,../data/LIP-RTVE/WAVs/speaker003/speaker003_0441.wav,../data/LIP-RTVE/ROIs/speaker003/speaker003_0441.npz,../data/LIP-RTVE/transcriptions/speaker003/speaker003_0441.txt,5,utf-8
2181,LIP-RTVE,speaker003_0442,166,../data/LIP-RTVE/WAVs/speaker003/speaker003_0442.wav,../data/LIP-RTVE/ROIs/speaker003/speaker003_0442.npz,../data/LIP-RTVE/transcriptions/speaker003/speaker003_0442.txt,5,utf-8
2182,LIP-RTVE,speaker003_0444,101,../data/LIP-RTVE/WAVs/speaker003/speaker003_0444.wav,../data/LIP-RTVE/ROIs/speaker003/speaker003_0444.npz,../data/LIP-RTVE/transcriptions/speaker003/speaker003_0444.txt,5,utf-8
2183,LIP-RTVE,speaker003_0445,38,../data/LIP-RTVE/WAVs/speaker003/speaker003_0445.wav,../data/LIP-RTVE/ROIs/speaker003/speaker003_0445.npz,../data/LIP-RTVE/transcriptions/speaker003/speaker003_0445.txt,5,utf-8
2184,LIP-RTVE,speaker003_0447,122,../data/LIP-RTVE/WAVs/speaker003/speaker003_0447.wav,../data/LIP-RTVE/ROIs/speaker003/speaker003_0447.npz,../data/LIP-RTVE/transcriptions/speaker003/speaker003_0447.txt,5,utf-8
2185,LIP-RTVE,speaker003_0449,145,../data/LIP-RTVE/WAVs/speaker003/speaker003_0449.wav,../data/LIP-RTVE/ROIs/speaker003/speaker003_0449.npz,../data/LIP-RTVE/transcriptions/speaker003/speaker003_0449.txt,5,utf-8
2186,LIP-RTVE,speaker003_0450,144,../data/LIP-RTVE/WAVs/speaker003/speaker003_0450.wav,../data/LIP-RTVE/ROIs/speaker003/speaker003_0450.npz,../data/LIP-RTVE/transcriptions/speaker003/speaker003_0450.txt,5,utf-8
2187,LIP-RTVE,speaker003_0453,78,../data/LIP-RTVE/WAVs/speaker003/speaker003_0453.wav,../data/LIP-RTVE/ROIs/speaker003/speaker003_0453.npz,../data/LIP-RTVE/transcriptions/speaker003/speaker003_0453.txt,5,utf-8
2188,LIP-RTVE,speaker003_0455,223,../data/LIP-RTVE/WAVs/speaker003/speaker003_0455.wav,../data/LIP-RTVE/ROIs/speaker003/speaker003_0455.npz,../data/LIP-RTVE/transcriptions/speaker003/speaker003_0455.txt,5,utf-8
2189,LIP-RTVE,speaker003_0456,93,../data/LIP-RTVE/WAVs/speaker003/speaker003_0456.wav,../data/LIP-RTVE/ROIs/speaker003/speaker003_0456.npz,../data/LIP-RTVE/transcriptions/speaker003/speaker003_0456.txt,5,utf-8
2190,LIP-RTVE,speaker003_0458,191,../data/LIP-RTVE/WAVs/speaker003/speaker003_0458.wav,../data/LIP-RTVE/ROIs/speaker003/speaker003_0458.npz,../data/LIP-RTVE/transcriptions/speaker003/speaker003_0458.txt,5,utf-8
2191,LIP-RTVE,speaker003_0460,45,../data/LIP-RTVE/WAVs/speaker003/speaker003_0460.wav,../data/LIP-RTVE/ROIs/speaker003/speaker003_0460.npz,../data/LIP-RTVE/transcriptions/speaker003/speaker003_0460.txt,5,utf-8
2192,LIP-RTVE,speaker003_0461,223,../data/LIP-RTVE/WAVs/speaker003/speaker003_0461.wav,../data/LIP-RTVE/ROIs/speaker003/speaker003_0461.npz,../data/LIP-RTVE/transcriptions/speaker003/speaker003_0461.txt,5,utf-8
2193,LIP-RTVE,speaker003_0462,105,../data/LIP-RTVE/WAVs/speaker003/speaker003_0462.wav,../data/LIP-RTVE/ROIs/speaker003/speaker003_0462.npz,../data/LIP-RTVE/transcriptions/speaker003/speaker003_0462.txt,5,utf-8
2194,LIP-RTVE,speaker003_0463,147,../data/LIP-RTVE/WAVs/speaker003/speaker003_0463.wav,../data/LIP-RTVE/ROIs/speaker003/speaker003_0463.npz,../data/LIP-RTVE/transcriptions/speaker003/speaker003_0463.txt,5,utf-8
2195,LIP-RTVE,speaker003_0464,235,../data/LIP-RTVE/WAVs/speaker003/speaker003_0464.wav,../data/LIP-RTVE/ROIs/speaker003/speaker003_0464.npz,../data/LIP-RTVE/transcriptions/speaker003/speaker003_0464.txt,5,utf-8
2196,LIP-RTVE,speaker003_0465,92,../data/LIP-RTVE/WAVs/speaker003/speaker003_0465.wav,../data/LIP-RTVE/ROIs/speaker003/speaker003_0465.npz,../data/LIP-RTVE/transcriptions/speaker003/speaker003_0465.txt,5,utf-8
2197,LIP-RTVE,speaker003_0467,148,../data/LIP-RTVE/WAVs/speaker003/speaker003_0467.wav,../data/LIP-RTVE/ROIs/speaker003/speaker003_0467.npz,../data/LIP-RTVE/transcriptions/speaker003/speaker003_0467.txt,5,utf-8
2198,LIP-RTVE,speaker003_0468,56,../data/LIP-RTVE/WAVs/speaker003/speaker003_0468.wav,../data/LIP-RTVE/ROIs/speaker003/speaker003_0468.npz,../data/LIP-RTVE/transcriptions/speaker003/speaker003_0468.txt,5,utf-8
2199,LIP-RTVE,speaker003_0470,55,../data/LIP-RTVE/WAVs/speaker003/speaker003_0470.wav,../data/LIP-RTVE/ROIs/speaker003/speaker003_0470.npz,../data/LIP-RTVE/transcriptions/speaker003/speaker003_0470.txt,5,utf-8
2200,LIP-RTVE,speaker003_0472,254,../data/LIP-RTVE/WAVs/speaker003/speaker003_0472.wav,../data/LIP-RTVE/ROIs/speaker003/speaker003_0472.npz,../data/LIP-RTVE/transcriptions/speaker003/speaker003_0472.txt,5,utf-8
2201,LIP-RTVE,speaker003_0473,39,../data/LIP-RTVE/WAVs/speaker003/speaker003_0473.wav,../data/LIP-RTVE/ROIs/speaker003/speaker003_0473.npz,../data/LIP-RTVE/transcriptions/speaker003/speaker003_0473.txt,5,utf-8
2202,LIP-RTVE,speaker003_0474,211,../data/LIP-RTVE/WAVs/speaker003/speaker003_0474.wav,../data/LIP-RTVE/ROIs/speaker003/speaker003_0474.npz,../data/LIP-RTVE/transcriptions/speaker003/speaker003_0474.txt,5,utf-8
2203,LIP-RTVE,speaker003_0475,118,../data/LIP-RTVE/WAVs/speaker003/speaker003_0475.wav,../data/LIP-RTVE/ROIs/speaker003/speaker003_0475.npz,../data/LIP-RTVE/transcriptions/speaker003/speaker003_0475.txt,5,utf-8
2204,LIP-RTVE,speaker003_0476,276,../data/LIP-RTVE/WAVs/speaker003/speaker003_0476.wav,../data/LIP-RTVE/ROIs/speaker003/speaker003_0476.npz,../data/LIP-RTVE/transcriptions/speaker003/speaker003_0476.txt,5,utf-8
2205,LIP-RTVE,speaker003_0477,110,../data/LIP-RTVE/WAVs/speaker003/speaker003_0477.wav,../data/LIP-RTVE/ROIs/speaker003/speaker003_0477.npz,../data/LIP-RTVE/transcriptions/speaker003/speaker003_0477.txt,5,utf-8
2206,LIP-RTVE,speaker003_0478,65,../data/LIP-RTVE/WAVs/speaker003/speaker003_0478.wav,../data/LIP-RTVE/ROIs/speaker003/speaker003_0478.npz,../data/LIP-RTVE/transcriptions/speaker003/speaker003_0478.txt,5,utf-8
2207,LIP-RTVE,speaker003_0480,74,../data/LIP-RTVE/WAVs/speaker003/speaker003_0480.wav,../data/LIP-RTVE/ROIs/speaker003/speaker003_0480.npz,../data/LIP-RTVE/transcriptions/speaker003/speaker003_0480.txt,5,utf-8
2208,LIP-RTVE,speaker003_0481,254,../data/LIP-RTVE/WAVs/speaker003/speaker003_0481.wav,../data/LIP-RTVE/ROIs/speaker003/speaker003_0481.npz,../data/LIP-RTVE/transcriptions/speaker003/speaker003_0481.txt,5,utf-8
2209,LIP-RTVE,speaker003_0483,44,../data/LIP-RTVE/WAVs/speaker003/speaker003_0483.wav,../data/LIP-RTVE/ROIs/speaker003/speaker003_0483.npz,../data/LIP-RTVE/transcriptions/speaker003/speaker003_0483.txt,5,utf-8
2210,LIP-RTVE,speaker003_0484,138,../data/LIP-RTVE/WAVs/speaker003/speaker003_0484.wav,../data/LIP-RTVE/ROIs/speaker003/speaker003_0484.npz,../data/LIP-RTVE/transcriptions/speaker003/speaker003_0484.txt,5,utf-8
2211,LIP-RTVE,speaker003_0485,130,../data/LIP-RTVE/WAVs/speaker003/speaker003_0485.wav,../data/LIP-RTVE/ROIs/speaker003/speaker003_0485.npz,../data/LIP-RTVE/transcriptions/speaker003/speaker003_0485.txt,5,utf-8
2212,LIP-RTVE,speaker003_0493,172,../data/LIP-RTVE/WAVs/speaker003/speaker003_0493.wav,../data/LIP-RTVE/ROIs/speaker003/speaker003_0493.npz,../data/LIP-RTVE/transcriptions/speaker003/speaker003_0493.txt,5,utf-8
2213,LIP-RTVE,speaker003_0494,58,../data/LIP-RTVE/WAVs/speaker003/speaker003_0494.wav,../data/LIP-RTVE/ROIs/speaker003/speaker003_0494.npz,../data/LIP-RTVE/transcriptions/speaker003/speaker003_0494.txt,5,utf-8
2214,LIP-RTVE,speaker003_0495,110,../data/LIP-RTVE/WAVs/speaker003/speaker003_0495.wav,../data/LIP-RTVE/ROIs/speaker003/speaker003_0495.npz,../data/LIP-RTVE/transcriptions/speaker003/speaker003_0495.txt,5,utf-8
2215,LIP-RTVE,speaker003_0496,229,../data/LIP-RTVE/WAVs/speaker003/speaker003_0496.wav,../data/LIP-RTVE/ROIs/speaker003/speaker003_0496.npz,../data/LIP-RTVE/transcriptions/speaker003/speaker003_0496.txt,5,utf-8
2216,LIP-RTVE,speaker003_0497,125,../data/LIP-RTVE/WAVs/speaker003/speaker003_0497.wav,../data/LIP-RTVE/ROIs/speaker003/speaker003_0497.npz,../data/LIP-RTVE/transcriptions/speaker003/speaker003_0497.txt,5,utf-8
2217,LIP-RTVE,speaker004_0001,196,../data/LIP-RTVE/WAVs/speaker004/speaker004_0001.wav,../data/LIP-RTVE/ROIs/speaker004/speaker004_0001.npz,../data/LIP-RTVE/transcriptions/speaker004/speaker004_0001.txt,5,utf-8
2218,LIP-RTVE,speaker004_0002,189,../data/LIP-RTVE/WAVs/speaker004/speaker004_0002.wav,../data/LIP-RTVE/ROIs/speaker004/speaker004_0002.npz,../data/LIP-RTVE/transcriptions/speaker004/speaker004_0002.txt,5,utf-8
2219,LIP-RTVE,speaker004_0003,323,../data/LIP-RTVE/WAVs/speaker004/speaker004_0003.wav,../data/LIP-RTVE/ROIs/speaker004/speaker004_0003.npz,../data/LIP-RTVE/transcriptions/speaker004/speaker004_0003.txt,5,utf-8
2220,LIP-RTVE,speaker004_0004,75,../data/LIP-RTVE/WAVs/speaker004/speaker004_0004.wav,../data/LIP-RTVE/ROIs/speaker004/speaker004_0004.npz,../data/LIP-RTVE/transcriptions/speaker004/speaker004_0004.txt,5,utf-8
2221,LIP-RTVE,speaker004_0005,212,../data/LIP-RTVE/WAVs/speaker004/speaker004_0005.wav,../data/LIP-RTVE/ROIs/speaker004/speaker004_0005.npz,../data/LIP-RTVE/transcriptions/speaker004/speaker004_0005.txt,5,utf-8
2222,LIP-RTVE,speaker004_0006,183,../data/LIP-RTVE/WAVs/speaker004/speaker004_0006.wav,../data/LIP-RTVE/ROIs/speaker004/speaker004_0006.npz,../data/LIP-RTVE/transcriptions/speaker004/speaker004_0006.txt,5,utf-8
2223,LIP-RTVE,speaker004_0008,61,../data/LIP-RTVE/WAVs/speaker004/speaker004_0008.wav,../data/LIP-RTVE/ROIs/speaker004/speaker004_0008.npz,../data/LIP-RTVE/transcriptions/speaker004/speaker004_0008.txt,5,utf-8
2224,LIP-RTVE,speaker004_0011,105,../data/LIP-RTVE/WAVs/speaker004/speaker004_0011.wav,../data/LIP-RTVE/ROIs/speaker004/speaker004_0011.npz,../data/LIP-RTVE/transcriptions/speaker004/speaker004_0011.txt,5,utf-8
2225,LIP-RTVE,speaker004_0012,137,../data/LIP-RTVE/WAVs/speaker004/speaker004_0012.wav,../data/LIP-RTVE/ROIs/speaker004/speaker004_0012.npz,../data/LIP-RTVE/transcriptions/speaker004/speaker004_0012.txt,5,utf-8
2226,LIP-RTVE,speaker004_0014,26,../data/LIP-RTVE/WAVs/speaker004/speaker004_0014.wav,../data/LIP-RTVE/ROIs/speaker004/speaker004_0014.npz,../data/LIP-RTVE/transcriptions/speaker004/speaker004_0014.txt,5,utf-8
2227,LIP-RTVE,speaker004_0016,52,../data/LIP-RTVE/WAVs/speaker004/speaker004_0016.wav,../data/LIP-RTVE/ROIs/speaker004/speaker004_0016.npz,../data/LIP-RTVE/transcriptions/speaker004/speaker004_0016.txt,5,utf-8
2228,LIP-RTVE,speaker004_0018,164,../data/LIP-RTVE/WAVs/speaker004/speaker004_0018.wav,../data/LIP-RTVE/ROIs/speaker004/speaker004_0018.npz,../data/LIP-RTVE/transcriptions/speaker004/speaker004_0018.txt,5,utf-8
2229,LIP-RTVE,speaker004_0019,26,../data/LIP-RTVE/WAVs/speaker004/speaker004_0019.wav,../data/LIP-RTVE/ROIs/speaker004/speaker004_0019.npz,../data/LIP-RTVE/transcriptions/speaker004/speaker004_0019.txt,5,utf-8
2230,LIP-RTVE,speaker004_0023,128,../data/LIP-RTVE/WAVs/speaker004/speaker004_0023.wav,../data/LIP-RTVE/ROIs/speaker004/speaker004_0023.npz,../data/LIP-RTVE/transcriptions/speaker004/speaker004_0023.txt,5,utf-8
2231,LIP-RTVE,speaker004_0024,36,../data/LIP-RTVE/WAVs/speaker004/speaker004_0024.wav,../data/LIP-RTVE/ROIs/speaker004/speaker004_0024.npz,../data/LIP-RTVE/transcriptions/speaker004/speaker004_0024.txt,5,utf-8
2232,LIP-RTVE,speaker004_0025,203,../data/LIP-RTVE/WAVs/speaker004/speaker004_0025.wav,../data/LIP-RTVE/ROIs/speaker004/speaker004_0025.npz,../data/LIP-RTVE/transcriptions/speaker004/speaker004_0025.txt,5,utf-8
2233,LIP-RTVE,speaker004_0026,125,../data/LIP-RTVE/WAVs/speaker004/speaker004_0026.wav,../data/LIP-RTVE/ROIs/speaker004/speaker004_0026.npz,../data/LIP-RTVE/transcriptions/speaker004/speaker004_0026.txt,5,utf-8
2234,LIP-RTVE,speaker004_0027,70,../data/LIP-RTVE/WAVs/speaker004/speaker004_0027.wav,../data/LIP-RTVE/ROIs/speaker004/speaker004_0027.npz,../data/LIP-RTVE/transcriptions/speaker004/speaker004_0027.txt,5,utf-8
2235,LIP-RTVE,speaker004_0029,48,../data/LIP-RTVE/WAVs/speaker004/speaker004_0029.wav,../data/LIP-RTVE/ROIs/speaker004/speaker004_0029.npz,../data/LIP-RTVE/transcriptions/speaker004/speaker004_0029.txt,5,utf-8
2236,LIP-RTVE,speaker004_0031,107,../data/LIP-RTVE/WAVs/speaker004/speaker004_0031.wav,../data/LIP-RTVE/ROIs/speaker004/speaker004_0031.npz,../data/LIP-RTVE/transcriptions/speaker004/speaker004_0031.txt,5,utf-8
2237,LIP-RTVE,speaker004_0033,79,../data/LIP-RTVE/WAVs/speaker004/speaker004_0033.wav,../data/LIP-RTVE/ROIs/speaker004/speaker004_0033.npz,../data/LIP-RTVE/transcriptions/speaker004/speaker004_0033.txt,5,utf-8
2238,LIP-RTVE,speaker004_0034,36,../data/LIP-RTVE/WAVs/speaker004/speaker004_0034.wav,../data/LIP-RTVE/ROIs/speaker004/speaker004_0034.npz,../data/LIP-RTVE/transcriptions/speaker004/speaker004_0034.txt,5,utf-8
2239,LIP-RTVE,speaker004_0035,74,../data/LIP-RTVE/WAVs/speaker004/speaker004_0035.wav,../data/LIP-RTVE/ROIs/speaker004/speaker004_0035.npz,../data/LIP-RTVE/transcriptions/speaker004/speaker004_0035.txt,5,utf-8
2240,LIP-RTVE,speaker004_0036,94,../data/LIP-RTVE/WAVs/speaker004/speaker004_0036.wav,../data/LIP-RTVE/ROIs/speaker004/speaker004_0036.npz,../data/LIP-RTVE/transcriptions/speaker004/speaker004_0036.txt,5,utf-8
2241,LIP-RTVE,speaker004_0037,145,../data/LIP-RTVE/WAVs/speaker004/speaker004_0037.wav,../data/LIP-RTVE/ROIs/speaker004/speaker004_0037.npz,../data/LIP-RTVE/transcriptions/speaker004/speaker004_0037.txt,5,utf-8
2242,LIP-RTVE,speaker004_0039,142,../data/LIP-RTVE/WAVs/speaker004/speaker004_0039.wav,../data/LIP-RTVE/ROIs/speaker004/speaker004_0039.npz,../data/LIP-RTVE/transcriptions/speaker004/speaker004_0039.txt,5,utf-8
2243,LIP-RTVE,speaker004_0040,151,../data/LIP-RTVE/WAVs/speaker004/speaker004_0040.wav,../data/LIP-RTVE/ROIs/speaker004/speaker004_0040.npz,../data/LIP-RTVE/transcriptions/speaker004/speaker004_0040.txt,5,utf-8
2244,LIP-RTVE,speaker004_0041,94,../data/LIP-RTVE/WAVs/speaker004/speaker004_0041.wav,../data/LIP-RTVE/ROIs/speaker004/speaker004_0041.npz,../data/LIP-RTVE/transcriptions/speaker004/speaker004_0041.txt,5,utf-8
2245,LIP-RTVE,speaker004_0043,106,../data/LIP-RTVE/WAVs/speaker004/speaker004_0043.wav,../data/LIP-RTVE/ROIs/speaker004/speaker004_0043.npz,../data/LIP-RTVE/transcriptions/speaker004/speaker004_0043.txt,5,utf-8
2246,LIP-RTVE,speaker004_0044,228,../data/LIP-RTVE/WAVs/speaker004/speaker004_0044.wav,../data/LIP-RTVE/ROIs/speaker004/speaker004_0044.npz,../data/LIP-RTVE/transcriptions/speaker004/speaker004_0044.txt,5,utf-8
2247,LIP-RTVE,speaker004_0045,265,../data/LIP-RTVE/WAVs/speaker004/speaker004_0045.wav,../data/LIP-RTVE/ROIs/speaker004/speaker004_0045.npz,../data/LIP-RTVE/transcriptions/speaker004/speaker004_0045.txt,5,utf-8
2248,LIP-RTVE,speaker004_0046,51,../data/LIP-RTVE/WAVs/speaker004/speaker004_0046.wav,../data/LIP-RTVE/ROIs/speaker004/speaker004_0046.npz,../data/LIP-RTVE/transcriptions/speaker004/speaker004_0046.txt,5,utf-8
2249,LIP-RTVE,speaker004_0047,103,../data/LIP-RTVE/WAVs/speaker004/speaker004_0047.wav,../data/LIP-RTVE/ROIs/speaker004/speaker004_0047.npz,../data/LIP-RTVE/transcriptions/speaker004/speaker004_0047.txt,5,utf-8
2250,LIP-RTVE,speaker004_0048,167,../data/LIP-RTVE/WAVs/speaker004/speaker004_0048.wav,../data/LIP-RTVE/ROIs/speaker004/speaker004_0048.npz,../data/LIP-RTVE/transcriptions/speaker004/speaker004_0048.txt,5,utf-8
2251,LIP-RTVE,speaker004_0051,194,../data/LIP-RTVE/WAVs/speaker004/speaker004_0051.wav,../data/LIP-RTVE/ROIs/speaker004/speaker004_0051.npz,../data/LIP-RTVE/transcriptions/speaker004/speaker004_0051.txt,5,utf-8
2252,LIP-RTVE,speaker004_0052,102,../data/LIP-RTVE/WAVs/speaker004/speaker004_0052.wav,../data/LIP-RTVE/ROIs/speaker004/speaker004_0052.npz,../data/LIP-RTVE/transcriptions/speaker004/speaker004_0052.txt,5,utf-8
2253,LIP-RTVE,speaker004_0053,129,../data/LIP-RTVE/WAVs/speaker004/speaker004_0053.wav,../data/LIP-RTVE/ROIs/speaker004/speaker004_0053.npz,../data/LIP-RTVE/transcriptions/speaker004/speaker004_0053.txt,5,utf-8
2254,LIP-RTVE,speaker004_0054,112,../data/LIP-RTVE/WAVs/speaker004/speaker004_0054.wav,../data/LIP-RTVE/ROIs/speaker004/speaker004_0054.npz,../data/LIP-RTVE/transcriptions/speaker004/speaker004_0054.txt,5,utf-8
2255,LIP-RTVE,speaker004_0057,51,../data/LIP-RTVE/WAVs/speaker004/speaker004_0057.wav,../data/LIP-RTVE/ROIs/speaker004/speaker004_0057.npz,../data/LIP-RTVE/transcriptions/speaker004/speaker004_0057.txt,5,utf-8
2256,LIP-RTVE,speaker005_0000,26,../data/LIP-RTVE/WAVs/speaker005/speaker005_0000.wav,../data/LIP-RTVE/ROIs/speaker005/speaker005_0000.npz,../data/LIP-RTVE/transcriptions/speaker005/speaker005_0000.txt,5,utf-8
2257,LIP-RTVE,speaker005_0001,279,../data/LIP-RTVE/WAVs/speaker005/speaker005_0001.wav,../data/LIP-RTVE/ROIs/speaker005/speaker005_0001.npz,../data/LIP-RTVE/transcriptions/speaker005/speaker005_0001.txt,5,utf-8
2258,LIP-RTVE,speaker005_0002,42,../data/LIP-RTVE/WAVs/speaker005/speaker005_0002.wav,../data/LIP-RTVE/ROIs/speaker005/speaker005_0002.npz,../data/LIP-RTVE/transcriptions/speaker005/speaker005_0002.txt,5,utf-8
2259,LIP-RTVE,speaker005_0004,58,../data/LIP-RTVE/WAVs/speaker005/speaker005_0004.wav,../data/LIP-RTVE/ROIs/speaker005/speaker005_0004.npz,../data/LIP-RTVE/transcriptions/speaker005/speaker005_0004.txt,5,utf-8
2260,LIP-RTVE,speaker005_0007,129,../data/LIP-RTVE/WAVs/speaker005/speaker005_0007.wav,../data/LIP-RTVE/ROIs/speaker005/speaker005_0007.npz,../data/LIP-RTVE/transcriptions/speaker005/speaker005_0007.txt,5,utf-8
2261,LIP-RTVE,speaker005_0008,174,../data/LIP-RTVE/WAVs/speaker005/speaker005_0008.wav,../data/LIP-RTVE/ROIs/speaker005/speaker005_0008.npz,../data/LIP-RTVE/transcriptions/speaker005/speaker005_0008.txt,5,utf-8
2262,LIP-RTVE,speaker005_0009,115,../data/LIP-RTVE/WAVs/speaker005/speaker005_0009.wav,../data/LIP-RTVE/ROIs/speaker005/speaker005_0009.npz,../data/LIP-RTVE/transcriptions/speaker005/speaker005_0009.txt,5,utf-8
2263,LIP-RTVE,speaker005_0010,76,../data/LIP-RTVE/WAVs/speaker005/speaker005_0010.wav,../data/LIP-RTVE/ROIs/speaker005/speaker005_0010.npz,../data/LIP-RTVE/transcriptions/speaker005/speaker005_0010.txt,5,utf-8
2264,LIP-RTVE,speaker005_0011,84,../data/LIP-RTVE/WAVs/speaker005/speaker005_0011.wav,../data/LIP-RTVE/ROIs/speaker005/speaker005_0011.npz,../data/LIP-RTVE/transcriptions/speaker005/speaker005_0011.txt,5,utf-8
2265,LIP-RTVE,speaker005_0012,28,../data/LIP-RTVE/WAVs/speaker005/speaker005_0012.wav,../data/LIP-RTVE/ROIs/speaker005/speaker005_0012.npz,../data/LIP-RTVE/transcriptions/speaker005/speaker005_0012.txt,5,utf-8
2266,LIP-RTVE,speaker005_0013,116,../data/LIP-RTVE/WAVs/speaker005/speaker005_0013.wav,../data/LIP-RTVE/ROIs/speaker005/speaker005_0013.npz,../data/LIP-RTVE/transcriptions/speaker005/speaker005_0013.txt,5,utf-8
2267,LIP-RTVE,speaker005_0016,207,../data/LIP-RTVE/WAVs/speaker005/speaker005_0016.wav,../data/LIP-RTVE/ROIs/speaker005/speaker005_0016.npz,../data/LIP-RTVE/transcriptions/speaker005/speaker005_0016.txt,5,utf-8
2268,LIP-RTVE,speaker005_0017,162,../data/LIP-RTVE/WAVs/speaker005/speaker005_0017.wav,../data/LIP-RTVE/ROIs/speaker005/speaker005_0017.npz,../data/LIP-RTVE/transcriptions/speaker005/speaker005_0017.txt,5,utf-8
2269,LIP-RTVE,speaker005_0018,82,../data/LIP-RTVE/WAVs/speaker005/speaker005_0018.wav,../data/LIP-RTVE/ROIs/speaker005/speaker005_0018.npz,../data/LIP-RTVE/transcriptions/speaker005/speaker005_0018.txt,5,utf-8
2270,LIP-RTVE,speaker005_0020,141,../data/LIP-RTVE/WAVs/speaker005/speaker005_0020.wav,../data/LIP-RTVE/ROIs/speaker005/speaker005_0020.npz,../data/LIP-RTVE/transcriptions/speaker005/speaker005_0020.txt,5,utf-8
2271,LIP-RTVE,speaker005_0021,138,../data/LIP-RTVE/WAVs/speaker005/speaker005_0021.wav,../data/LIP-RTVE/ROIs/speaker005/speaker005_0021.npz,../data/LIP-RTVE/transcriptions/speaker005/speaker005_0021.txt,5,utf-8
2272,LIP-RTVE,speaker005_0022,78,../data/LIP-RTVE/WAVs/speaker005/speaker005_0022.wav,../data/LIP-RTVE/ROIs/speaker005/speaker005_0022.npz,../data/LIP-RTVE/transcriptions/speaker005/speaker005_0022.txt,5,utf-8
2273,LIP-RTVE,speaker005_0023,146,../data/LIP-RTVE/WAVs/speaker005/speaker005_0023.wav,../data/LIP-RTVE/ROIs/speaker005/speaker005_0023.npz,../data/LIP-RTVE/transcriptions/speaker005/speaker005_0023.txt,5,utf-8
2274,LIP-RTVE,speaker005_0024,192,../data/LIP-RTVE/WAVs/speaker005/speaker005_0024.wav,../data/LIP-RTVE/ROIs/speaker005/speaker005_0024.npz,../data/LIP-RTVE/transcriptions/speaker005/speaker005_0024.txt,5,utf-8
2275,LIP-RTVE,speaker005_0025,127,../data/LIP-RTVE/WAVs/speaker005/speaker005_0025.wav,../data/LIP-RTVE/ROIs/speaker005/speaker005_0025.npz,../data/LIP-RTVE/transcriptions/speaker005/speaker005_0025.txt,5,utf-8
2276,LIP-RTVE,speaker005_0026,104,../data/LIP-RTVE/WAVs/speaker005/speaker005_0026.wav,../data/LIP-RTVE/ROIs/speaker005/speaker005_0026.npz,../data/LIP-RTVE/transcriptions/speaker005/speaker005_0026.txt,5,utf-8
2277,LIP-RTVE,speaker005_0027,42,../data/LIP-RTVE/WAVs/speaker005/speaker005_0027.wav,../data/LIP-RTVE/ROIs/speaker005/speaker005_0027.npz,../data/LIP-RTVE/transcriptions/speaker005/speaker005_0027.txt,5,utf-8
2278,LIP-RTVE,speaker005_0028,90,../data/LIP-RTVE/WAVs/speaker005/speaker005_0028.wav,../data/LIP-RTVE/ROIs/speaker005/speaker005_0028.npz,../data/LIP-RTVE/transcriptions/speaker005/speaker005_0028.txt,5,utf-8
2279,LIP-RTVE,speaker005_0029,135,../data/LIP-RTVE/WAVs/speaker005/speaker005_0029.wav,../data/LIP-RTVE/ROIs/speaker005/speaker005_0029.npz,../data/LIP-RTVE/transcriptions/speaker005/speaker005_0029.txt,5,utf-8
2280,LIP-RTVE,speaker005_0030,185,../data/LIP-RTVE/WAVs/speaker005/speaker005_0030.wav,../data/LIP-RTVE/ROIs/speaker005/speaker005_0030.npz,../data/LIP-RTVE/transcriptions/speaker005/speaker005_0030.txt,5,utf-8
2281,LIP-RTVE,speaker005_0032,81,../data/LIP-RTVE/WAVs/speaker005/speaker005_0032.wav,../data/LIP-RTVE/ROIs/speaker005/speaker005_0032.npz,../data/LIP-RTVE/transcriptions/speaker005/speaker005_0032.txt,5,utf-8
2282,LIP-RTVE,speaker005_0033,71,../data/LIP-RTVE/WAVs/speaker005/speaker005_0033.wav,../data/LIP-RTVE/ROIs/speaker005/speaker005_0033.npz,../data/LIP-RTVE/transcriptions/speaker005/speaker005_0033.txt,5,utf-8
2283,LIP-RTVE,speaker005_0035,114,../data/LIP-RTVE/WAVs/speaker005/speaker005_0035.wav,../data/LIP-RTVE/ROIs/speaker005/speaker005_0035.npz,../data/LIP-RTVE/transcriptions/speaker005/speaker005_0035.txt,5,utf-8
2284,LIP-RTVE,speaker005_0036,29,../data/LIP-RTVE/WAVs/speaker005/speaker005_0036.wav,../data/LIP-RTVE/ROIs/speaker005/speaker005_0036.npz,../data/LIP-RTVE/transcriptions/speaker005/speaker005_0036.txt,5,utf-8
2285,LIP-RTVE,speaker005_0039,187,../data/LIP-RTVE/WAVs/speaker005/speaker005_0039.wav,../data/LIP-RTVE/ROIs/speaker005/speaker005_0039.npz,../data/LIP-RTVE/transcriptions/speaker005/speaker005_0039.txt,5,utf-8
2286,LIP-RTVE,speaker005_0041,146,../data/LIP-RTVE/WAVs/speaker005/speaker005_0041.wav,../data/LIP-RTVE/ROIs/speaker005/speaker005_0041.npz,../data/LIP-RTVE/transcriptions/speaker005/speaker005_0041.txt,5,utf-8
2287,LIP-RTVE,speaker005_0043,132,../data/LIP-RTVE/WAVs/speaker005/speaker005_0043.wav,../data/LIP-RTVE/ROIs/speaker005/speaker005_0043.npz,../data/LIP-RTVE/transcriptions/speaker005/speaker005_0043.txt,5,utf-8
2288,LIP-RTVE,speaker005_0046,202,../data/LIP-RTVE/WAVs/speaker005/speaker005_0046.wav,../data/LIP-RTVE/ROIs/speaker005/speaker005_0046.npz,../data/LIP-RTVE/transcriptions/speaker005/speaker005_0046.txt,5,utf-8
2289,LIP-RTVE,speaker006_0000,219,../data/LIP-RTVE/WAVs/speaker006/speaker006_0000.wav,../data/LIP-RTVE/ROIs/speaker006/speaker006_0000.npz,../data/LIP-RTVE/transcriptions/speaker006/speaker006_0000.txt,5,utf-8
2290,LIP-RTVE,speaker006_0001,381,../data/LIP-RTVE/WAVs/speaker006/speaker006_0001.wav,../data/LIP-RTVE/ROIs/speaker006/speaker006_0001.npz,../data/LIP-RTVE/transcriptions/speaker006/speaker006_0001.txt,5,utf-8
2291,LIP-RTVE,speaker006_0002,160,../data/LIP-RTVE/WAVs/speaker006/speaker006_0002.wav,../data/LIP-RTVE/ROIs/speaker006/speaker006_0002.npz,../data/LIP-RTVE/transcriptions/speaker006/speaker006_0002.txt,5,utf-8
2292,LIP-RTVE,speaker006_0004,36,../data/LIP-RTVE/WAVs/speaker006/speaker006_0004.wav,../data/LIP-RTVE/ROIs/speaker006/speaker006_0004.npz,../data/LIP-RTVE/transcriptions/speaker006/speaker006_0004.txt,5,utf-8
2293,LIP-RTVE,speaker006_0005,218,../data/LIP-RTVE/WAVs/speaker006/speaker006_0005.wav,../data/LIP-RTVE/ROIs/speaker006/speaker006_0005.npz,../data/LIP-RTVE/transcriptions/speaker006/speaker006_0005.txt,5,utf-8
2294,LIP-RTVE,speaker006_0006,85,../data/LIP-RTVE/WAVs/speaker006/speaker006_0006.wav,../data/LIP-RTVE/ROIs/speaker006/speaker006_0006.npz,../data/LIP-RTVE/transcriptions/speaker006/speaker006_0006.txt,5,utf-8
2295,LIP-RTVE,speaker006_0007,163,../data/LIP-RTVE/WAVs/speaker006/speaker006_0007.wav,../data/LIP-RTVE/ROIs/speaker006/speaker006_0007.npz,../data/LIP-RTVE/transcriptions/speaker006/speaker006_0007.txt,5,utf-8
2296,LIP-RTVE,speaker006_0008,78,../data/LIP-RTVE/WAVs/speaker006/speaker006_0008.wav,../data/LIP-RTVE/ROIs/speaker006/speaker006_0008.npz,../data/LIP-RTVE/transcriptions/speaker006/speaker006_0008.txt,5,utf-8
2297,LIP-RTVE,speaker006_0010,49,../data/LIP-RTVE/WAVs/speaker006/speaker006_0010.wav,../data/LIP-RTVE/ROIs/speaker006/speaker006_0010.npz,../data/LIP-RTVE/transcriptions/speaker006/speaker006_0010.txt,5,utf-8
2298,LIP-RTVE,speaker006_0011,75,../data/LIP-RTVE/WAVs/speaker006/speaker006_0011.wav,../data/LIP-RTVE/ROIs/speaker006/speaker006_0011.npz,../data/LIP-RTVE/transcriptions/speaker006/speaker006_0011.txt,5,utf-8
2299,LIP-RTVE,speaker006_0012,117,../data/LIP-RTVE/WAVs/speaker006/speaker006_0012.wav,../data/LIP-RTVE/ROIs/speaker006/speaker006_0012.npz,../data/LIP-RTVE/transcriptions/speaker006/speaker006_0012.txt,5,utf-8
2300,LIP-RTVE,speaker006_0013,52,../data/LIP-RTVE/WAVs/speaker006/speaker006_0013.wav,../data/LIP-RTVE/ROIs/speaker006/speaker006_0013.npz,../data/LIP-RTVE/transcriptions/speaker006/speaker006_0013.txt,5,utf-8
2301,LIP-RTVE,speaker006_0015,207,../data/LIP-RTVE/WAVs/speaker006/speaker006_0015.wav,../data/LIP-RTVE/ROIs/speaker006/speaker006_0015.npz,../data/LIP-RTVE/transcriptions/speaker006/speaker006_0015.txt,5,utf-8
2302,LIP-RTVE,speaker006_0016,55,../data/LIP-RTVE/WAVs/speaker006/speaker006_0016.wav,../data/LIP-RTVE/ROIs/speaker006/speaker006_0016.npz,../data/LIP-RTVE/transcriptions/speaker006/speaker006_0016.txt,5,utf-8
2303,LIP-RTVE,speaker006_0017,253,../data/LIP-RTVE/WAVs/speaker006/speaker006_0017.wav,../data/LIP-RTVE/ROIs/speaker006/speaker006_0017.npz,../data/LIP-RTVE/transcriptions/speaker006/speaker006_0017.txt,5,utf-8
2304,LIP-RTVE,speaker006_0018,93,../data/LIP-RTVE/WAVs/speaker006/speaker006_0018.wav,../data/LIP-RTVE/ROIs/speaker006/speaker006_0018.npz,../data/LIP-RTVE/transcriptions/speaker006/speaker006_0018.txt,5,utf-8
2305,LIP-RTVE,speaker006_0020,258,../data/LIP-RTVE/WAVs/speaker006/speaker006_0020.wav,../data/LIP-RTVE/ROIs/speaker006/speaker006_0020.npz,../data/LIP-RTVE/transcriptions/speaker006/speaker006_0020.txt,5,utf-8
2306,LIP-RTVE,speaker006_0022,118,../data/LIP-RTVE/WAVs/speaker006/speaker006_0022.wav,../data/LIP-RTVE/ROIs/speaker006/speaker006_0022.npz,../data/LIP-RTVE/transcriptions/speaker006/speaker006_0022.txt,5,utf-8
2307,LIP-RTVE,speaker007_0000,160,../data/LIP-RTVE/WAVs/speaker007/speaker007_0000.wav,../data/LIP-RTVE/ROIs/speaker007/speaker007_0000.npz,../data/LIP-RTVE/transcriptions/speaker007/speaker007_0000.txt,5,utf-8
2308,LIP-RTVE,speaker007_0001,301,../data/LIP-RTVE/WAVs/speaker007/speaker007_0001.wav,../data/LIP-RTVE/ROIs/speaker007/speaker007_0001.npz,../data/LIP-RTVE/transcriptions/speaker007/speaker007_0001.txt,5,utf-8
2309,LIP-RTVE,speaker007_0002,381,../data/LIP-RTVE/WAVs/speaker007/speaker007_0002.wav,../data/LIP-RTVE/ROIs/speaker007/speaker007_0002.npz,../data/LIP-RTVE/transcriptions/speaker007/speaker007_0002.txt,5,utf-8
2310,LIP-RTVE,speaker007_0004,155,../data/LIP-RTVE/WAVs/speaker007/speaker007_0004.wav,../data/LIP-RTVE/ROIs/speaker007/speaker007_0004.npz,../data/LIP-RTVE/transcriptions/speaker007/speaker007_0004.txt,5,utf-8
2311,LIP-RTVE,speaker007_0005,245,../data/LIP-RTVE/WAVs/speaker007/speaker007_0005.wav,../data/LIP-RTVE/ROIs/speaker007/speaker007_0005.npz,../data/LIP-RTVE/transcriptions/speaker007/speaker007_0005.txt,5,utf-8
2312,LIP-RTVE,speaker007_0006,231,../data/LIP-RTVE/WAVs/speaker007/speaker007_0006.wav,../data/LIP-RTVE/ROIs/speaker007/speaker007_0006.npz,../data/LIP-RTVE/transcriptions/speaker007/speaker007_0006.txt,5,utf-8
2313,LIP-RTVE,speaker007_0007,90,../data/LIP-RTVE/WAVs/speaker007/speaker007_0007.wav,../data/LIP-RTVE/ROIs/speaker007/speaker007_0007.npz,../data/LIP-RTVE/transcriptions/speaker007/speaker007_0007.txt,5,utf-8
2314,LIP-RTVE,speaker007_0008,61,../data/LIP-RTVE/WAVs/speaker007/speaker007_0008.wav,../data/LIP-RTVE/ROIs/speaker007/speaker007_0008.npz,../data/LIP-RTVE/transcriptions/speaker007/speaker007_0008.txt,5,utf-8
2315,LIP-RTVE,speaker007_0009,146,../data/LIP-RTVE/WAVs/speaker007/speaker007_0009.wav,../data/LIP-RTVE/ROIs/speaker007/speaker007_0009.npz,../data/LIP-RTVE/transcriptions/speaker007/speaker007_0009.txt,5,utf-8
2316,LIP-RTVE,speaker007_0010,76,../data/LIP-RTVE/WAVs/speaker007/speaker007_0010.wav,../data/LIP-RTVE/ROIs/speaker007/speaker007_0010.npz,../data/LIP-RTVE/transcriptions/speaker007/speaker007_0010.txt,5,utf-8
2317,LIP-RTVE,speaker007_0011,179,../data/LIP-RTVE/WAVs/speaker007/speaker007_0011.wav,../data/LIP-RTVE/ROIs/speaker007/speaker007_0011.npz,../data/LIP-RTVE/transcriptions/speaker007/speaker007_0011.txt,5,utf-8
2318,LIP-RTVE,speaker007_0015,195,../data/LIP-RTVE/WAVs/speaker007/speaker007_0015.wav,../data/LIP-RTVE/ROIs/speaker007/speaker007_0015.npz,../data/LIP-RTVE/transcriptions/speaker007/speaker007_0015.txt,5,utf-8
2319,LIP-RTVE,speaker007_0016,55,../data/LIP-RTVE/WAVs/speaker007/speaker007_0016.wav,../data/LIP-RTVE/ROIs/speaker007/speaker007_0016.npz,../data/LIP-RTVE/transcriptions/speaker007/speaker007_0016.txt,5,utf-8
2320,LIP-RTVE,speaker007_0017,102,../data/LIP-RTVE/WAVs/speaker007/speaker007_0017.wav,../data/LIP-RTVE/ROIs/speaker007/speaker007_0017.npz,../data/LIP-RTVE/transcriptions/speaker007/speaker007_0017.txt,5,utf-8
2321,LIP-RTVE,speaker007_0018,25,../data/LIP-RTVE/WAVs/speaker007/speaker007_0018.wav,../data/LIP-RTVE/ROIs/speaker007/speaker007_0018.npz,../data/LIP-RTVE/transcriptions/speaker007/speaker007_0018.txt,5,utf-8
2322,LIP-RTVE,speaker007_0019,137,../data/LIP-RTVE/WAVs/speaker007/speaker007_0019.wav,../data/LIP-RTVE/ROIs/speaker007/speaker007_0019.npz,../data/LIP-RTVE/transcriptions/speaker007/speaker007_0019.txt,5,utf-8
2323,LIP-RTVE,speaker007_0020,27,../data/LIP-RTVE/WAVs/speaker007/speaker007_0020.wav,../data/LIP-RTVE/ROIs/speaker007/speaker007_0020.npz,../data/LIP-RTVE/transcriptions/speaker007/speaker007_0020.txt,5,utf-8
2324,LIP-RTVE,speaker007_0022,91,../data/LIP-RTVE/WAVs/speaker007/speaker007_0022.wav,../data/LIP-RTVE/ROIs/speaker007/speaker007_0022.npz,../data/LIP-RTVE/transcriptions/speaker007/speaker007_0022.txt,5,utf-8
2325,LIP-RTVE,speaker007_0024,114,../data/LIP-RTVE/WAVs/speaker007/speaker007_0024.wav,../data/LIP-RTVE/ROIs/speaker007/speaker007_0024.npz,../data/LIP-RTVE/transcriptions/speaker007/speaker007_0024.txt,5,utf-8
2326,LIP-RTVE,speaker007_0025,30,../data/LIP-RTVE/WAVs/speaker007/speaker007_0025.wav,../data/LIP-RTVE/ROIs/speaker007/speaker007_0025.npz,../data/LIP-RTVE/transcriptions/speaker007/speaker007_0025.txt,5,utf-8
2327,LIP-RTVE,speaker007_0027,76,../data/LIP-RTVE/WAVs/speaker007/speaker007_0027.wav,../data/LIP-RTVE/ROIs/speaker007/speaker007_0027.npz,../data/LIP-RTVE/transcriptions/speaker007/speaker007_0027.txt,5,utf-8
2328,LIP-RTVE,speaker007_0030,213,../data/LIP-RTVE/WAVs/speaker007/speaker007_0030.wav,../data/LIP-RTVE/ROIs/speaker007/speaker007_0030.npz,../data/LIP-RTVE/transcriptions/speaker007/speaker007_0030.txt,5,utf-8
2329,LIP-RTVE,speaker007_0031,136,../data/LIP-RTVE/WAVs/speaker007/speaker007_0031.wav,../data/LIP-RTVE/ROIs/speaker007/speaker007_0031.npz,../data/LIP-RTVE/transcriptions/speaker007/speaker007_0031.txt,5,utf-8
2330,LIP-RTVE,speaker007_0033,363,../data/LIP-RTVE/WAVs/speaker007/speaker007_0033.wav,../data/LIP-RTVE/ROIs/speaker007/speaker007_0033.npz,../data/LIP-RTVE/transcriptions/speaker007/speaker007_0033.txt,5,utf-8
2331,LIP-RTVE,speaker007_0035,119,../data/LIP-RTVE/WAVs/speaker007/speaker007_0035.wav,../data/LIP-RTVE/ROIs/speaker007/speaker007_0035.npz,../data/LIP-RTVE/transcriptions/speaker007/speaker007_0035.txt,5,utf-8
2332,LIP-RTVE,speaker007_0037,69,../data/LIP-RTVE/WAVs/speaker007/speaker007_0037.wav,../data/LIP-RTVE/ROIs/speaker007/speaker007_0037.npz,../data/LIP-RTVE/transcriptions/speaker007/speaker007_0037.txt,5,utf-8
2333,LIP-RTVE,speaker007_0041,48,../data/LIP-RTVE/WAVs/speaker007/speaker007_0041.wav,../data/LIP-RTVE/ROIs/speaker007/speaker007_0041.npz,../data/LIP-RTVE/transcriptions/speaker007/speaker007_0041.txt,5,utf-8
2334,LIP-RTVE,speaker007_0042,79,../data/LIP-RTVE/WAVs/speaker007/speaker007_0042.wav,../data/LIP-RTVE/ROIs/speaker007/speaker007_0042.npz,../data/LIP-RTVE/transcriptions/speaker007/speaker007_0042.txt,5,utf-8
2335,LIP-RTVE,speaker007_0045,132,../data/LIP-RTVE/WAVs/speaker007/speaker007_0045.wav,../data/LIP-RTVE/ROIs/speaker007/speaker007_0045.npz,../data/LIP-RTVE/transcriptions/speaker007/speaker007_0045.txt,5,utf-8
2336,LIP-RTVE,speaker007_0046,182,../data/LIP-RTVE/WAVs/speaker007/speaker007_0046.wav,../data/LIP-RTVE/ROIs/speaker007/speaker007_0046.npz,../data/LIP-RTVE/transcriptions/speaker007/speaker007_0046.txt,5,utf-8
2337,LIP-RTVE,speaker007_0049,99,../data/LIP-RTVE/WAVs/speaker007/speaker007_0049.wav,../data/LIP-RTVE/ROIs/speaker007/speaker007_0049.npz,../data/LIP-RTVE/transcriptions/speaker007/speaker007_0049.txt,5,utf-8
2338,LIP-RTVE,speaker007_0050,57,../data/LIP-RTVE/WAVs/speaker007/speaker007_0050.wav,../data/LIP-RTVE/ROIs/speaker007/speaker007_0050.npz,../data/LIP-RTVE/transcriptions/speaker007/speaker007_0050.txt,5,utf-8
2339,LIP-RTVE,speaker007_0053,107,../data/LIP-RTVE/WAVs/speaker007/speaker007_0053.wav,../data/LIP-RTVE/ROIs/speaker007/speaker007_0053.npz,../data/LIP-RTVE/transcriptions/speaker007/speaker007_0053.txt,5,utf-8
2340,LIP-RTVE,speaker007_0054,124,../data/LIP-RTVE/WAVs/speaker007/speaker007_0054.wav,../data/LIP-RTVE/ROIs/speaker007/speaker007_0054.npz,../data/LIP-RTVE/transcriptions/speaker007/speaker007_0054.txt,5,utf-8
2341,LIP-RTVE,speaker007_0055,186,../data/LIP-RTVE/WAVs/speaker007/speaker007_0055.wav,../data/LIP-RTVE/ROIs/speaker007/speaker007_0055.npz,../data/LIP-RTVE/transcriptions/speaker007/speaker007_0055.txt,5,utf-8
2342,LIP-RTVE,speaker007_0056,109,../data/LIP-RTVE/WAVs/speaker007/speaker007_0056.wav,../data/LIP-RTVE/ROIs/speaker007/speaker007_0056.npz,../data/LIP-RTVE/transcriptions/speaker007/speaker007_0056.txt,5,utf-8
2343,LIP-RTVE,speaker007_0057,125,../data/LIP-RTVE/WAVs/speaker007/speaker007_0057.wav,../data/LIP-RTVE/ROIs/speaker007/speaker007_0057.npz,../data/LIP-RTVE/transcriptions/speaker007/speaker007_0057.txt,5,utf-8
2344,LIP-RTVE,speaker007_0058,28,../data/LIP-RTVE/WAVs/speaker007/speaker007_0058.wav,../data/LIP-RTVE/ROIs/speaker007/speaker007_0058.npz,../data/LIP-RTVE/transcriptions/speaker007/speaker007_0058.txt,5,utf-8
2345,LIP-RTVE,speaker007_0059,35,../data/LIP-RTVE/WAVs/speaker007/speaker007_0059.wav,../data/LIP-RTVE/ROIs/speaker007/speaker007_0059.npz,../data/LIP-RTVE/transcriptions/speaker007/speaker007_0059.txt,5,utf-8
2346,LIP-RTVE,speaker007_0062,46,../data/LIP-RTVE/WAVs/speaker007/speaker007_0062.wav,../data/LIP-RTVE/ROIs/speaker007/speaker007_0062.npz,../data/LIP-RTVE/transcriptions/speaker007/speaker007_0062.txt,5,utf-8
2347,LIP-RTVE,speaker007_0063,84,../data/LIP-RTVE/WAVs/speaker007/speaker007_0063.wav,../data/LIP-RTVE/ROIs/speaker007/speaker007_0063.npz,../data/LIP-RTVE/transcriptions/speaker007/speaker007_0063.txt,5,utf-8
2348,LIP-RTVE,speaker007_0065,69,../data/LIP-RTVE/WAVs/speaker007/speaker007_0065.wav,../data/LIP-RTVE/ROIs/speaker007/speaker007_0065.npz,../data/LIP-RTVE/transcriptions/speaker007/speaker007_0065.txt,5,utf-8
2349,LIP-RTVE,speaker007_0066,42,../data/LIP-RTVE/WAVs/speaker007/speaker007_0066.wav,../data/LIP-RTVE/ROIs/speaker007/speaker007_0066.npz,../data/LIP-RTVE/transcriptions/speaker007/speaker007_0066.txt,5,utf-8
2350,LIP-RTVE,speaker007_0067,30,../data/LIP-RTVE/WAVs/speaker007/speaker007_0067.wav,../data/LIP-RTVE/ROIs/speaker007/speaker007_0067.npz,../data/LIP-RTVE/transcriptions/speaker007/speaker007_0067.txt,5,utf-8
2351,LIP-RTVE,speaker007_0068,92,../data/LIP-RTVE/WAVs/speaker007/speaker007_0068.wav,../data/LIP-RTVE/ROIs/speaker007/speaker007_0068.npz,../data/LIP-RTVE/transcriptions/speaker007/speaker007_0068.txt,5,utf-8
2352,LIP-RTVE,speaker007_0069,91,../data/LIP-RTVE/WAVs/speaker007/speaker007_0069.wav,../data/LIP-RTVE/ROIs/speaker007/speaker007_0069.npz,../data/LIP-RTVE/transcriptions/speaker007/speaker007_0069.txt,5,utf-8
2353,LIP-RTVE,speaker007_0070,49,../data/LIP-RTVE/WAVs/speaker007/speaker007_0070.wav,../data/LIP-RTVE/ROIs/speaker007/speaker007_0070.npz,../data/LIP-RTVE/transcriptions/speaker007/speaker007_0070.txt,5,utf-8
2354,LIP-RTVE,speaker007_0072,75,../data/LIP-RTVE/WAVs/speaker007/speaker007_0072.wav,../data/LIP-RTVE/ROIs/speaker007/speaker007_0072.npz,../data/LIP-RTVE/transcriptions/speaker007/speaker007_0072.txt,5,utf-8
2355,LIP-RTVE,speaker007_0075,210,../data/LIP-RTVE/WAVs/speaker007/speaker007_0075.wav,../data/LIP-RTVE/ROIs/speaker007/speaker007_0075.npz,../data/LIP-RTVE/transcriptions/speaker007/speaker007_0075.txt,5,utf-8
2356,LIP-RTVE,speaker007_0077,174,../data/LIP-RTVE/WAVs/speaker007/speaker007_0077.wav,../data/LIP-RTVE/ROIs/speaker007/speaker007_0077.npz,../data/LIP-RTVE/transcriptions/speaker007/speaker007_0077.txt,5,utf-8
2357,LIP-RTVE,speaker007_0078,117,../data/LIP-RTVE/WAVs/speaker007/speaker007_0078.wav,../data/LIP-RTVE/ROIs/speaker007/speaker007_0078.npz,../data/LIP-RTVE/transcriptions/speaker007/speaker007_0078.txt,5,utf-8
2358,LIP-RTVE,speaker007_0079,103,../data/LIP-RTVE/WAVs/speaker007/speaker007_0079.wav,../data/LIP-RTVE/ROIs/speaker007/speaker007_0079.npz,../data/LIP-RTVE/transcriptions/speaker007/speaker007_0079.txt,5,utf-8
2359,LIP-RTVE,speaker007_0080,179,../data/LIP-RTVE/WAVs/speaker007/speaker007_0080.wav,../data/LIP-RTVE/ROIs/speaker007/speaker007_0080.npz,../data/LIP-RTVE/transcriptions/speaker007/speaker007_0080.txt,5,utf-8
2360,LIP-RTVE,speaker007_0081,83,../data/LIP-RTVE/WAVs/speaker007/speaker007_0081.wav,../data/LIP-RTVE/ROIs/speaker007/speaker007_0081.npz,../data/LIP-RTVE/transcriptions/speaker007/speaker007_0081.txt,5,utf-8
2361,LIP-RTVE,speaker007_0084,121,../data/LIP-RTVE/WAVs/speaker007/speaker007_0084.wav,../data/LIP-RTVE/ROIs/speaker007/speaker007_0084.npz,../data/LIP-RTVE/transcriptions/speaker007/speaker007_0084.txt,5,utf-8
2362,LIP-RTVE,speaker007_0085,154,../data/LIP-RTVE/WAVs/speaker007/speaker007_0085.wav,../data/LIP-RTVE/ROIs/speaker007/speaker007_0085.npz,../data/LIP-RTVE/transcriptions/speaker007/speaker007_0085.txt,5,utf-8
2363,LIP-RTVE,speaker007_0086,104,../data/LIP-RTVE/WAVs/speaker007/speaker007_0086.wav,../data/LIP-RTVE/ROIs/speaker007/speaker007_0086.npz,../data/LIP-RTVE/transcriptions/speaker007/speaker007_0086.txt,5,utf-8
2364,LIP-RTVE,speaker007_0089,70,../data/LIP-RTVE/WAVs/speaker007/speaker007_0089.wav,../data/LIP-RTVE/ROIs/speaker007/speaker007_0089.npz,../data/LIP-RTVE/transcriptions/speaker007/speaker007_0089.txt,5,utf-8
2365,LIP-RTVE,speaker007_0090,45,../data/LIP-RTVE/WAVs/speaker007/speaker007_0090.wav,../data/LIP-RTVE/ROIs/speaker007/speaker007_0090.npz,../data/LIP-RTVE/transcriptions/speaker007/speaker007_0090.txt,5,utf-8
2366,LIP-RTVE,speaker007_0091,63,../data/LIP-RTVE/WAVs/speaker007/speaker007_0091.wav,../data/LIP-RTVE/ROIs/speaker007/speaker007_0091.npz,../data/LIP-RTVE/transcriptions/speaker007/speaker007_0091.txt,5,utf-8
2367,LIP-RTVE,speaker007_0093,64,../data/LIP-RTVE/WAVs/speaker007/speaker007_0093.wav,../data/LIP-RTVE/ROIs/speaker007/speaker007_0093.npz,../data/LIP-RTVE/transcriptions/speaker007/speaker007_0093.txt,5,utf-8
2368,LIP-RTVE,speaker007_0094,26,../data/LIP-RTVE/WAVs/speaker007/speaker007_0094.wav,../data/LIP-RTVE/ROIs/speaker007/speaker007_0094.npz,../data/LIP-RTVE/transcriptions/speaker007/speaker007_0094.txt,5,utf-8
2369,LIP-RTVE,speaker007_0095,68,../data/LIP-RTVE/WAVs/speaker007/speaker007_0095.wav,../data/LIP-RTVE/ROIs/speaker007/speaker007_0095.npz,../data/LIP-RTVE/transcriptions/speaker007/speaker007_0095.txt,5,utf-8
2370,LIP-RTVE,speaker007_0098,65,../data/LIP-RTVE/WAVs/speaker007/speaker007_0098.wav,../data/LIP-RTVE/ROIs/speaker007/speaker007_0098.npz,../data/LIP-RTVE/transcriptions/speaker007/speaker007_0098.txt,5,utf-8
2371,LIP-RTVE,speaker007_0099,46,../data/LIP-RTVE/WAVs/speaker007/speaker007_0099.wav,../data/LIP-RTVE/ROIs/speaker007/speaker007_0099.npz,../data/LIP-RTVE/transcriptions/speaker007/speaker007_0099.txt,5,utf-8
2372,LIP-RTVE,speaker007_0101,109,../data/LIP-RTVE/WAVs/speaker007/speaker007_0101.wav,../data/LIP-RTVE/ROIs/speaker007/speaker007_0101.npz,../data/LIP-RTVE/transcriptions/speaker007/speaker007_0101.txt,5,utf-8
2373,LIP-RTVE,speaker007_0102,184,../data/LIP-RTVE/WAVs/speaker007/speaker007_0102.wav,../data/LIP-RTVE/ROIs/speaker007/speaker007_0102.npz,../data/LIP-RTVE/transcriptions/speaker007/speaker007_0102.txt,5,utf-8
2374,LIP-RTVE,speaker007_0104,83,../data/LIP-RTVE/WAVs/speaker007/speaker007_0104.wav,../data/LIP-RTVE/ROIs/speaker007/speaker007_0104.npz,../data/LIP-RTVE/transcriptions/speaker007/speaker007_0104.txt,5,utf-8
2375,LIP-RTVE,speaker007_0106,46,../data/LIP-RTVE/WAVs/speaker007/speaker007_0106.wav,../data/LIP-RTVE/ROIs/speaker007/speaker007_0106.npz,../data/LIP-RTVE/transcriptions/speaker007/speaker007_0106.txt,5,utf-8
2376,LIP-RTVE,speaker007_0107,87,../data/LIP-RTVE/WAVs/speaker007/speaker007_0107.wav,../data/LIP-RTVE/ROIs/speaker007/speaker007_0107.npz,../data/LIP-RTVE/transcriptions/speaker007/speaker007_0107.txt,5,utf-8
2377,LIP-RTVE,speaker007_0108,94,../data/LIP-RTVE/WAVs/speaker007/speaker007_0108.wav,../data/LIP-RTVE/ROIs/speaker007/speaker007_0108.npz,../data/LIP-RTVE/transcriptions/speaker007/speaker007_0108.txt,5,utf-8
2378,LIP-RTVE,speaker007_0109,150,../data/LIP-RTVE/WAVs/speaker007/speaker007_0109.wav,../data/LIP-RTVE/ROIs/speaker007/speaker007_0109.npz,../data/LIP-RTVE/transcriptions/speaker007/speaker007_0109.txt,5,utf-8
2379,LIP-RTVE,speaker007_0110,43,../data/LIP-RTVE/WAVs/speaker007/speaker007_0110.wav,../data/LIP-RTVE/ROIs/speaker007/speaker007_0110.npz,../data/LIP-RTVE/transcriptions/speaker007/speaker007_0110.txt,5,utf-8
2380,LIP-RTVE,speaker007_0111,150,../data/LIP-RTVE/WAVs/speaker007/speaker007_0111.wav,../data/LIP-RTVE/ROIs/speaker007/speaker007_0111.npz,../data/LIP-RTVE/transcriptions/speaker007/speaker007_0111.txt,5,utf-8
2381,LIP-RTVE,speaker007_0112,27,../data/LIP-RTVE/WAVs/speaker007/speaker007_0112.wav,../data/LIP-RTVE/ROIs/speaker007/speaker007_0112.npz,../data/LIP-RTVE/transcriptions/speaker007/speaker007_0112.txt,5,utf-8
2382,LIP-RTVE,speaker007_0114,28,../data/LIP-RTVE/WAVs/speaker007/speaker007_0114.wav,../data/LIP-RTVE/ROIs/speaker007/speaker007_0114.npz,../data/LIP-RTVE/transcriptions/speaker007/speaker007_0114.txt,5,utf-8
2383,LIP-RTVE,speaker007_0115,140,../data/LIP-RTVE/WAVs/speaker007/speaker007_0115.wav,../data/LIP-RTVE/ROIs/speaker007/speaker007_0115.npz,../data/LIP-RTVE/transcriptions/speaker007/speaker007_0115.txt,5,utf-8
2384,LIP-RTVE,speaker007_0116,49,../data/LIP-RTVE/WAVs/speaker007/speaker007_0116.wav,../data/LIP-RTVE/ROIs/speaker007/speaker007_0116.npz,../data/LIP-RTVE/transcriptions/speaker007/speaker007_0116.txt,5,utf-8
2385,LIP-RTVE,speaker007_0117,102,../data/LIP-RTVE/WAVs/speaker007/speaker007_0117.wav,../data/LIP-RTVE/ROIs/speaker007/speaker007_0117.npz,../data/LIP-RTVE/transcriptions/speaker007/speaker007_0117.txt,5,utf-8
2386,LIP-RTVE,speaker007_0118,53,../data/LIP-RTVE/WAVs/speaker007/speaker007_0118.wav,../data/LIP-RTVE/ROIs/speaker007/speaker007_0118.npz,../data/LIP-RTVE/transcriptions/speaker007/speaker007_0118.txt,5,utf-8
2387,LIP-RTVE,speaker007_0119,122,../data/LIP-RTVE/WAVs/speaker007/speaker007_0119.wav,../data/LIP-RTVE/ROIs/speaker007/speaker007_0119.npz,../data/LIP-RTVE/transcriptions/speaker007/speaker007_0119.txt,5,utf-8
2388,LIP-RTVE,speaker007_0120,37,../data/LIP-RTVE/WAVs/speaker007/speaker007_0120.wav,../data/LIP-RTVE/ROIs/speaker007/speaker007_0120.npz,../data/LIP-RTVE/transcriptions/speaker007/speaker007_0120.txt,5,utf-8
2389,LIP-RTVE,speaker007_0121,160,../data/LIP-RTVE/WAVs/speaker007/speaker007_0121.wav,../data/LIP-RTVE/ROIs/speaker007/speaker007_0121.npz,../data/LIP-RTVE/transcriptions/speaker007/speaker007_0121.txt,5,utf-8
2390,LIP-RTVE,speaker007_0122,74,../data/LIP-RTVE/WAVs/speaker007/speaker007_0122.wav,../data/LIP-RTVE/ROIs/speaker007/speaker007_0122.npz,../data/LIP-RTVE/transcriptions/speaker007/speaker007_0122.txt,5,utf-8
2391,LIP-RTVE,speaker007_0123,50,../data/LIP-RTVE/WAVs/speaker007/speaker007_0123.wav,../data/LIP-RTVE/ROIs/speaker007/speaker007_0123.npz,../data/LIP-RTVE/transcriptions/speaker007/speaker007_0123.txt,5,utf-8
2392,LIP-RTVE,speaker007_0124,73,../data/LIP-RTVE/WAVs/speaker007/speaker007_0124.wav,../data/LIP-RTVE/ROIs/speaker007/speaker007_0124.npz,../data/LIP-RTVE/transcriptions/speaker007/speaker007_0124.txt,5,utf-8
2393,LIP-RTVE,speaker007_0125,174,../data/LIP-RTVE/WAVs/speaker007/speaker007_0125.wav,../data/LIP-RTVE/ROIs/speaker007/speaker007_0125.npz,../data/LIP-RTVE/transcriptions/speaker007/speaker007_0125.txt,5,utf-8
2394,LIP-RTVE,speaker007_0128,126,../data/LIP-RTVE/WAVs/speaker007/speaker007_0128.wav,../data/LIP-RTVE/ROIs/speaker007/speaker007_0128.npz,../data/LIP-RTVE/transcriptions/speaker007/speaker007_0128.txt,5,utf-8
2395,LIP-RTVE,speaker007_0129,139,../data/LIP-RTVE/WAVs/speaker007/speaker007_0129.wav,../data/LIP-RTVE/ROIs/speaker007/speaker007_0129.npz,../data/LIP-RTVE/transcriptions/speaker007/speaker007_0129.txt,5,utf-8
2396,LIP-RTVE,speaker007_0131,132,../data/LIP-RTVE/WAVs/speaker007/speaker007_0131.wav,../data/LIP-RTVE/ROIs/speaker007/speaker007_0131.npz,../data/LIP-RTVE/transcriptions/speaker007/speaker007_0131.txt,5,utf-8
2397,LIP-RTVE,speaker007_0132,35,../data/LIP-RTVE/WAVs/speaker007/speaker007_0132.wav,../data/LIP-RTVE/ROIs/speaker007/speaker007_0132.npz,../data/LIP-RTVE/transcriptions/speaker007/speaker007_0132.txt,5,utf-8
2398,LIP-RTVE,speaker007_0134,115,../data/LIP-RTVE/WAVs/speaker007/speaker007_0134.wav,../data/LIP-RTVE/ROIs/speaker007/speaker007_0134.npz,../data/LIP-RTVE/transcriptions/speaker007/speaker007_0134.txt,5,utf-8
2399,LIP-RTVE,speaker007_0137,109,../data/LIP-RTVE/WAVs/speaker007/speaker007_0137.wav,../data/LIP-RTVE/ROIs/speaker007/speaker007_0137.npz,../data/LIP-RTVE/transcriptions/speaker007/speaker007_0137.txt,5,utf-8
2400,LIP-RTVE,speaker007_0138,99,../data/LIP-RTVE/WAVs/speaker007/speaker007_0138.wav,../data/LIP-RTVE/ROIs/speaker007/speaker007_0138.npz,../data/LIP-RTVE/transcriptions/speaker007/speaker007_0138.txt,5,utf-8
2401,LIP-RTVE,speaker007_0139,193,../data/LIP-RTVE/WAVs/speaker007/speaker007_0139.wav,../data/LIP-RTVE/ROIs/speaker007/speaker007_0139.npz,../data/LIP-RTVE/transcriptions/speaker007/speaker007_0139.txt,5,utf-8
2402,LIP-RTVE,speaker007_0142,151,../data/LIP-RTVE/WAVs/speaker007/speaker007_0142.wav,../data/LIP-RTVE/ROIs/speaker007/speaker007_0142.npz,../data/LIP-RTVE/transcriptions/speaker007/speaker007_0142.txt,5,utf-8
2403,LIP-RTVE,speaker007_0144,29,../data/LIP-RTVE/WAVs/speaker007/speaker007_0144.wav,../data/LIP-RTVE/ROIs/speaker007/speaker007_0144.npz,../data/LIP-RTVE/transcriptions/speaker007/speaker007_0144.txt,5,utf-8
2404,LIP-RTVE,speaker007_0145,144,../data/LIP-RTVE/WAVs/speaker007/speaker007_0145.wav,../data/LIP-RTVE/ROIs/speaker007/speaker007_0145.npz,../data/LIP-RTVE/transcriptions/speaker007/speaker007_0145.txt,5,utf-8
2405,LIP-RTVE,speaker007_0147,212,../data/LIP-RTVE/WAVs/speaker007/speaker007_0147.wav,../data/LIP-RTVE/ROIs/speaker007/speaker007_0147.npz,../data/LIP-RTVE/transcriptions/speaker007/speaker007_0147.txt,5,utf-8
2406,LIP-RTVE,speaker007_0148,97,../data/LIP-RTVE/WAVs/speaker007/speaker007_0148.wav,../data/LIP-RTVE/ROIs/speaker007/speaker007_0148.npz,../data/LIP-RTVE/transcriptions/speaker007/speaker007_0148.txt,5,utf-8
2407,LIP-RTVE,speaker007_0150,101,../data/LIP-RTVE/WAVs/speaker007/speaker007_0150.wav,../data/LIP-RTVE/ROIs/speaker007/speaker007_0150.npz,../data/LIP-RTVE/transcriptions/speaker007/speaker007_0150.txt,5,utf-8
2408,LIP-RTVE,speaker007_0152,78,../data/LIP-RTVE/WAVs/speaker007/speaker007_0152.wav,../data/LIP-RTVE/ROIs/speaker007/speaker007_0152.npz,../data/LIP-RTVE/transcriptions/speaker007/speaker007_0152.txt,5,utf-8
2409,LIP-RTVE,speaker007_0154,124,../data/LIP-RTVE/WAVs/speaker007/speaker007_0154.wav,../data/LIP-RTVE/ROIs/speaker007/speaker007_0154.npz,../data/LIP-RTVE/transcriptions/speaker007/speaker007_0154.txt,5,utf-8
2410,LIP-RTVE,speaker007_0155,212,../data/LIP-RTVE/WAVs/speaker007/speaker007_0155.wav,../data/LIP-RTVE/ROIs/speaker007/speaker007_0155.npz,../data/LIP-RTVE/transcriptions/speaker007/speaker007_0155.txt,5,utf-8
2411,LIP-RTVE,speaker007_0156,114,../data/LIP-RTVE/WAVs/speaker007/speaker007_0156.wav,../data/LIP-RTVE/ROIs/speaker007/speaker007_0156.npz,../data/LIP-RTVE/transcriptions/speaker007/speaker007_0156.txt,5,utf-8
2412,LIP-RTVE,speaker007_0157,165,../data/LIP-RTVE/WAVs/speaker007/speaker007_0157.wav,../data/LIP-RTVE/ROIs/speaker007/speaker007_0157.npz,../data/LIP-RTVE/transcriptions/speaker007/speaker007_0157.txt,5,utf-8
2413,LIP-RTVE,speaker007_0158,98,../data/LIP-RTVE/WAVs/speaker007/speaker007_0158.wav,../data/LIP-RTVE/ROIs/speaker007/speaker007_0158.npz,../data/LIP-RTVE/transcriptions/speaker007/speaker007_0158.txt,5,utf-8
2414,LIP-RTVE,speaker007_0159,95,../data/LIP-RTVE/WAVs/speaker007/speaker007_0159.wav,../data/LIP-RTVE/ROIs/speaker007/speaker007_0159.npz,../data/LIP-RTVE/transcriptions/speaker007/speaker007_0159.txt,5,utf-8
2415,LIP-RTVE,speaker007_0160,27,../data/LIP-RTVE/WAVs/speaker007/speaker007_0160.wav,../data/LIP-RTVE/ROIs/speaker007/speaker007_0160.npz,../data/LIP-RTVE/transcriptions/speaker007/speaker007_0160.txt,5,utf-8
2416,LIP-RTVE,speaker007_0161,158,../data/LIP-RTVE/WAVs/speaker007/speaker007_0161.wav,../data/LIP-RTVE/ROIs/speaker007/speaker007_0161.npz,../data/LIP-RTVE/transcriptions/speaker007/speaker007_0161.txt,5,utf-8
2417,LIP-RTVE,speaker007_0162,84,../data/LIP-RTVE/WAVs/speaker007/speaker007_0162.wav,../data/LIP-RTVE/ROIs/speaker007/speaker007_0162.npz,../data/LIP-RTVE/transcriptions/speaker007/speaker007_0162.txt,5,utf-8
2418,LIP-RTVE,speaker007_0163,89,../data/LIP-RTVE/WAVs/speaker007/speaker007_0163.wav,../data/LIP-RTVE/ROIs/speaker007/speaker007_0163.npz,../data/LIP-RTVE/transcriptions/speaker007/speaker007_0163.txt,5,utf-8
2419,LIP-RTVE,speaker007_0165,134,../data/LIP-RTVE/WAVs/speaker007/speaker007_0165.wav,../data/LIP-RTVE/ROIs/speaker007/speaker007_0165.npz,../data/LIP-RTVE/transcriptions/speaker007/speaker007_0165.txt,5,utf-8
2420,LIP-RTVE,speaker007_0166,229,../data/LIP-RTVE/WAVs/speaker007/speaker007_0166.wav,../data/LIP-RTVE/ROIs/speaker007/speaker007_0166.npz,../data/LIP-RTVE/transcriptions/speaker007/speaker007_0166.txt,5,utf-8
2421,LIP-RTVE,speaker007_0168,205,../data/LIP-RTVE/WAVs/speaker007/speaker007_0168.wav,../data/LIP-RTVE/ROIs/speaker007/speaker007_0168.npz,../data/LIP-RTVE/transcriptions/speaker007/speaker007_0168.txt,5,utf-8
2422,LIP-RTVE,speaker007_0169,160,../data/LIP-RTVE/WAVs/speaker007/speaker007_0169.wav,../data/LIP-RTVE/ROIs/speaker007/speaker007_0169.npz,../data/LIP-RTVE/transcriptions/speaker007/speaker007_0169.txt,5,utf-8
2423,LIP-RTVE,speaker007_0170,95,../data/LIP-RTVE/WAVs/speaker007/speaker007_0170.wav,../data/LIP-RTVE/ROIs/speaker007/speaker007_0170.npz,../data/LIP-RTVE/transcriptions/speaker007/speaker007_0170.txt,5,utf-8
2424,LIP-RTVE,speaker007_0171,152,../data/LIP-RTVE/WAVs/speaker007/speaker007_0171.wav,../data/LIP-RTVE/ROIs/speaker007/speaker007_0171.npz,../data/LIP-RTVE/transcriptions/speaker007/speaker007_0171.txt,5,utf-8
2425,LIP-RTVE,speaker007_0172,236,../data/LIP-RTVE/WAVs/speaker007/speaker007_0172.wav,../data/LIP-RTVE/ROIs/speaker007/speaker007_0172.npz,../data/LIP-RTVE/transcriptions/speaker007/speaker007_0172.txt,5,utf-8
2426,LIP-RTVE,speaker007_0175,193,../data/LIP-RTVE/WAVs/speaker007/speaker007_0175.wav,../data/LIP-RTVE/ROIs/speaker007/speaker007_0175.npz,../data/LIP-RTVE/transcriptions/speaker007/speaker007_0175.txt,5,utf-8
2427,LIP-RTVE,speaker007_0176,121,../data/LIP-RTVE/WAVs/speaker007/speaker007_0176.wav,../data/LIP-RTVE/ROIs/speaker007/speaker007_0176.npz,../data/LIP-RTVE/transcriptions/speaker007/speaker007_0176.txt,5,utf-8
2428,LIP-RTVE,speaker007_0177,79,../data/LIP-RTVE/WAVs/speaker007/speaker007_0177.wav,../data/LIP-RTVE/ROIs/speaker007/speaker007_0177.npz,../data/LIP-RTVE/transcriptions/speaker007/speaker007_0177.txt,5,utf-8
2429,LIP-RTVE,speaker007_0178,208,../data/LIP-RTVE/WAVs/speaker007/speaker007_0178.wav,../data/LIP-RTVE/ROIs/speaker007/speaker007_0178.npz,../data/LIP-RTVE/transcriptions/speaker007/speaker007_0178.txt,5,utf-8
2430,LIP-RTVE,speaker007_0179,31,../data/LIP-RTVE/WAVs/speaker007/speaker007_0179.wav,../data/LIP-RTVE/ROIs/speaker007/speaker007_0179.npz,../data/LIP-RTVE/transcriptions/speaker007/speaker007_0179.txt,5,utf-8
2431,LIP-RTVE,speaker007_0182,99,../data/LIP-RTVE/WAVs/speaker007/speaker007_0182.wav,../data/LIP-RTVE/ROIs/speaker007/speaker007_0182.npz,../data/LIP-RTVE/transcriptions/speaker007/speaker007_0182.txt,5,utf-8
2432,LIP-RTVE,speaker007_0183,44,../data/LIP-RTVE/WAVs/speaker007/speaker007_0183.wav,../data/LIP-RTVE/ROIs/speaker007/speaker007_0183.npz,../data/LIP-RTVE/transcriptions/speaker007/speaker007_0183.txt,5,utf-8
2433,LIP-RTVE,speaker007_0184,78,../data/LIP-RTVE/WAVs/speaker007/speaker007_0184.wav,../data/LIP-RTVE/ROIs/speaker007/speaker007_0184.npz,../data/LIP-RTVE/transcriptions/speaker007/speaker007_0184.txt,5,utf-8
2434,LIP-RTVE,speaker007_0185,27,../data/LIP-RTVE/WAVs/speaker007/speaker007_0185.wav,../data/LIP-RTVE/ROIs/speaker007/speaker007_0185.npz,../data/LIP-RTVE/transcriptions/speaker007/speaker007_0185.txt,5,utf-8
2435,LIP-RTVE,speaker007_0186,44,../data/LIP-RTVE/WAVs/speaker007/speaker007_0186.wav,../data/LIP-RTVE/ROIs/speaker007/speaker007_0186.npz,../data/LIP-RTVE/transcriptions/speaker007/speaker007_0186.txt,5,utf-8
2436,LIP-RTVE,speaker007_0187,44,../data/LIP-RTVE/WAVs/speaker007/speaker007_0187.wav,../data/LIP-RTVE/ROIs/speaker007/speaker007_0187.npz,../data/LIP-RTVE/transcriptions/speaker007/speaker007_0187.txt,5,utf-8
2437,LIP-RTVE,speaker007_0188,119,../data/LIP-RTVE/WAVs/speaker007/speaker007_0188.wav,../data/LIP-RTVE/ROIs/speaker007/speaker007_0188.npz,../data/LIP-RTVE/transcriptions/speaker007/speaker007_0188.txt,5,utf-8
2438,LIP-RTVE,speaker007_0189,79,../data/LIP-RTVE/WAVs/speaker007/speaker007_0189.wav,../data/LIP-RTVE/ROIs/speaker007/speaker007_0189.npz,../data/LIP-RTVE/transcriptions/speaker007/speaker007_0189.txt,5,utf-8
2439,LIP-RTVE,speaker007_0190,49,../data/LIP-RTVE/WAVs/speaker007/speaker007_0190.wav,../data/LIP-RTVE/ROIs/speaker007/speaker007_0190.npz,../data/LIP-RTVE/transcriptions/speaker007/speaker007_0190.txt,5,utf-8
2440,LIP-RTVE,speaker007_0191,217,../data/LIP-RTVE/WAVs/speaker007/speaker007_0191.wav,../data/LIP-RTVE/ROIs/speaker007/speaker007_0191.npz,../data/LIP-RTVE/transcriptions/speaker007/speaker007_0191.txt,5,utf-8
2441,LIP-RTVE,speaker007_0192,60,../data/LIP-RTVE/WAVs/speaker007/speaker007_0192.wav,../data/LIP-RTVE/ROIs/speaker007/speaker007_0192.npz,../data/LIP-RTVE/transcriptions/speaker007/speaker007_0192.txt,5,utf-8
2442,LIP-RTVE,speaker007_0193,154,../data/LIP-RTVE/WAVs/speaker007/speaker007_0193.wav,../data/LIP-RTVE/ROIs/speaker007/speaker007_0193.npz,../data/LIP-RTVE/transcriptions/speaker007/speaker007_0193.txt,5,utf-8
2443,LIP-RTVE,speaker007_0195,113,../data/LIP-RTVE/WAVs/speaker007/speaker007_0195.wav,../data/LIP-RTVE/ROIs/speaker007/speaker007_0195.npz,../data/LIP-RTVE/transcriptions/speaker007/speaker007_0195.txt,5,utf-8
2444,LIP-RTVE,speaker007_0197,152,../data/LIP-RTVE/WAVs/speaker007/speaker007_0197.wav,../data/LIP-RTVE/ROIs/speaker007/speaker007_0197.npz,../data/LIP-RTVE/transcriptions/speaker007/speaker007_0197.txt,5,utf-8
2445,LIP-RTVE,speaker007_0199,136,../data/LIP-RTVE/WAVs/speaker007/speaker007_0199.wav,../data/LIP-RTVE/ROIs/speaker007/speaker007_0199.npz,../data/LIP-RTVE/transcriptions/speaker007/speaker007_0199.txt,5,utf-8
2446,LIP-RTVE,speaker007_0200,200,../data/LIP-RTVE/WAVs/speaker007/speaker007_0200.wav,../data/LIP-RTVE/ROIs/speaker007/speaker007_0200.npz,../data/LIP-RTVE/transcriptions/speaker007/speaker007_0200.txt,5,utf-8
2447,LIP-RTVE,speaker007_0201,39,../data/LIP-RTVE/WAVs/speaker007/speaker007_0201.wav,../data/LIP-RTVE/ROIs/speaker007/speaker007_0201.npz,../data/LIP-RTVE/transcriptions/speaker007/speaker007_0201.txt,5,utf-8
2448,LIP-RTVE,speaker007_0204,199,../data/LIP-RTVE/WAVs/speaker007/speaker007_0204.wav,../data/LIP-RTVE/ROIs/speaker007/speaker007_0204.npz,../data/LIP-RTVE/transcriptions/speaker007/speaker007_0204.txt,5,utf-8
2449,LIP-RTVE,speaker007_0207,172,../data/LIP-RTVE/WAVs/speaker007/speaker007_0207.wav,../data/LIP-RTVE/ROIs/speaker007/speaker007_0207.npz,../data/LIP-RTVE/transcriptions/speaker007/speaker007_0207.txt,5,utf-8
2450,LIP-RTVE,speaker007_0212,148,../data/LIP-RTVE/WAVs/speaker007/speaker007_0212.wav,../data/LIP-RTVE/ROIs/speaker007/speaker007_0212.npz,../data/LIP-RTVE/transcriptions/speaker007/speaker007_0212.txt,5,utf-8
2451,LIP-RTVE,speaker007_0213,92,../data/LIP-RTVE/WAVs/speaker007/speaker007_0213.wav,../data/LIP-RTVE/ROIs/speaker007/speaker007_0213.npz,../data/LIP-RTVE/transcriptions/speaker007/speaker007_0213.txt,5,utf-8
2452,LIP-RTVE,speaker007_0214,260,../data/LIP-RTVE/WAVs/speaker007/speaker007_0214.wav,../data/LIP-RTVE/ROIs/speaker007/speaker007_0214.npz,../data/LIP-RTVE/transcriptions/speaker007/speaker007_0214.txt,5,utf-8
2453,LIP-RTVE,speaker007_0215,83,../data/LIP-RTVE/WAVs/speaker007/speaker007_0215.wav,../data/LIP-RTVE/ROIs/speaker007/speaker007_0215.npz,../data/LIP-RTVE/transcriptions/speaker007/speaker007_0215.txt,5,utf-8
2454,LIP-RTVE,speaker007_0216,201,../data/LIP-RTVE/WAVs/speaker007/speaker007_0216.wav,../data/LIP-RTVE/ROIs/speaker007/speaker007_0216.npz,../data/LIP-RTVE/transcriptions/speaker007/speaker007_0216.txt,5,utf-8
2455,LIP-RTVE,speaker007_0217,51,../data/LIP-RTVE/WAVs/speaker007/speaker007_0217.wav,../data/LIP-RTVE/ROIs/speaker007/speaker007_0217.npz,../data/LIP-RTVE/transcriptions/speaker007/speaker007_0217.txt,5,utf-8
2456,LIP-RTVE,speaker007_0218,277,../data/LIP-RTVE/WAVs/speaker007/speaker007_0218.wav,../data/LIP-RTVE/ROIs/speaker007/speaker007_0218.npz,../data/LIP-RTVE/transcriptions/speaker007/speaker007_0218.txt,5,utf-8
2457,LIP-RTVE,speaker007_0219,116,../data/LIP-RTVE/WAVs/speaker007/speaker007_0219.wav,../data/LIP-RTVE/ROIs/speaker007/speaker007_0219.npz,../data/LIP-RTVE/transcriptions/speaker007/speaker007_0219.txt,5,utf-8
2458,LIP-RTVE,speaker007_0220,198,../data/LIP-RTVE/WAVs/speaker007/speaker007_0220.wav,../data/LIP-RTVE/ROIs/speaker007/speaker007_0220.npz,../data/LIP-RTVE/transcriptions/speaker007/speaker007_0220.txt,5,utf-8
2459,LIP-RTVE,speaker007_0221,127,../data/LIP-RTVE/WAVs/speaker007/speaker007_0221.wav,../data/LIP-RTVE/ROIs/speaker007/speaker007_0221.npz,../data/LIP-RTVE/transcriptions/speaker007/speaker007_0221.txt,5,utf-8
2460,LIP-RTVE,speaker007_0223,157,../data/LIP-RTVE/WAVs/speaker007/speaker007_0223.wav,../data/LIP-RTVE/ROIs/speaker007/speaker007_0223.npz,../data/LIP-RTVE/transcriptions/speaker007/speaker007_0223.txt,5,utf-8
2461,LIP-RTVE,speaker007_0224,212,../data/LIP-RTVE/WAVs/speaker007/speaker007_0224.wav,../data/LIP-RTVE/ROIs/speaker007/speaker007_0224.npz,../data/LIP-RTVE/transcriptions/speaker007/speaker007_0224.txt,5,utf-8
2462,LIP-RTVE,speaker007_0226,170,../data/LIP-RTVE/WAVs/speaker007/speaker007_0226.wav,../data/LIP-RTVE/ROIs/speaker007/speaker007_0226.npz,../data/LIP-RTVE/transcriptions/speaker007/speaker007_0226.txt,5,utf-8
2463,LIP-RTVE,speaker007_0229,250,../data/LIP-RTVE/WAVs/speaker007/speaker007_0229.wav,../data/LIP-RTVE/ROIs/speaker007/speaker007_0229.npz,../data/LIP-RTVE/transcriptions/speaker007/speaker007_0229.txt,5,utf-8
2464,LIP-RTVE,speaker007_0231,265,../data/LIP-RTVE/WAVs/speaker007/speaker007_0231.wav,../data/LIP-RTVE/ROIs/speaker007/speaker007_0231.npz,../data/LIP-RTVE/transcriptions/speaker007/speaker007_0231.txt,5,utf-8
2465,LIP-RTVE,speaker007_0232,55,../data/LIP-RTVE/WAVs/speaker007/speaker007_0232.wav,../data/LIP-RTVE/ROIs/speaker007/speaker007_0232.npz,../data/LIP-RTVE/transcriptions/speaker007/speaker007_0232.txt,5,utf-8
2466,LIP-RTVE,speaker007_0233,37,../data/LIP-RTVE/WAVs/speaker007/speaker007_0233.wav,../data/LIP-RTVE/ROIs/speaker007/speaker007_0233.npz,../data/LIP-RTVE/transcriptions/speaker007/speaker007_0233.txt,5,utf-8
2467,LIP-RTVE,speaker007_0234,238,../data/LIP-RTVE/WAVs/speaker007/speaker007_0234.wav,../data/LIP-RTVE/ROIs/speaker007/speaker007_0234.npz,../data/LIP-RTVE/transcriptions/speaker007/speaker007_0234.txt,5,utf-8
2468,LIP-RTVE,speaker007_0235,205,../data/LIP-RTVE/WAVs/speaker007/speaker007_0235.wav,../data/LIP-RTVE/ROIs/speaker007/speaker007_0235.npz,../data/LIP-RTVE/transcriptions/speaker007/speaker007_0235.txt,5,utf-8
2469,LIP-RTVE,speaker007_0236,70,../data/LIP-RTVE/WAVs/speaker007/speaker007_0236.wav,../data/LIP-RTVE/ROIs/speaker007/speaker007_0236.npz,../data/LIP-RTVE/transcriptions/speaker007/speaker007_0236.txt,5,utf-8
2470,LIP-RTVE,speaker007_0238,86,../data/LIP-RTVE/WAVs/speaker007/speaker007_0238.wav,../data/LIP-RTVE/ROIs/speaker007/speaker007_0238.npz,../data/LIP-RTVE/transcriptions/speaker007/speaker007_0238.txt,5,utf-8
2471,LIP-RTVE,speaker007_0242,193,../data/LIP-RTVE/WAVs/speaker007/speaker007_0242.wav,../data/LIP-RTVE/ROIs/speaker007/speaker007_0242.npz,../data/LIP-RTVE/transcriptions/speaker007/speaker007_0242.txt,5,utf-8
2472,LIP-RTVE,speaker007_0243,78,../data/LIP-RTVE/WAVs/speaker007/speaker007_0243.wav,../data/LIP-RTVE/ROIs/speaker007/speaker007_0243.npz,../data/LIP-RTVE/transcriptions/speaker007/speaker007_0243.txt,5,utf-8
2473,LIP-RTVE,speaker007_0244,109,../data/LIP-RTVE/WAVs/speaker007/speaker007_0244.wav,../data/LIP-RTVE/ROIs/speaker007/speaker007_0244.npz,../data/LIP-RTVE/transcriptions/speaker007/speaker007_0244.txt,5,utf-8
2474,LIP-RTVE,speaker007_0245,83,../data/LIP-RTVE/WAVs/speaker007/speaker007_0245.wav,../data/LIP-RTVE/ROIs/speaker007/speaker007_0245.npz,../data/LIP-RTVE/transcriptions/speaker007/speaker007_0245.txt,5,utf-8
2475,LIP-RTVE,speaker007_0248,150,../data/LIP-RTVE/WAVs/speaker007/speaker007_0248.wav,../data/LIP-RTVE/ROIs/speaker007/speaker007_0248.npz,../data/LIP-RTVE/transcriptions/speaker007/speaker007_0248.txt,5,utf-8
2476,LIP-RTVE,speaker007_0249,28,../data/LIP-RTVE/WAVs/speaker007/speaker007_0249.wav,../data/LIP-RTVE/ROIs/speaker007/speaker007_0249.npz,../data/LIP-RTVE/transcriptions/speaker007/speaker007_0249.txt,5,utf-8
2477,LIP-RTVE,speaker007_0254,138,../data/LIP-RTVE/WAVs/speaker007/speaker007_0254.wav,../data/LIP-RTVE/ROIs/speaker007/speaker007_0254.npz,../data/LIP-RTVE/transcriptions/speaker007/speaker007_0254.txt,5,utf-8
2478,LIP-RTVE,speaker007_0255,26,../data/LIP-RTVE/WAVs/speaker007/speaker007_0255.wav,../data/LIP-RTVE/ROIs/speaker007/speaker007_0255.npz,../data/LIP-RTVE/transcriptions/speaker007/speaker007_0255.txt,5,utf-8
2479,LIP-RTVE,speaker007_0257,53,../data/LIP-RTVE/WAVs/speaker007/speaker007_0257.wav,../data/LIP-RTVE/ROIs/speaker007/speaker007_0257.npz,../data/LIP-RTVE/transcriptions/speaker007/speaker007_0257.txt,5,utf-8
2480,LIP-RTVE,speaker007_0258,148,../data/LIP-RTVE/WAVs/speaker007/speaker007_0258.wav,../data/LIP-RTVE/ROIs/speaker007/speaker007_0258.npz,../data/LIP-RTVE/transcriptions/speaker007/speaker007_0258.txt,5,utf-8
2481,LIP-RTVE,speaker007_0261,234,../data/LIP-RTVE/WAVs/speaker007/speaker007_0261.wav,../data/LIP-RTVE/ROIs/speaker007/speaker007_0261.npz,../data/LIP-RTVE/transcriptions/speaker007/speaker007_0261.txt,5,utf-8
2482,LIP-RTVE,speaker007_0262,170,../data/LIP-RTVE/WAVs/speaker007/speaker007_0262.wav,../data/LIP-RTVE/ROIs/speaker007/speaker007_0262.npz,../data/LIP-RTVE/transcriptions/speaker007/speaker007_0262.txt,5,utf-8
2483,LIP-RTVE,speaker008_0002,143,../data/LIP-RTVE/WAVs/speaker008/speaker008_0002.wav,../data/LIP-RTVE/ROIs/speaker008/speaker008_0002.npz,../data/LIP-RTVE/transcriptions/speaker008/speaker008_0002.txt,5,utf-8
2484,LIP-RTVE,speaker008_0003,110,../data/LIP-RTVE/WAVs/speaker008/speaker008_0003.wav,../data/LIP-RTVE/ROIs/speaker008/speaker008_0003.npz,../data/LIP-RTVE/transcriptions/speaker008/speaker008_0003.txt,5,utf-8
2485,LIP-RTVE,speaker008_0004,73,../data/LIP-RTVE/WAVs/speaker008/speaker008_0004.wav,../data/LIP-RTVE/ROIs/speaker008/speaker008_0004.npz,../data/LIP-RTVE/transcriptions/speaker008/speaker008_0004.txt,5,utf-8
2486,LIP-RTVE,speaker008_0005,177,../data/LIP-RTVE/WAVs/speaker008/speaker008_0005.wav,../data/LIP-RTVE/ROIs/speaker008/speaker008_0005.npz,../data/LIP-RTVE/transcriptions/speaker008/speaker008_0005.txt,5,utf-8
2487,LIP-RTVE,speaker008_0006,197,../data/LIP-RTVE/WAVs/speaker008/speaker008_0006.wav,../data/LIP-RTVE/ROIs/speaker008/speaker008_0006.npz,../data/LIP-RTVE/transcriptions/speaker008/speaker008_0006.txt,5,utf-8
2488,LIP-RTVE,speaker008_0007,74,../data/LIP-RTVE/WAVs/speaker008/speaker008_0007.wav,../data/LIP-RTVE/ROIs/speaker008/speaker008_0007.npz,../data/LIP-RTVE/transcriptions/speaker008/speaker008_0007.txt,5,utf-8
2489,LIP-RTVE,speaker008_0008,94,../data/LIP-RTVE/WAVs/speaker008/speaker008_0008.wav,../data/LIP-RTVE/ROIs/speaker008/speaker008_0008.npz,../data/LIP-RTVE/transcriptions/speaker008/speaker008_0008.txt,5,utf-8
2490,LIP-RTVE,speaker008_0010,114,../data/LIP-RTVE/WAVs/speaker008/speaker008_0010.wav,../data/LIP-RTVE/ROIs/speaker008/speaker008_0010.npz,../data/LIP-RTVE/transcriptions/speaker008/speaker008_0010.txt,5,utf-8
2491,LIP-RTVE,speaker008_0011,268,../data/LIP-RTVE/WAVs/speaker008/speaker008_0011.wav,../data/LIP-RTVE/ROIs/speaker008/speaker008_0011.npz,../data/LIP-RTVE/transcriptions/speaker008/speaker008_0011.txt,5,utf-8
2492,LIP-RTVE,speaker008_0012,81,../data/LIP-RTVE/WAVs/speaker008/speaker008_0012.wav,../data/LIP-RTVE/ROIs/speaker008/speaker008_0012.npz,../data/LIP-RTVE/transcriptions/speaker008/speaker008_0012.txt,5,utf-8
2493,LIP-RTVE,speaker008_0015,81,../data/LIP-RTVE/WAVs/speaker008/speaker008_0015.wav,../data/LIP-RTVE/ROIs/speaker008/speaker008_0015.npz,../data/LIP-RTVE/transcriptions/speaker008/speaker008_0015.txt,5,utf-8
2494,LIP-RTVE,speaker008_0016,211,../data/LIP-RTVE/WAVs/speaker008/speaker008_0016.wav,../data/LIP-RTVE/ROIs/speaker008/speaker008_0016.npz,../data/LIP-RTVE/transcriptions/speaker008/speaker008_0016.txt,5,utf-8
2495,LIP-RTVE,speaker008_0018,192,../data/LIP-RTVE/WAVs/speaker008/speaker008_0018.wav,../data/LIP-RTVE/ROIs/speaker008/speaker008_0018.npz,../data/LIP-RTVE/transcriptions/speaker008/speaker008_0018.txt,5,utf-8
2496,LIP-RTVE,speaker008_0019,111,../data/LIP-RTVE/WAVs/speaker008/speaker008_0019.wav,../data/LIP-RTVE/ROIs/speaker008/speaker008_0019.npz,../data/LIP-RTVE/transcriptions/speaker008/speaker008_0019.txt,5,utf-8
2497,LIP-RTVE,speaker008_0022,168,../data/LIP-RTVE/WAVs/speaker008/speaker008_0022.wav,../data/LIP-RTVE/ROIs/speaker008/speaker008_0022.npz,../data/LIP-RTVE/transcriptions/speaker008/speaker008_0022.txt,5,utf-8
2498,LIP-RTVE,speaker008_0023,51,../data/LIP-RTVE/WAVs/speaker008/speaker008_0023.wav,../data/LIP-RTVE/ROIs/speaker008/speaker008_0023.npz,../data/LIP-RTVE/transcriptions/speaker008/speaker008_0023.txt,5,utf-8
2499,LIP-RTVE,speaker008_0024,193,../data/LIP-RTVE/WAVs/speaker008/speaker008_0024.wav,../data/LIP-RTVE/ROIs/speaker008/speaker008_0024.npz,../data/LIP-RTVE/transcriptions/speaker008/speaker008_0024.txt,5,utf-8
2500,LIP-RTVE,speaker008_0027,158,../data/LIP-RTVE/WAVs/speaker008/speaker008_0027.wav,../data/LIP-RTVE/ROIs/speaker008/speaker008_0027.npz,../data/LIP-RTVE/transcriptions/speaker008/speaker008_0027.txt,5,utf-8
2501,LIP-RTVE,speaker008_0028,205,../data/LIP-RTVE/WAVs/speaker008/speaker008_0028.wav,../data/LIP-RTVE/ROIs/speaker008/speaker008_0028.npz,../data/LIP-RTVE/transcriptions/speaker008/speaker008_0028.txt,5,utf-8
2502,LIP-RTVE,speaker008_0029,143,../data/LIP-RTVE/WAVs/speaker008/speaker008_0029.wav,../data/LIP-RTVE/ROIs/speaker008/speaker008_0029.npz,../data/LIP-RTVE/transcriptions/speaker008/speaker008_0029.txt,5,utf-8
2503,LIP-RTVE,speaker008_0030,45,../data/LIP-RTVE/WAVs/speaker008/speaker008_0030.wav,../data/LIP-RTVE/ROIs/speaker008/speaker008_0030.npz,../data/LIP-RTVE/transcriptions/speaker008/speaker008_0030.txt,5,utf-8
2504,LIP-RTVE,speaker008_0031,97,../data/LIP-RTVE/WAVs/speaker008/speaker008_0031.wav,../data/LIP-RTVE/ROIs/speaker008/speaker008_0031.npz,../data/LIP-RTVE/transcriptions/speaker008/speaker008_0031.txt,5,utf-8
2505,LIP-RTVE,speaker009_0000,170,../data/LIP-RTVE/WAVs/speaker009/speaker009_0000.wav,../data/LIP-RTVE/ROIs/speaker009/speaker009_0000.npz,../data/LIP-RTVE/transcriptions/speaker009/speaker009_0000.txt,5,utf-8
2506,LIP-RTVE,speaker009_0002,362,../data/LIP-RTVE/WAVs/speaker009/speaker009_0002.wav,../data/LIP-RTVE/ROIs/speaker009/speaker009_0002.npz,../data/LIP-RTVE/transcriptions/speaker009/speaker009_0002.txt,5,utf-8
2507,LIP-RTVE,speaker009_0003,206,../data/LIP-RTVE/WAVs/speaker009/speaker009_0003.wav,../data/LIP-RTVE/ROIs/speaker009/speaker009_0003.npz,../data/LIP-RTVE/transcriptions/speaker009/speaker009_0003.txt,5,utf-8
2508,LIP-RTVE,speaker009_0004,368,../data/LIP-RTVE/WAVs/speaker009/speaker009_0004.wav,../data/LIP-RTVE/ROIs/speaker009/speaker009_0004.npz,../data/LIP-RTVE/transcriptions/speaker009/speaker009_0004.txt,5,utf-8
2509,LIP-RTVE,speaker009_0005,246,../data/LIP-RTVE/WAVs/speaker009/speaker009_0005.wav,../data/LIP-RTVE/ROIs/speaker009/speaker009_0005.npz,../data/LIP-RTVE/transcriptions/speaker009/speaker009_0005.txt,5,utf-8
2510,LIP-RTVE,speaker009_0006,124,../data/LIP-RTVE/WAVs/speaker009/speaker009_0006.wav,../data/LIP-RTVE/ROIs/speaker009/speaker009_0006.npz,../data/LIP-RTVE/transcriptions/speaker009/speaker009_0006.txt,5,utf-8
2511,LIP-RTVE,speaker009_0007,172,../data/LIP-RTVE/WAVs/speaker009/speaker009_0007.wav,../data/LIP-RTVE/ROIs/speaker009/speaker009_0007.npz,../data/LIP-RTVE/transcriptions/speaker009/speaker009_0007.txt,5,utf-8
2512,LIP-RTVE,speaker009_0008,144,../data/LIP-RTVE/WAVs/speaker009/speaker009_0008.wav,../data/LIP-RTVE/ROIs/speaker009/speaker009_0008.npz,../data/LIP-RTVE/transcriptions/speaker009/speaker009_0008.txt,5,utf-8
2513,LIP-RTVE,speaker009_0009,30,../data/LIP-RTVE/WAVs/speaker009/speaker009_0009.wav,../data/LIP-RTVE/ROIs/speaker009/speaker009_0009.npz,../data/LIP-RTVE/transcriptions/speaker009/speaker009_0009.txt,5,utf-8
2514,LIP-RTVE,speaker009_0011,42,../data/LIP-RTVE/WAVs/speaker009/speaker009_0011.wav,../data/LIP-RTVE/ROIs/speaker009/speaker009_0011.npz,../data/LIP-RTVE/transcriptions/speaker009/speaker009_0011.txt,5,utf-8
2515,LIP-RTVE,speaker009_0012,87,../data/LIP-RTVE/WAVs/speaker009/speaker009_0012.wav,../data/LIP-RTVE/ROIs/speaker009/speaker009_0012.npz,../data/LIP-RTVE/transcriptions/speaker009/speaker009_0012.txt,5,utf-8
2516,LIP-RTVE,speaker009_0013,55,../data/LIP-RTVE/WAVs/speaker009/speaker009_0013.wav,../data/LIP-RTVE/ROIs/speaker009/speaker009_0013.npz,../data/LIP-RTVE/transcriptions/speaker009/speaker009_0013.txt,5,utf-8
2517,LIP-RTVE,speaker009_0014,158,../data/LIP-RTVE/WAVs/speaker009/speaker009_0014.wav,../data/LIP-RTVE/ROIs/speaker009/speaker009_0014.npz,../data/LIP-RTVE/transcriptions/speaker009/speaker009_0014.txt,5,utf-8
2518,LIP-RTVE,speaker009_0017,114,../data/LIP-RTVE/WAVs/speaker009/speaker009_0017.wav,../data/LIP-RTVE/ROIs/speaker009/speaker009_0017.npz,../data/LIP-RTVE/transcriptions/speaker009/speaker009_0017.txt,5,utf-8
2519,LIP-RTVE,speaker009_0018,82,../data/LIP-RTVE/WAVs/speaker009/speaker009_0018.wav,../data/LIP-RTVE/ROIs/speaker009/speaker009_0018.npz,../data/LIP-RTVE/transcriptions/speaker009/speaker009_0018.txt,5,utf-8
2520,LIP-RTVE,speaker009_0019,112,../data/LIP-RTVE/WAVs/speaker009/speaker009_0019.wav,../data/LIP-RTVE/ROIs/speaker009/speaker009_0019.npz,../data/LIP-RTVE/transcriptions/speaker009/speaker009_0019.txt,5,utf-8
2521,LIP-RTVE,speaker009_0020,123,../data/LIP-RTVE/WAVs/speaker009/speaker009_0020.wav,../data/LIP-RTVE/ROIs/speaker009/speaker009_0020.npz,../data/LIP-RTVE/transcriptions/speaker009/speaker009_0020.txt,5,utf-8
2522,LIP-RTVE,speaker009_0021,350,../data/LIP-RTVE/WAVs/speaker009/speaker009_0021.wav,../data/LIP-RTVE/ROIs/speaker009/speaker009_0021.npz,../data/LIP-RTVE/transcriptions/speaker009/speaker009_0021.txt,5,utf-8
2523,LIP-RTVE,speaker009_0023,45,../data/LIP-RTVE/WAVs/speaker009/speaker009_0023.wav,../data/LIP-RTVE/ROIs/speaker009/speaker009_0023.npz,../data/LIP-RTVE/transcriptions/speaker009/speaker009_0023.txt,5,utf-8
2524,LIP-RTVE,speaker009_0024,146,../data/LIP-RTVE/WAVs/speaker009/speaker009_0024.wav,../data/LIP-RTVE/ROIs/speaker009/speaker009_0024.npz,../data/LIP-RTVE/transcriptions/speaker009/speaker009_0024.txt,5,utf-8
2525,LIP-RTVE,speaker009_0025,178,../data/LIP-RTVE/WAVs/speaker009/speaker009_0025.wav,../data/LIP-RTVE/ROIs/speaker009/speaker009_0025.npz,../data/LIP-RTVE/transcriptions/speaker009/speaker009_0025.txt,5,utf-8
2526,LIP-RTVE,speaker009_0026,71,../data/LIP-RTVE/WAVs/speaker009/speaker009_0026.wav,../data/LIP-RTVE/ROIs/speaker009/speaker009_0026.npz,../data/LIP-RTVE/transcriptions/speaker009/speaker009_0026.txt,5,utf-8
2527,LIP-RTVE,speaker009_0027,249,../data/LIP-RTVE/WAVs/speaker009/speaker009_0027.wav,../data/LIP-RTVE/ROIs/speaker009/speaker009_0027.npz,../data/LIP-RTVE/transcriptions/speaker009/speaker009_0027.txt,5,utf-8
2528,LIP-RTVE,speaker009_0030,271,../data/LIP-RTVE/WAVs/speaker009/speaker009_0030.wav,../data/LIP-RTVE/ROIs/speaker009/speaker009_0030.npz,../data/LIP-RTVE/transcriptions/speaker009/speaker009_0030.txt,5,utf-8
2529,LIP-RTVE,speaker009_0031,27,../data/LIP-RTVE/WAVs/speaker009/speaker009_0031.wav,../data/LIP-RTVE/ROIs/speaker009/speaker009_0031.npz,../data/LIP-RTVE/transcriptions/speaker009/speaker009_0031.txt,5,utf-8
2530,LIP-RTVE,speaker009_0032,67,../data/LIP-RTVE/WAVs/speaker009/speaker009_0032.wav,../data/LIP-RTVE/ROIs/speaker009/speaker009_0032.npz,../data/LIP-RTVE/transcriptions/speaker009/speaker009_0032.txt,5,utf-8
2531,LIP-RTVE,speaker009_0033,174,../data/LIP-RTVE/WAVs/speaker009/speaker009_0033.wav,../data/LIP-RTVE/ROIs/speaker009/speaker009_0033.npz,../data/LIP-RTVE/transcriptions/speaker009/speaker009_0033.txt,5,utf-8
2532,LIP-RTVE,speaker009_0034,128,../data/LIP-RTVE/WAVs/speaker009/speaker009_0034.wav,../data/LIP-RTVE/ROIs/speaker009/speaker009_0034.npz,../data/LIP-RTVE/transcriptions/speaker009/speaker009_0034.txt,5,utf-8
2533,LIP-RTVE,speaker009_0036,57,../data/LIP-RTVE/WAVs/speaker009/speaker009_0036.wav,../data/LIP-RTVE/ROIs/speaker009/speaker009_0036.npz,../data/LIP-RTVE/transcriptions/speaker009/speaker009_0036.txt,5,utf-8
2534,LIP-RTVE,speaker009_0037,72,../data/LIP-RTVE/WAVs/speaker009/speaker009_0037.wav,../data/LIP-RTVE/ROIs/speaker009/speaker009_0037.npz,../data/LIP-RTVE/transcriptions/speaker009/speaker009_0037.txt,5,utf-8
2535,LIP-RTVE,speaker009_0039,85,../data/LIP-RTVE/WAVs/speaker009/speaker009_0039.wav,../data/LIP-RTVE/ROIs/speaker009/speaker009_0039.npz,../data/LIP-RTVE/transcriptions/speaker009/speaker009_0039.txt,5,utf-8
2536,LIP-RTVE,speaker009_0040,133,../data/LIP-RTVE/WAVs/speaker009/speaker009_0040.wav,../data/LIP-RTVE/ROIs/speaker009/speaker009_0040.npz,../data/LIP-RTVE/transcriptions/speaker009/speaker009_0040.txt,5,utf-8
2537,LIP-RTVE,speaker009_0041,68,../data/LIP-RTVE/WAVs/speaker009/speaker009_0041.wav,../data/LIP-RTVE/ROIs/speaker009/speaker009_0041.npz,../data/LIP-RTVE/transcriptions/speaker009/speaker009_0041.txt,5,utf-8
2538,LIP-RTVE,speaker009_0044,43,../data/LIP-RTVE/WAVs/speaker009/speaker009_0044.wav,../data/LIP-RTVE/ROIs/speaker009/speaker009_0044.npz,../data/LIP-RTVE/transcriptions/speaker009/speaker009_0044.txt,5,utf-8
2539,LIP-RTVE,speaker009_0045,86,../data/LIP-RTVE/WAVs/speaker009/speaker009_0045.wav,../data/LIP-RTVE/ROIs/speaker009/speaker009_0045.npz,../data/LIP-RTVE/transcriptions/speaker009/speaker009_0045.txt,5,utf-8
2540,LIP-RTVE,speaker009_0047,174,../data/LIP-RTVE/WAVs/speaker009/speaker009_0047.wav,../data/LIP-RTVE/ROIs/speaker009/speaker009_0047.npz,../data/LIP-RTVE/transcriptions/speaker009/speaker009_0047.txt,5,utf-8
2541,LIP-RTVE,speaker009_0048,36,../data/LIP-RTVE/WAVs/speaker009/speaker009_0048.wav,../data/LIP-RTVE/ROIs/speaker009/speaker009_0048.npz,../data/LIP-RTVE/transcriptions/speaker009/speaker009_0048.txt,5,utf-8
2542,LIP-RTVE,speaker009_0050,59,../data/LIP-RTVE/WAVs/speaker009/speaker009_0050.wav,../data/LIP-RTVE/ROIs/speaker009/speaker009_0050.npz,../data/LIP-RTVE/transcriptions/speaker009/speaker009_0050.txt,5,utf-8
2543,LIP-RTVE,speaker009_0051,93,../data/LIP-RTVE/WAVs/speaker009/speaker009_0051.wav,../data/LIP-RTVE/ROIs/speaker009/speaker009_0051.npz,../data/LIP-RTVE/transcriptions/speaker009/speaker009_0051.txt,5,utf-8
2544,LIP-RTVE,speaker009_0052,38,../data/LIP-RTVE/WAVs/speaker009/speaker009_0052.wav,../data/LIP-RTVE/ROIs/speaker009/speaker009_0052.npz,../data/LIP-RTVE/transcriptions/speaker009/speaker009_0052.txt,5,utf-8
2545,LIP-RTVE,speaker009_0053,115,../data/LIP-RTVE/WAVs/speaker009/speaker009_0053.wav,../data/LIP-RTVE/ROIs/speaker009/speaker009_0053.npz,../data/LIP-RTVE/transcriptions/speaker009/speaker009_0053.txt,5,utf-8
2546,LIP-RTVE,speaker009_0055,84,../data/LIP-RTVE/WAVs/speaker009/speaker009_0055.wav,../data/LIP-RTVE/ROIs/speaker009/speaker009_0055.npz,../data/LIP-RTVE/transcriptions/speaker009/speaker009_0055.txt,5,utf-8
2547,LIP-RTVE,speaker009_0056,31,../data/LIP-RTVE/WAVs/speaker009/speaker009_0056.wav,../data/LIP-RTVE/ROIs/speaker009/speaker009_0056.npz,../data/LIP-RTVE/transcriptions/speaker009/speaker009_0056.txt,5,utf-8
2548,LIP-RTVE,speaker009_0057,59,../data/LIP-RTVE/WAVs/speaker009/speaker009_0057.wav,../data/LIP-RTVE/ROIs/speaker009/speaker009_0057.npz,../data/LIP-RTVE/transcriptions/speaker009/speaker009_0057.txt,5,utf-8
2549,LIP-RTVE,speaker009_0058,31,../data/LIP-RTVE/WAVs/speaker009/speaker009_0058.wav,../data/LIP-RTVE/ROIs/speaker009/speaker009_0058.npz,../data/LIP-RTVE/transcriptions/speaker009/speaker009_0058.txt,5,utf-8
2550,LIP-RTVE,speaker009_0059,26,../data/LIP-RTVE/WAVs/speaker009/speaker009_0059.wav,../data/LIP-RTVE/ROIs/speaker009/speaker009_0059.npz,../data/LIP-RTVE/transcriptions/speaker009/speaker009_0059.txt,5,utf-8
2551,LIP-RTVE,speaker009_0061,29,../data/LIP-RTVE/WAVs/speaker009/speaker009_0061.wav,../data/LIP-RTVE/ROIs/speaker009/speaker009_0061.npz,../data/LIP-RTVE/transcriptions/speaker009/speaker009_0061.txt,5,utf-8
2552,LIP-RTVE,speaker009_0062,118,../data/LIP-RTVE/WAVs/speaker009/speaker009_0062.wav,../data/LIP-RTVE/ROIs/speaker009/speaker009_0062.npz,../data/LIP-RTVE/transcriptions/speaker009/speaker009_0062.txt,5,utf-8
2553,LIP-RTVE,speaker009_0063,65,../data/LIP-RTVE/WAVs/speaker009/speaker009_0063.wav,../data/LIP-RTVE/ROIs/speaker009/speaker009_0063.npz,../data/LIP-RTVE/transcriptions/speaker009/speaker009_0063.txt,5,utf-8
2554,LIP-RTVE,speaker009_0064,41,../data/LIP-RTVE/WAVs/speaker009/speaker009_0064.wav,../data/LIP-RTVE/ROIs/speaker009/speaker009_0064.npz,../data/LIP-RTVE/transcriptions/speaker009/speaker009_0064.txt,5,utf-8
2555,LIP-RTVE,speaker009_0065,30,../data/LIP-RTVE/WAVs/speaker009/speaker009_0065.wav,../data/LIP-RTVE/ROIs/speaker009/speaker009_0065.npz,../data/LIP-RTVE/transcriptions/speaker009/speaker009_0065.txt,5,utf-8
2556,LIP-RTVE,speaker009_0066,24,../data/LIP-RTVE/WAVs/speaker009/speaker009_0066.wav,../data/LIP-RTVE/ROIs/speaker009/speaker009_0066.npz,../data/LIP-RTVE/transcriptions/speaker009/speaker009_0066.txt,5,utf-8
2557,LIP-RTVE,speaker009_0067,31,../data/LIP-RTVE/WAVs/speaker009/speaker009_0067.wav,../data/LIP-RTVE/ROIs/speaker009/speaker009_0067.npz,../data/LIP-RTVE/transcriptions/speaker009/speaker009_0067.txt,5,utf-8
2558,LIP-RTVE,speaker009_0068,58,../data/LIP-RTVE/WAVs/speaker009/speaker009_0068.wav,../data/LIP-RTVE/ROIs/speaker009/speaker009_0068.npz,../data/LIP-RTVE/transcriptions/speaker009/speaker009_0068.txt,5,utf-8
2559,LIP-RTVE,speaker009_0070,68,../data/LIP-RTVE/WAVs/speaker009/speaker009_0070.wav,../data/LIP-RTVE/ROIs/speaker009/speaker009_0070.npz,../data/LIP-RTVE/transcriptions/speaker009/speaker009_0070.txt,5,utf-8
2560,LIP-RTVE,speaker009_0071,58,../data/LIP-RTVE/WAVs/speaker009/speaker009_0071.wav,../data/LIP-RTVE/ROIs/speaker009/speaker009_0071.npz,../data/LIP-RTVE/transcriptions/speaker009/speaker009_0071.txt,5,utf-8
2561,LIP-RTVE,speaker009_0072,43,../data/LIP-RTVE/WAVs/speaker009/speaker009_0072.wav,../data/LIP-RTVE/ROIs/speaker009/speaker009_0072.npz,../data/LIP-RTVE/transcriptions/speaker009/speaker009_0072.txt,5,utf-8
2562,LIP-RTVE,speaker009_0073,41,../data/LIP-RTVE/WAVs/speaker009/speaker009_0073.wav,../data/LIP-RTVE/ROIs/speaker009/speaker009_0073.npz,../data/LIP-RTVE/transcriptions/speaker009/speaker009_0073.txt,5,utf-8
2563,LIP-RTVE,speaker009_0074,69,../data/LIP-RTVE/WAVs/speaker009/speaker009_0074.wav,../data/LIP-RTVE/ROIs/speaker009/speaker009_0074.npz,../data/LIP-RTVE/transcriptions/speaker009/speaker009_0074.txt,5,utf-8
2564,LIP-RTVE,speaker009_0077,76,../data/LIP-RTVE/WAVs/speaker009/speaker009_0077.wav,../data/LIP-RTVE/ROIs/speaker009/speaker009_0077.npz,../data/LIP-RTVE/transcriptions/speaker009/speaker009_0077.txt,5,utf-8
2565,LIP-RTVE,speaker009_0078,42,../data/LIP-RTVE/WAVs/speaker009/speaker009_0078.wav,../data/LIP-RTVE/ROIs/speaker009/speaker009_0078.npz,../data/LIP-RTVE/transcriptions/speaker009/speaker009_0078.txt,5,utf-8
2566,LIP-RTVE,speaker009_0080,129,../data/LIP-RTVE/WAVs/speaker009/speaker009_0080.wav,../data/LIP-RTVE/ROIs/speaker009/speaker009_0080.npz,../data/LIP-RTVE/transcriptions/speaker009/speaker009_0080.txt,5,utf-8
2567,LIP-RTVE,speaker009_0082,49,../data/LIP-RTVE/WAVs/speaker009/speaker009_0082.wav,../data/LIP-RTVE/ROIs/speaker009/speaker009_0082.npz,../data/LIP-RTVE/transcriptions/speaker009/speaker009_0082.txt,5,utf-8
2568,LIP-RTVE,speaker009_0083,121,../data/LIP-RTVE/WAVs/speaker009/speaker009_0083.wav,../data/LIP-RTVE/ROIs/speaker009/speaker009_0083.npz,../data/LIP-RTVE/transcriptions/speaker009/speaker009_0083.txt,5,utf-8
2569,LIP-RTVE,speaker009_0085,55,../data/LIP-RTVE/WAVs/speaker009/speaker009_0085.wav,../data/LIP-RTVE/ROIs/speaker009/speaker009_0085.npz,../data/LIP-RTVE/transcriptions/speaker009/speaker009_0085.txt,5,utf-8
2570,LIP-RTVE,speaker009_0086,158,../data/LIP-RTVE/WAVs/speaker009/speaker009_0086.wav,../data/LIP-RTVE/ROIs/speaker009/speaker009_0086.npz,../data/LIP-RTVE/transcriptions/speaker009/speaker009_0086.txt,5,utf-8
2571,LIP-RTVE,speaker009_0088,183,../data/LIP-RTVE/WAVs/speaker009/speaker009_0088.wav,../data/LIP-RTVE/ROIs/speaker009/speaker009_0088.npz,../data/LIP-RTVE/transcriptions/speaker009/speaker009_0088.txt,5,utf-8
2572,LIP-RTVE,speaker009_0090,128,../data/LIP-RTVE/WAVs/speaker009/speaker009_0090.wav,../data/LIP-RTVE/ROIs/speaker009/speaker009_0090.npz,../data/LIP-RTVE/transcriptions/speaker009/speaker009_0090.txt,5,utf-8
2573,LIP-RTVE,speaker009_0091,54,../data/LIP-RTVE/WAVs/speaker009/speaker009_0091.wav,../data/LIP-RTVE/ROIs/speaker009/speaker009_0091.npz,../data/LIP-RTVE/transcriptions/speaker009/speaker009_0091.txt,5,utf-8
2574,LIP-RTVE,speaker009_0092,201,../data/LIP-RTVE/WAVs/speaker009/speaker009_0092.wav,../data/LIP-RTVE/ROIs/speaker009/speaker009_0092.npz,../data/LIP-RTVE/transcriptions/speaker009/speaker009_0092.txt,5,utf-8
2575,LIP-RTVE,speaker009_0093,62,../data/LIP-RTVE/WAVs/speaker009/speaker009_0093.wav,../data/LIP-RTVE/ROIs/speaker009/speaker009_0093.npz,../data/LIP-RTVE/transcriptions/speaker009/speaker009_0093.txt,5,utf-8
2576,LIP-RTVE,speaker009_0096,40,../data/LIP-RTVE/WAVs/speaker009/speaker009_0096.wav,../data/LIP-RTVE/ROIs/speaker009/speaker009_0096.npz,../data/LIP-RTVE/transcriptions/speaker009/speaker009_0096.txt,5,utf-8
2577,LIP-RTVE,speaker009_0098,79,../data/LIP-RTVE/WAVs/speaker009/speaker009_0098.wav,../data/LIP-RTVE/ROIs/speaker009/speaker009_0098.npz,../data/LIP-RTVE/transcriptions/speaker009/speaker009_0098.txt,5,utf-8
2578,LIP-RTVE,speaker009_0103,213,../data/LIP-RTVE/WAVs/speaker009/speaker009_0103.wav,../data/LIP-RTVE/ROIs/speaker009/speaker009_0103.npz,../data/LIP-RTVE/transcriptions/speaker009/speaker009_0103.txt,5,utf-8
2579,LIP-RTVE,speaker009_0104,120,../data/LIP-RTVE/WAVs/speaker009/speaker009_0104.wav,../data/LIP-RTVE/ROIs/speaker009/speaker009_0104.npz,../data/LIP-RTVE/transcriptions/speaker009/speaker009_0104.txt,5,utf-8
2580,LIP-RTVE,speaker009_0105,74,../data/LIP-RTVE/WAVs/speaker009/speaker009_0105.wav,../data/LIP-RTVE/ROIs/speaker009/speaker009_0105.npz,../data/LIP-RTVE/transcriptions/speaker009/speaker009_0105.txt,5,utf-8
2581,LIP-RTVE,speaker009_0106,129,../data/LIP-RTVE/WAVs/speaker009/speaker009_0106.wav,../data/LIP-RTVE/ROIs/speaker009/speaker009_0106.npz,../data/LIP-RTVE/transcriptions/speaker009/speaker009_0106.txt,5,utf-8
2582,LIP-RTVE,speaker009_0107,94,../data/LIP-RTVE/WAVs/speaker009/speaker009_0107.wav,../data/LIP-RTVE/ROIs/speaker009/speaker009_0107.npz,../data/LIP-RTVE/transcriptions/speaker009/speaker009_0107.txt,5,utf-8
2583,LIP-RTVE,speaker009_0108,43,../data/LIP-RTVE/WAVs/speaker009/speaker009_0108.wav,../data/LIP-RTVE/ROIs/speaker009/speaker009_0108.npz,../data/LIP-RTVE/transcriptions/speaker009/speaker009_0108.txt,5,utf-8
2584,LIP-RTVE,speaker009_0109,92,../data/LIP-RTVE/WAVs/speaker009/speaker009_0109.wav,../data/LIP-RTVE/ROIs/speaker009/speaker009_0109.npz,../data/LIP-RTVE/transcriptions/speaker009/speaker009_0109.txt,5,utf-8
2585,LIP-RTVE,speaker009_0110,149,../data/LIP-RTVE/WAVs/speaker009/speaker009_0110.wav,../data/LIP-RTVE/ROIs/speaker009/speaker009_0110.npz,../data/LIP-RTVE/transcriptions/speaker009/speaker009_0110.txt,5,utf-8
2586,LIP-RTVE,speaker009_0111,57,../data/LIP-RTVE/WAVs/speaker009/speaker009_0111.wav,../data/LIP-RTVE/ROIs/speaker009/speaker009_0111.npz,../data/LIP-RTVE/transcriptions/speaker009/speaker009_0111.txt,5,utf-8
2587,LIP-RTVE,speaker009_0112,100,../data/LIP-RTVE/WAVs/speaker009/speaker009_0112.wav,../data/LIP-RTVE/ROIs/speaker009/speaker009_0112.npz,../data/LIP-RTVE/transcriptions/speaker009/speaker009_0112.txt,5,utf-8
2588,LIP-RTVE,speaker009_0113,187,../data/LIP-RTVE/WAVs/speaker009/speaker009_0113.wav,../data/LIP-RTVE/ROIs/speaker009/speaker009_0113.npz,../data/LIP-RTVE/transcriptions/speaker009/speaker009_0113.txt,5,utf-8
2589,LIP-RTVE,speaker009_0114,145,../data/LIP-RTVE/WAVs/speaker009/speaker009_0114.wav,../data/LIP-RTVE/ROIs/speaker009/speaker009_0114.npz,../data/LIP-RTVE/transcriptions/speaker009/speaker009_0114.txt,5,utf-8
2590,LIP-RTVE,speaker009_0115,92,../data/LIP-RTVE/WAVs/speaker009/speaker009_0115.wav,../data/LIP-RTVE/ROIs/speaker009/speaker009_0115.npz,../data/LIP-RTVE/transcriptions/speaker009/speaker009_0115.txt,5,utf-8
2591,LIP-RTVE,speaker009_0116,60,../data/LIP-RTVE/WAVs/speaker009/speaker009_0116.wav,../data/LIP-RTVE/ROIs/speaker009/speaker009_0116.npz,../data/LIP-RTVE/transcriptions/speaker009/speaker009_0116.txt,5,utf-8
2592,LIP-RTVE,speaker009_0117,148,../data/LIP-RTVE/WAVs/speaker009/speaker009_0117.wav,../data/LIP-RTVE/ROIs/speaker009/speaker009_0117.npz,../data/LIP-RTVE/transcriptions/speaker009/speaker009_0117.txt,5,utf-8
2593,LIP-RTVE,speaker009_0119,233,../data/LIP-RTVE/WAVs/speaker009/speaker009_0119.wav,../data/LIP-RTVE/ROIs/speaker009/speaker009_0119.npz,../data/LIP-RTVE/transcriptions/speaker009/speaker009_0119.txt,5,utf-8
2594,LIP-RTVE,speaker009_0121,112,../data/LIP-RTVE/WAVs/speaker009/speaker009_0121.wav,../data/LIP-RTVE/ROIs/speaker009/speaker009_0121.npz,../data/LIP-RTVE/transcriptions/speaker009/speaker009_0121.txt,5,utf-8
2595,LIP-RTVE,speaker009_0122,207,../data/LIP-RTVE/WAVs/speaker009/speaker009_0122.wav,../data/LIP-RTVE/ROIs/speaker009/speaker009_0122.npz,../data/LIP-RTVE/transcriptions/speaker009/speaker009_0122.txt,5,utf-8
2596,LIP-RTVE,speaker009_0123,149,../data/LIP-RTVE/WAVs/speaker009/speaker009_0123.wav,../data/LIP-RTVE/ROIs/speaker009/speaker009_0123.npz,../data/LIP-RTVE/transcriptions/speaker009/speaker009_0123.txt,5,utf-8
2597,LIP-RTVE,speaker009_0125,245,../data/LIP-RTVE/WAVs/speaker009/speaker009_0125.wav,../data/LIP-RTVE/ROIs/speaker009/speaker009_0125.npz,../data/LIP-RTVE/transcriptions/speaker009/speaker009_0125.txt,5,utf-8
2598,LIP-RTVE,speaker009_0126,133,../data/LIP-RTVE/WAVs/speaker009/speaker009_0126.wav,../data/LIP-RTVE/ROIs/speaker009/speaker009_0126.npz,../data/LIP-RTVE/transcriptions/speaker009/speaker009_0126.txt,5,utf-8
2599,LIP-RTVE,speaker009_0128,42,../data/LIP-RTVE/WAVs/speaker009/speaker009_0128.wav,../data/LIP-RTVE/ROIs/speaker009/speaker009_0128.npz,../data/LIP-RTVE/transcriptions/speaker009/speaker009_0128.txt,5,utf-8
2600,LIP-RTVE,speaker009_0131,107,../data/LIP-RTVE/WAVs/speaker009/speaker009_0131.wav,../data/LIP-RTVE/ROIs/speaker009/speaker009_0131.npz,../data/LIP-RTVE/transcriptions/speaker009/speaker009_0131.txt,5,utf-8
2601,LIP-RTVE,speaker009_0133,43,../data/LIP-RTVE/WAVs/speaker009/speaker009_0133.wav,../data/LIP-RTVE/ROIs/speaker009/speaker009_0133.npz,../data/LIP-RTVE/transcriptions/speaker009/speaker009_0133.txt,5,utf-8
2602,LIP-RTVE,speaker009_0134,195,../data/LIP-RTVE/WAVs/speaker009/speaker009_0134.wav,../data/LIP-RTVE/ROIs/speaker009/speaker009_0134.npz,../data/LIP-RTVE/transcriptions/speaker009/speaker009_0134.txt,5,utf-8
2603,LIP-RTVE,speaker009_0136,130,../data/LIP-RTVE/WAVs/speaker009/speaker009_0136.wav,../data/LIP-RTVE/ROIs/speaker009/speaker009_0136.npz,../data/LIP-RTVE/transcriptions/speaker009/speaker009_0136.txt,5,utf-8
2604,LIP-RTVE,speaker009_0137,228,../data/LIP-RTVE/WAVs/speaker009/speaker009_0137.wav,../data/LIP-RTVE/ROIs/speaker009/speaker009_0137.npz,../data/LIP-RTVE/transcriptions/speaker009/speaker009_0137.txt,5,utf-8
2605,LIP-RTVE,speaker009_0138,100,../data/LIP-RTVE/WAVs/speaker009/speaker009_0138.wav,../data/LIP-RTVE/ROIs/speaker009/speaker009_0138.npz,../data/LIP-RTVE/transcriptions/speaker009/speaker009_0138.txt,5,utf-8
2606,LIP-RTVE,speaker009_0140,115,../data/LIP-RTVE/WAVs/speaker009/speaker009_0140.wav,../data/LIP-RTVE/ROIs/speaker009/speaker009_0140.npz,../data/LIP-RTVE/transcriptions/speaker009/speaker009_0140.txt,5,utf-8
2607,LIP-RTVE,speaker009_0141,37,../data/LIP-RTVE/WAVs/speaker009/speaker009_0141.wav,../data/LIP-RTVE/ROIs/speaker009/speaker009_0141.npz,../data/LIP-RTVE/transcriptions/speaker009/speaker009_0141.txt,5,utf-8
2608,LIP-RTVE,speaker009_0142,178,../data/LIP-RTVE/WAVs/speaker009/speaker009_0142.wav,../data/LIP-RTVE/ROIs/speaker009/speaker009_0142.npz,../data/LIP-RTVE/transcriptions/speaker009/speaker009_0142.txt,5,utf-8
2609,LIP-RTVE,speaker009_0143,75,../data/LIP-RTVE/WAVs/speaker009/speaker009_0143.wav,../data/LIP-RTVE/ROIs/speaker009/speaker009_0143.npz,../data/LIP-RTVE/transcriptions/speaker009/speaker009_0143.txt,5,utf-8
2610,LIP-RTVE,speaker009_0144,50,../data/LIP-RTVE/WAVs/speaker009/speaker009_0144.wav,../data/LIP-RTVE/ROIs/speaker009/speaker009_0144.npz,../data/LIP-RTVE/transcriptions/speaker009/speaker009_0144.txt,5,utf-8
2611,LIP-RTVE,speaker009_0145,114,../data/LIP-RTVE/WAVs/speaker009/speaker009_0145.wav,../data/LIP-RTVE/ROIs/speaker009/speaker009_0145.npz,../data/LIP-RTVE/transcriptions/speaker009/speaker009_0145.txt,5,utf-8
2612,LIP-RTVE,speaker009_0146,75,../data/LIP-RTVE/WAVs/speaker009/speaker009_0146.wav,../data/LIP-RTVE/ROIs/speaker009/speaker009_0146.npz,../data/LIP-RTVE/transcriptions/speaker009/speaker009_0146.txt,5,utf-8
2613,LIP-RTVE,speaker009_0148,155,../data/LIP-RTVE/WAVs/speaker009/speaker009_0148.wav,../data/LIP-RTVE/ROIs/speaker009/speaker009_0148.npz,../data/LIP-RTVE/transcriptions/speaker009/speaker009_0148.txt,5,utf-8
2614,LIP-RTVE,speaker009_0150,34,../data/LIP-RTVE/WAVs/speaker009/speaker009_0150.wav,../data/LIP-RTVE/ROIs/speaker009/speaker009_0150.npz,../data/LIP-RTVE/transcriptions/speaker009/speaker009_0150.txt,5,utf-8
2615,LIP-RTVE,speaker009_0151,169,../data/LIP-RTVE/WAVs/speaker009/speaker009_0151.wav,../data/LIP-RTVE/ROIs/speaker009/speaker009_0151.npz,../data/LIP-RTVE/transcriptions/speaker009/speaker009_0151.txt,5,utf-8
2616,LIP-RTVE,speaker009_0152,78,../data/LIP-RTVE/WAVs/speaker009/speaker009_0152.wav,../data/LIP-RTVE/ROIs/speaker009/speaker009_0152.npz,../data/LIP-RTVE/transcriptions/speaker009/speaker009_0152.txt,5,utf-8
2617,LIP-RTVE,speaker009_0153,155,../data/LIP-RTVE/WAVs/speaker009/speaker009_0153.wav,../data/LIP-RTVE/ROIs/speaker009/speaker009_0153.npz,../data/LIP-RTVE/transcriptions/speaker009/speaker009_0153.txt,5,utf-8
2618,LIP-RTVE,speaker009_0155,269,../data/LIP-RTVE/WAVs/speaker009/speaker009_0155.wav,../data/LIP-RTVE/ROIs/speaker009/speaker009_0155.npz,../data/LIP-RTVE/transcriptions/speaker009/speaker009_0155.txt,5,utf-8
2619,LIP-RTVE,speaker009_0156,124,../data/LIP-RTVE/WAVs/speaker009/speaker009_0156.wav,../data/LIP-RTVE/ROIs/speaker009/speaker009_0156.npz,../data/LIP-RTVE/transcriptions/speaker009/speaker009_0156.txt,5,utf-8
2620,LIP-RTVE,speaker009_0157,91,../data/LIP-RTVE/WAVs/speaker009/speaker009_0157.wav,../data/LIP-RTVE/ROIs/speaker009/speaker009_0157.npz,../data/LIP-RTVE/transcriptions/speaker009/speaker009_0157.txt,5,utf-8
2621,LIP-RTVE,speaker009_0158,190,../data/LIP-RTVE/WAVs/speaker009/speaker009_0158.wav,../data/LIP-RTVE/ROIs/speaker009/speaker009_0158.npz,../data/LIP-RTVE/transcriptions/speaker009/speaker009_0158.txt,5,utf-8
2622,LIP-RTVE,speaker009_0162,161,../data/LIP-RTVE/WAVs/speaker009/speaker009_0162.wav,../data/LIP-RTVE/ROIs/speaker009/speaker009_0162.npz,../data/LIP-RTVE/transcriptions/speaker009/speaker009_0162.txt,5,utf-8
2623,LIP-RTVE,speaker009_0163,198,../data/LIP-RTVE/WAVs/speaker009/speaker009_0163.wav,../data/LIP-RTVE/ROIs/speaker009/speaker009_0163.npz,../data/LIP-RTVE/transcriptions/speaker009/speaker009_0163.txt,5,utf-8
2624,LIP-RTVE,speaker009_0164,120,../data/LIP-RTVE/WAVs/speaker009/speaker009_0164.wav,../data/LIP-RTVE/ROIs/speaker009/speaker009_0164.npz,../data/LIP-RTVE/transcriptions/speaker009/speaker009_0164.txt,5,utf-8
2625,LIP-RTVE,speaker009_0165,120,../data/LIP-RTVE/WAVs/speaker009/speaker009_0165.wav,../data/LIP-RTVE/ROIs/speaker009/speaker009_0165.npz,../data/LIP-RTVE/transcriptions/speaker009/speaker009_0165.txt,5,utf-8
2626,LIP-RTVE,speaker009_0166,207,../data/LIP-RTVE/WAVs/speaker009/speaker009_0166.wav,../data/LIP-RTVE/ROIs/speaker009/speaker009_0166.npz,../data/LIP-RTVE/transcriptions/speaker009/speaker009_0166.txt,5,utf-8
2627,LIP-RTVE,speaker009_0168,121,../data/LIP-RTVE/WAVs/speaker009/speaker009_0168.wav,../data/LIP-RTVE/ROIs/speaker009/speaker009_0168.npz,../data/LIP-RTVE/transcriptions/speaker009/speaker009_0168.txt,5,utf-8
2628,LIP-RTVE,speaker009_0170,67,../data/LIP-RTVE/WAVs/speaker009/speaker009_0170.wav,../data/LIP-RTVE/ROIs/speaker009/speaker009_0170.npz,../data/LIP-RTVE/transcriptions/speaker009/speaker009_0170.txt,5,utf-8
2629,LIP-RTVE,speaker009_0171,54,../data/LIP-RTVE/WAVs/speaker009/speaker009_0171.wav,../data/LIP-RTVE/ROIs/speaker009/speaker009_0171.npz,../data/LIP-RTVE/transcriptions/speaker009/speaker009_0171.txt,5,utf-8
2630,LIP-RTVE,speaker009_0173,133,../data/LIP-RTVE/WAVs/speaker009/speaker009_0173.wav,../data/LIP-RTVE/ROIs/speaker009/speaker009_0173.npz,../data/LIP-RTVE/transcriptions/speaker009/speaker009_0173.txt,5,utf-8
2631,LIP-RTVE,speaker009_0174,204,../data/LIP-RTVE/WAVs/speaker009/speaker009_0174.wav,../data/LIP-RTVE/ROIs/speaker009/speaker009_0174.npz,../data/LIP-RTVE/transcriptions/speaker009/speaker009_0174.txt,5,utf-8
2632,LIP-RTVE,speaker009_0177,218,../data/LIP-RTVE/WAVs/speaker009/speaker009_0177.wav,../data/LIP-RTVE/ROIs/speaker009/speaker009_0177.npz,../data/LIP-RTVE/transcriptions/speaker009/speaker009_0177.txt,5,utf-8
2633,LIP-RTVE,speaker009_0178,133,../data/LIP-RTVE/WAVs/speaker009/speaker009_0178.wav,../data/LIP-RTVE/ROIs/speaker009/speaker009_0178.npz,../data/LIP-RTVE/transcriptions/speaker009/speaker009_0178.txt,5,utf-8
2634,LIP-RTVE,speaker009_0179,243,../data/LIP-RTVE/WAVs/speaker009/speaker009_0179.wav,../data/LIP-RTVE/ROIs/speaker009/speaker009_0179.npz,../data/LIP-RTVE/transcriptions/speaker009/speaker009_0179.txt,5,utf-8
2635,LIP-RTVE,speaker009_0180,46,../data/LIP-RTVE/WAVs/speaker009/speaker009_0180.wav,../data/LIP-RTVE/ROIs/speaker009/speaker009_0180.npz,../data/LIP-RTVE/transcriptions/speaker009/speaker009_0180.txt,5,utf-8
2636,LIP-RTVE,speaker009_0182,188,../data/LIP-RTVE/WAVs/speaker009/speaker009_0182.wav,../data/LIP-RTVE/ROIs/speaker009/speaker009_0182.npz,../data/LIP-RTVE/transcriptions/speaker009/speaker009_0182.txt,5,utf-8
2637,LIP-RTVE,speaker009_0185,83,../data/LIP-RTVE/WAVs/speaker009/speaker009_0185.wav,../data/LIP-RTVE/ROIs/speaker009/speaker009_0185.npz,../data/LIP-RTVE/transcriptions/speaker009/speaker009_0185.txt,5,utf-8
2638,LIP-RTVE,speaker009_0186,98,../data/LIP-RTVE/WAVs/speaker009/speaker009_0186.wav,../data/LIP-RTVE/ROIs/speaker009/speaker009_0186.npz,../data/LIP-RTVE/transcriptions/speaker009/speaker009_0186.txt,5,utf-8
2639,LIP-RTVE,speaker009_0187,36,../data/LIP-RTVE/WAVs/speaker009/speaker009_0187.wav,../data/LIP-RTVE/ROIs/speaker009/speaker009_0187.npz,../data/LIP-RTVE/transcriptions/speaker009/speaker009_0187.txt,5,utf-8
2640,LIP-RTVE,speaker009_0190,153,../data/LIP-RTVE/WAVs/speaker009/speaker009_0190.wav,../data/LIP-RTVE/ROIs/speaker009/speaker009_0190.npz,../data/LIP-RTVE/transcriptions/speaker009/speaker009_0190.txt,5,utf-8
2641,LIP-RTVE,speaker009_0191,149,../data/LIP-RTVE/WAVs/speaker009/speaker009_0191.wav,../data/LIP-RTVE/ROIs/speaker009/speaker009_0191.npz,../data/LIP-RTVE/transcriptions/speaker009/speaker009_0191.txt,5,utf-8
2642,LIP-RTVE,speaker009_0192,223,../data/LIP-RTVE/WAVs/speaker009/speaker009_0192.wav,../data/LIP-RTVE/ROIs/speaker009/speaker009_0192.npz,../data/LIP-RTVE/transcriptions/speaker009/speaker009_0192.txt,5,utf-8
2643,LIP-RTVE,speaker009_0194,165,../data/LIP-RTVE/WAVs/speaker009/speaker009_0194.wav,../data/LIP-RTVE/ROIs/speaker009/speaker009_0194.npz,../data/LIP-RTVE/transcriptions/speaker009/speaker009_0194.txt,5,utf-8
2644,LIP-RTVE,speaker009_0195,138,../data/LIP-RTVE/WAVs/speaker009/speaker009_0195.wav,../data/LIP-RTVE/ROIs/speaker009/speaker009_0195.npz,../data/LIP-RTVE/transcriptions/speaker009/speaker009_0195.txt,5,utf-8
2645,LIP-RTVE,speaker009_0196,226,../data/LIP-RTVE/WAVs/speaker009/speaker009_0196.wav,../data/LIP-RTVE/ROIs/speaker009/speaker009_0196.npz,../data/LIP-RTVE/transcriptions/speaker009/speaker009_0196.txt,5,utf-8
2646,LIP-RTVE,speaker009_0197,163,../data/LIP-RTVE/WAVs/speaker009/speaker009_0197.wav,../data/LIP-RTVE/ROIs/speaker009/speaker009_0197.npz,../data/LIP-RTVE/transcriptions/speaker009/speaker009_0197.txt,5,utf-8
2647,LIP-RTVE,speaker009_0198,264,../data/LIP-RTVE/WAVs/speaker009/speaker009_0198.wav,../data/LIP-RTVE/ROIs/speaker009/speaker009_0198.npz,../data/LIP-RTVE/transcriptions/speaker009/speaker009_0198.txt,5,utf-8
2648,LIP-RTVE,speaker009_0200,157,../data/LIP-RTVE/WAVs/speaker009/speaker009_0200.wav,../data/LIP-RTVE/ROIs/speaker009/speaker009_0200.npz,../data/LIP-RTVE/transcriptions/speaker009/speaker009_0200.txt,5,utf-8
2649,LIP-RTVE,speaker009_0201,239,../data/LIP-RTVE/WAVs/speaker009/speaker009_0201.wav,../data/LIP-RTVE/ROIs/speaker009/speaker009_0201.npz,../data/LIP-RTVE/transcriptions/speaker009/speaker009_0201.txt,5,utf-8
2650,LIP-RTVE,speaker009_0202,52,../data/LIP-RTVE/WAVs/speaker009/speaker009_0202.wav,../data/LIP-RTVE/ROIs/speaker009/speaker009_0202.npz,../data/LIP-RTVE/transcriptions/speaker009/speaker009_0202.txt,5,utf-8
2651,LIP-RTVE,speaker010_0000,80,../data/LIP-RTVE/WAVs/speaker010/speaker010_0000.wav,../data/LIP-RTVE/ROIs/speaker010/speaker010_0000.npz,../data/LIP-RTVE/transcriptions/speaker010/speaker010_0000.txt,5,utf-8
2652,LIP-RTVE,speaker010_0002,153,../data/LIP-RTVE/WAVs/speaker010/speaker010_0002.wav,../data/LIP-RTVE/ROIs/speaker010/speaker010_0002.npz,../data/LIP-RTVE/transcriptions/speaker010/speaker010_0002.txt,5,utf-8
2653,LIP-RTVE,speaker010_0003,45,../data/LIP-RTVE/WAVs/speaker010/speaker010_0003.wav,../data/LIP-RTVE/ROIs/speaker010/speaker010_0003.npz,../data/LIP-RTVE/transcriptions/speaker010/speaker010_0003.txt,5,utf-8
2654,LIP-RTVE,speaker010_0004,33,../data/LIP-RTVE/WAVs/speaker010/speaker010_0004.wav,../data/LIP-RTVE/ROIs/speaker010/speaker010_0004.npz,../data/LIP-RTVE/transcriptions/speaker010/speaker010_0004.txt,5,utf-8
2655,LIP-RTVE,speaker010_0008,54,../data/LIP-RTVE/WAVs/speaker010/speaker010_0008.wav,../data/LIP-RTVE/ROIs/speaker010/speaker010_0008.npz,../data/LIP-RTVE/transcriptions/speaker010/speaker010_0008.txt,5,utf-8
2656,LIP-RTVE,speaker010_0010,126,../data/LIP-RTVE/WAVs/speaker010/speaker010_0010.wav,../data/LIP-RTVE/ROIs/speaker010/speaker010_0010.npz,../data/LIP-RTVE/transcriptions/speaker010/speaker010_0010.txt,5,utf-8
2657,LIP-RTVE,speaker010_0011,397,../data/LIP-RTVE/WAVs/speaker010/speaker010_0011.wav,../data/LIP-RTVE/ROIs/speaker010/speaker010_0011.npz,../data/LIP-RTVE/transcriptions/speaker010/speaker010_0011.txt,5,utf-8
2658,LIP-RTVE,speaker010_0012,128,../data/LIP-RTVE/WAVs/speaker010/speaker010_0012.wav,../data/LIP-RTVE/ROIs/speaker010/speaker010_0012.npz,../data/LIP-RTVE/transcriptions/speaker010/speaker010_0012.txt,5,utf-8
2659,LIP-RTVE,speaker010_0013,108,../data/LIP-RTVE/WAVs/speaker010/speaker010_0013.wav,../data/LIP-RTVE/ROIs/speaker010/speaker010_0013.npz,../data/LIP-RTVE/transcriptions/speaker010/speaker010_0013.txt,5,utf-8
2660,LIP-RTVE,speaker010_0014,145,../data/LIP-RTVE/WAVs/speaker010/speaker010_0014.wav,../data/LIP-RTVE/ROIs/speaker010/speaker010_0014.npz,../data/LIP-RTVE/transcriptions/speaker010/speaker010_0014.txt,5,utf-8
2661,LIP-RTVE,speaker010_0015,43,../data/LIP-RTVE/WAVs/speaker010/speaker010_0015.wav,../data/LIP-RTVE/ROIs/speaker010/speaker010_0015.npz,../data/LIP-RTVE/transcriptions/speaker010/speaker010_0015.txt,5,utf-8
2662,LIP-RTVE,speaker010_0016,69,../data/LIP-RTVE/WAVs/speaker010/speaker010_0016.wav,../data/LIP-RTVE/ROIs/speaker010/speaker010_0016.npz,../data/LIP-RTVE/transcriptions/speaker010/speaker010_0016.txt,5,utf-8
2663,LIP-RTVE,speaker010_0017,27,../data/LIP-RTVE/WAVs/speaker010/speaker010_0017.wav,../data/LIP-RTVE/ROIs/speaker010/speaker010_0017.npz,../data/LIP-RTVE/transcriptions/speaker010/speaker010_0017.txt,5,utf-8
2664,LIP-RTVE,speaker010_0018,133,../data/LIP-RTVE/WAVs/speaker010/speaker010_0018.wav,../data/LIP-RTVE/ROIs/speaker010/speaker010_0018.npz,../data/LIP-RTVE/transcriptions/speaker010/speaker010_0018.txt,5,utf-8
2665,LIP-RTVE,speaker010_0021,140,../data/LIP-RTVE/WAVs/speaker010/speaker010_0021.wav,../data/LIP-RTVE/ROIs/speaker010/speaker010_0021.npz,../data/LIP-RTVE/transcriptions/speaker010/speaker010_0021.txt,5,utf-8
2666,LIP-RTVE,speaker010_0023,39,../data/LIP-RTVE/WAVs/speaker010/speaker010_0023.wav,../data/LIP-RTVE/ROIs/speaker010/speaker010_0023.npz,../data/LIP-RTVE/transcriptions/speaker010/speaker010_0023.txt,5,utf-8
2667,LIP-RTVE,speaker010_0027,217,../data/LIP-RTVE/WAVs/speaker010/speaker010_0027.wav,../data/LIP-RTVE/ROIs/speaker010/speaker010_0027.npz,../data/LIP-RTVE/transcriptions/speaker010/speaker010_0027.txt,5,utf-8
2668,LIP-RTVE,speaker010_0028,25,../data/LIP-RTVE/WAVs/speaker010/speaker010_0028.wav,../data/LIP-RTVE/ROIs/speaker010/speaker010_0028.npz,../data/LIP-RTVE/transcriptions/speaker010/speaker010_0028.txt,5,utf-8
2669,LIP-RTVE,speaker010_0029,121,../data/LIP-RTVE/WAVs/speaker010/speaker010_0029.wav,../data/LIP-RTVE/ROIs/speaker010/speaker010_0029.npz,../data/LIP-RTVE/transcriptions/speaker010/speaker010_0029.txt,5,utf-8
2670,LIP-RTVE,speaker010_0031,73,../data/LIP-RTVE/WAVs/speaker010/speaker010_0031.wav,../data/LIP-RTVE/ROIs/speaker010/speaker010_0031.npz,../data/LIP-RTVE/transcriptions/speaker010/speaker010_0031.txt,5,utf-8
2671,LIP-RTVE,speaker010_0032,101,../data/LIP-RTVE/WAVs/speaker010/speaker010_0032.wav,../data/LIP-RTVE/ROIs/speaker010/speaker010_0032.npz,../data/LIP-RTVE/transcriptions/speaker010/speaker010_0032.txt,5,utf-8
2672,LIP-RTVE,speaker010_0033,31,../data/LIP-RTVE/WAVs/speaker010/speaker010_0033.wav,../data/LIP-RTVE/ROIs/speaker010/speaker010_0033.npz,../data/LIP-RTVE/transcriptions/speaker010/speaker010_0033.txt,5,utf-8
2673,LIP-RTVE,speaker010_0034,56,../data/LIP-RTVE/WAVs/speaker010/speaker010_0034.wav,../data/LIP-RTVE/ROIs/speaker010/speaker010_0034.npz,../data/LIP-RTVE/transcriptions/speaker010/speaker010_0034.txt,5,utf-8
2674,LIP-RTVE,speaker010_0035,85,../data/LIP-RTVE/WAVs/speaker010/speaker010_0035.wav,../data/LIP-RTVE/ROIs/speaker010/speaker010_0035.npz,../data/LIP-RTVE/transcriptions/speaker010/speaker010_0035.txt,5,utf-8
2675,LIP-RTVE,speaker010_0036,125,../data/LIP-RTVE/WAVs/speaker010/speaker010_0036.wav,../data/LIP-RTVE/ROIs/speaker010/speaker010_0036.npz,../data/LIP-RTVE/transcriptions/speaker010/speaker010_0036.txt,5,utf-8
2676,LIP-RTVE,speaker010_0037,72,../data/LIP-RTVE/WAVs/speaker010/speaker010_0037.wav,../data/LIP-RTVE/ROIs/speaker010/speaker010_0037.npz,../data/LIP-RTVE/transcriptions/speaker010/speaker010_0037.txt,5,utf-8
2677,LIP-RTVE,speaker010_0038,26,../data/LIP-RTVE/WAVs/speaker010/speaker010_0038.wav,../data/LIP-RTVE/ROIs/speaker010/speaker010_0038.npz,../data/LIP-RTVE/transcriptions/speaker010/speaker010_0038.txt,5,utf-8
2678,LIP-RTVE,speaker010_0039,35,../data/LIP-RTVE/WAVs/speaker010/speaker010_0039.wav,../data/LIP-RTVE/ROIs/speaker010/speaker010_0039.npz,../data/LIP-RTVE/transcriptions/speaker010/speaker010_0039.txt,5,utf-8
2679,LIP-RTVE,speaker010_0040,33,../data/LIP-RTVE/WAVs/speaker010/speaker010_0040.wav,../data/LIP-RTVE/ROIs/speaker010/speaker010_0040.npz,../data/LIP-RTVE/transcriptions/speaker010/speaker010_0040.txt,5,utf-8
2680,LIP-RTVE,speaker010_0041,41,../data/LIP-RTVE/WAVs/speaker010/speaker010_0041.wav,../data/LIP-RTVE/ROIs/speaker010/speaker010_0041.npz,../data/LIP-RTVE/transcriptions/speaker010/speaker010_0041.txt,5,utf-8
2681,LIP-RTVE,speaker010_0042,35,../data/LIP-RTVE/WAVs/speaker010/speaker010_0042.wav,../data/LIP-RTVE/ROIs/speaker010/speaker010_0042.npz,../data/LIP-RTVE/transcriptions/speaker010/speaker010_0042.txt,5,utf-8
2682,LIP-RTVE,speaker010_0043,47,../data/LIP-RTVE/WAVs/speaker010/speaker010_0043.wav,../data/LIP-RTVE/ROIs/speaker010/speaker010_0043.npz,../data/LIP-RTVE/transcriptions/speaker010/speaker010_0043.txt,5,utf-8
2683,LIP-RTVE,speaker010_0044,99,../data/LIP-RTVE/WAVs/speaker010/speaker010_0044.wav,../data/LIP-RTVE/ROIs/speaker010/speaker010_0044.npz,../data/LIP-RTVE/transcriptions/speaker010/speaker010_0044.txt,5,utf-8
2684,LIP-RTVE,speaker010_0045,83,../data/LIP-RTVE/WAVs/speaker010/speaker010_0045.wav,../data/LIP-RTVE/ROIs/speaker010/speaker010_0045.npz,../data/LIP-RTVE/transcriptions/speaker010/speaker010_0045.txt,5,utf-8
2685,LIP-RTVE,speaker010_0047,27,../data/LIP-RTVE/WAVs/speaker010/speaker010_0047.wav,../data/LIP-RTVE/ROIs/speaker010/speaker010_0047.npz,../data/LIP-RTVE/transcriptions/speaker010/speaker010_0047.txt,5,utf-8
2686,LIP-RTVE,speaker010_0048,36,../data/LIP-RTVE/WAVs/speaker010/speaker010_0048.wav,../data/LIP-RTVE/ROIs/speaker010/speaker010_0048.npz,../data/LIP-RTVE/transcriptions/speaker010/speaker010_0048.txt,5,utf-8
2687,LIP-RTVE,speaker010_0049,168,../data/LIP-RTVE/WAVs/speaker010/speaker010_0049.wav,../data/LIP-RTVE/ROIs/speaker010/speaker010_0049.npz,../data/LIP-RTVE/transcriptions/speaker010/speaker010_0049.txt,5,utf-8
2688,LIP-RTVE,speaker010_0051,54,../data/LIP-RTVE/WAVs/speaker010/speaker010_0051.wav,../data/LIP-RTVE/ROIs/speaker010/speaker010_0051.npz,../data/LIP-RTVE/transcriptions/speaker010/speaker010_0051.txt,5,utf-8
2689,LIP-RTVE,speaker010_0053,32,../data/LIP-RTVE/WAVs/speaker010/speaker010_0053.wav,../data/LIP-RTVE/ROIs/speaker010/speaker010_0053.npz,../data/LIP-RTVE/transcriptions/speaker010/speaker010_0053.txt,5,utf-8
2690,LIP-RTVE,speaker010_0054,58,../data/LIP-RTVE/WAVs/speaker010/speaker010_0054.wav,../data/LIP-RTVE/ROIs/speaker010/speaker010_0054.npz,../data/LIP-RTVE/transcriptions/speaker010/speaker010_0054.txt,5,utf-8
2691,LIP-RTVE,speaker010_0055,38,../data/LIP-RTVE/WAVs/speaker010/speaker010_0055.wav,../data/LIP-RTVE/ROIs/speaker010/speaker010_0055.npz,../data/LIP-RTVE/transcriptions/speaker010/speaker010_0055.txt,5,utf-8
2692,LIP-RTVE,speaker010_0057,152,../data/LIP-RTVE/WAVs/speaker010/speaker010_0057.wav,../data/LIP-RTVE/ROIs/speaker010/speaker010_0057.npz,../data/LIP-RTVE/transcriptions/speaker010/speaker010_0057.txt,5,utf-8
2693,LIP-RTVE,speaker010_0058,342,../data/LIP-RTVE/WAVs/speaker010/speaker010_0058.wav,../data/LIP-RTVE/ROIs/speaker010/speaker010_0058.npz,../data/LIP-RTVE/transcriptions/speaker010/speaker010_0058.txt,5,utf-8
2694,LIP-RTVE,speaker010_0059,64,../data/LIP-RTVE/WAVs/speaker010/speaker010_0059.wav,../data/LIP-RTVE/ROIs/speaker010/speaker010_0059.npz,../data/LIP-RTVE/transcriptions/speaker010/speaker010_0059.txt,5,utf-8
2695,LIP-RTVE,speaker010_0062,354,../data/LIP-RTVE/WAVs/speaker010/speaker010_0062.wav,../data/LIP-RTVE/ROIs/speaker010/speaker010_0062.npz,../data/LIP-RTVE/transcriptions/speaker010/speaker010_0062.txt,5,utf-8
2696,LIP-RTVE,speaker010_0064,42,../data/LIP-RTVE/WAVs/speaker010/speaker010_0064.wav,../data/LIP-RTVE/ROIs/speaker010/speaker010_0064.npz,../data/LIP-RTVE/transcriptions/speaker010/speaker010_0064.txt,5,utf-8
2697,LIP-RTVE,speaker010_0065,186,../data/LIP-RTVE/WAVs/speaker010/speaker010_0065.wav,../data/LIP-RTVE/ROIs/speaker010/speaker010_0065.npz,../data/LIP-RTVE/transcriptions/speaker010/speaker010_0065.txt,5,utf-8
2698,LIP-RTVE,speaker010_0066,58,../data/LIP-RTVE/WAVs/speaker010/speaker010_0066.wav,../data/LIP-RTVE/ROIs/speaker010/speaker010_0066.npz,../data/LIP-RTVE/transcriptions/speaker010/speaker010_0066.txt,5,utf-8
2699,LIP-RTVE,speaker010_0067,37,../data/LIP-RTVE/WAVs/speaker010/speaker010_0067.wav,../data/LIP-RTVE/ROIs/speaker010/speaker010_0067.npz,../data/LIP-RTVE/transcriptions/speaker010/speaker010_0067.txt,5,utf-8
2700,LIP-RTVE,speaker010_0069,62,../data/LIP-RTVE/WAVs/speaker010/speaker010_0069.wav,../data/LIP-RTVE/ROIs/speaker010/speaker010_0069.npz,../data/LIP-RTVE/transcriptions/speaker010/speaker010_0069.txt,5,utf-8
2701,LIP-RTVE,speaker010_0070,38,../data/LIP-RTVE/WAVs/speaker010/speaker010_0070.wav,../data/LIP-RTVE/ROIs/speaker010/speaker010_0070.npz,../data/LIP-RTVE/transcriptions/speaker010/speaker010_0070.txt,5,utf-8
2702,LIP-RTVE,speaker010_0072,67,../data/LIP-RTVE/WAVs/speaker010/speaker010_0072.wav,../data/LIP-RTVE/ROIs/speaker010/speaker010_0072.npz,../data/LIP-RTVE/transcriptions/speaker010/speaker010_0072.txt,5,utf-8
2703,LIP-RTVE,speaker010_0074,80,../data/LIP-RTVE/WAVs/speaker010/speaker010_0074.wav,../data/LIP-RTVE/ROIs/speaker010/speaker010_0074.npz,../data/LIP-RTVE/transcriptions/speaker010/speaker010_0074.txt,5,utf-8
2704,LIP-RTVE,speaker010_0075,32,../data/LIP-RTVE/WAVs/speaker010/speaker010_0075.wav,../data/LIP-RTVE/ROIs/speaker010/speaker010_0075.npz,../data/LIP-RTVE/transcriptions/speaker010/speaker010_0075.txt,5,utf-8
2705,LIP-RTVE,speaker010_0076,38,../data/LIP-RTVE/WAVs/speaker010/speaker010_0076.wav,../data/LIP-RTVE/ROIs/speaker010/speaker010_0076.npz,../data/LIP-RTVE/transcriptions/speaker010/speaker010_0076.txt,5,utf-8
2706,LIP-RTVE,speaker010_0077,70,../data/LIP-RTVE/WAVs/speaker010/speaker010_0077.wav,../data/LIP-RTVE/ROIs/speaker010/speaker010_0077.npz,../data/LIP-RTVE/transcriptions/speaker010/speaker010_0077.txt,5,utf-8
2707,LIP-RTVE,speaker010_0079,68,../data/LIP-RTVE/WAVs/speaker010/speaker010_0079.wav,../data/LIP-RTVE/ROIs/speaker010/speaker010_0079.npz,../data/LIP-RTVE/transcriptions/speaker010/speaker010_0079.txt,5,utf-8
2708,LIP-RTVE,speaker010_0082,96,../data/LIP-RTVE/WAVs/speaker010/speaker010_0082.wav,../data/LIP-RTVE/ROIs/speaker010/speaker010_0082.npz,../data/LIP-RTVE/transcriptions/speaker010/speaker010_0082.txt,5,utf-8
2709,LIP-RTVE,speaker010_0084,102,../data/LIP-RTVE/WAVs/speaker010/speaker010_0084.wav,../data/LIP-RTVE/ROIs/speaker010/speaker010_0084.npz,../data/LIP-RTVE/transcriptions/speaker010/speaker010_0084.txt,5,utf-8
2710,LIP-RTVE,speaker010_0086,68,../data/LIP-RTVE/WAVs/speaker010/speaker010_0086.wav,../data/LIP-RTVE/ROIs/speaker010/speaker010_0086.npz,../data/LIP-RTVE/transcriptions/speaker010/speaker010_0086.txt,5,utf-8
2711,LIP-RTVE,speaker010_0087,105,../data/LIP-RTVE/WAVs/speaker010/speaker010_0087.wav,../data/LIP-RTVE/ROIs/speaker010/speaker010_0087.npz,../data/LIP-RTVE/transcriptions/speaker010/speaker010_0087.txt,5,utf-8
2712,LIP-RTVE,speaker010_0088,130,../data/LIP-RTVE/WAVs/speaker010/speaker010_0088.wav,../data/LIP-RTVE/ROIs/speaker010/speaker010_0088.npz,../data/LIP-RTVE/transcriptions/speaker010/speaker010_0088.txt,5,utf-8
2713,LIP-RTVE,speaker010_0089,62,../data/LIP-RTVE/WAVs/speaker010/speaker010_0089.wav,../data/LIP-RTVE/ROIs/speaker010/speaker010_0089.npz,../data/LIP-RTVE/transcriptions/speaker010/speaker010_0089.txt,5,utf-8
2714,LIP-RTVE,speaker010_0091,53,../data/LIP-RTVE/WAVs/speaker010/speaker010_0091.wav,../data/LIP-RTVE/ROIs/speaker010/speaker010_0091.npz,../data/LIP-RTVE/transcriptions/speaker010/speaker010_0091.txt,5,utf-8
2715,LIP-RTVE,speaker010_0092,46,../data/LIP-RTVE/WAVs/speaker010/speaker010_0092.wav,../data/LIP-RTVE/ROIs/speaker010/speaker010_0092.npz,../data/LIP-RTVE/transcriptions/speaker010/speaker010_0092.txt,5,utf-8
2716,LIP-RTVE,speaker010_0093,27,../data/LIP-RTVE/WAVs/speaker010/speaker010_0093.wav,../data/LIP-RTVE/ROIs/speaker010/speaker010_0093.npz,../data/LIP-RTVE/transcriptions/speaker010/speaker010_0093.txt,5,utf-8
2717,LIP-RTVE,speaker010_0094,63,../data/LIP-RTVE/WAVs/speaker010/speaker010_0094.wav,../data/LIP-RTVE/ROIs/speaker010/speaker010_0094.npz,../data/LIP-RTVE/transcriptions/speaker010/speaker010_0094.txt,5,utf-8
2718,LIP-RTVE,speaker010_0095,33,../data/LIP-RTVE/WAVs/speaker010/speaker010_0095.wav,../data/LIP-RTVE/ROIs/speaker010/speaker010_0095.npz,../data/LIP-RTVE/transcriptions/speaker010/speaker010_0095.txt,5,utf-8
2719,LIP-RTVE,speaker010_0096,82,../data/LIP-RTVE/WAVs/speaker010/speaker010_0096.wav,../data/LIP-RTVE/ROIs/speaker010/speaker010_0096.npz,../data/LIP-RTVE/transcriptions/speaker010/speaker010_0096.txt,5,utf-8
2720,LIP-RTVE,speaker010_0097,100,../data/LIP-RTVE/WAVs/speaker010/speaker010_0097.wav,../data/LIP-RTVE/ROIs/speaker010/speaker010_0097.npz,../data/LIP-RTVE/transcriptions/speaker010/speaker010_0097.txt,5,utf-8
2721,LIP-RTVE,speaker010_0100,26,../data/LIP-RTVE/WAVs/speaker010/speaker010_0100.wav,../data/LIP-RTVE/ROIs/speaker010/speaker010_0100.npz,../data/LIP-RTVE/transcriptions/speaker010/speaker010_0100.txt,5,utf-8
2722,LIP-RTVE,speaker010_0101,81,../data/LIP-RTVE/WAVs/speaker010/speaker010_0101.wav,../data/LIP-RTVE/ROIs/speaker010/speaker010_0101.npz,../data/LIP-RTVE/transcriptions/speaker010/speaker010_0101.txt,5,utf-8
2723,LIP-RTVE,speaker010_0102,157,../data/LIP-RTVE/WAVs/speaker010/speaker010_0102.wav,../data/LIP-RTVE/ROIs/speaker010/speaker010_0102.npz,../data/LIP-RTVE/transcriptions/speaker010/speaker010_0102.txt,5,utf-8
2724,LIP-RTVE,speaker010_0103,77,../data/LIP-RTVE/WAVs/speaker010/speaker010_0103.wav,../data/LIP-RTVE/ROIs/speaker010/speaker010_0103.npz,../data/LIP-RTVE/transcriptions/speaker010/speaker010_0103.txt,5,utf-8
2725,LIP-RTVE,speaker010_0104,164,../data/LIP-RTVE/WAVs/speaker010/speaker010_0104.wav,../data/LIP-RTVE/ROIs/speaker010/speaker010_0104.npz,../data/LIP-RTVE/transcriptions/speaker010/speaker010_0104.txt,5,utf-8
2726,LIP-RTVE,speaker010_0105,202,../data/LIP-RTVE/WAVs/speaker010/speaker010_0105.wav,../data/LIP-RTVE/ROIs/speaker010/speaker010_0105.npz,../data/LIP-RTVE/transcriptions/speaker010/speaker010_0105.txt,5,utf-8
2727,LIP-RTVE,speaker010_0106,35,../data/LIP-RTVE/WAVs/speaker010/speaker010_0106.wav,../data/LIP-RTVE/ROIs/speaker010/speaker010_0106.npz,../data/LIP-RTVE/transcriptions/speaker010/speaker010_0106.txt,5,utf-8
2728,LIP-RTVE,speaker010_0107,181,../data/LIP-RTVE/WAVs/speaker010/speaker010_0107.wav,../data/LIP-RTVE/ROIs/speaker010/speaker010_0107.npz,../data/LIP-RTVE/transcriptions/speaker010/speaker010_0107.txt,5,utf-8
2729,LIP-RTVE,speaker010_0108,89,../data/LIP-RTVE/WAVs/speaker010/speaker010_0108.wav,../data/LIP-RTVE/ROIs/speaker010/speaker010_0108.npz,../data/LIP-RTVE/transcriptions/speaker010/speaker010_0108.txt,5,utf-8
2730,LIP-RTVE,speaker010_0110,96,../data/LIP-RTVE/WAVs/speaker010/speaker010_0110.wav,../data/LIP-RTVE/ROIs/speaker010/speaker010_0110.npz,../data/LIP-RTVE/transcriptions/speaker010/speaker010_0110.txt,5,utf-8
2731,LIP-RTVE,speaker010_0112,93,../data/LIP-RTVE/WAVs/speaker010/speaker010_0112.wav,../data/LIP-RTVE/ROIs/speaker010/speaker010_0112.npz,../data/LIP-RTVE/transcriptions/speaker010/speaker010_0112.txt,5,utf-8
2732,LIP-RTVE,speaker010_0113,95,../data/LIP-RTVE/WAVs/speaker010/speaker010_0113.wav,../data/LIP-RTVE/ROIs/speaker010/speaker010_0113.npz,../data/LIP-RTVE/transcriptions/speaker010/speaker010_0113.txt,5,utf-8
2733,LIP-RTVE,speaker010_0115,129,../data/LIP-RTVE/WAVs/speaker010/speaker010_0115.wav,../data/LIP-RTVE/ROIs/speaker010/speaker010_0115.npz,../data/LIP-RTVE/transcriptions/speaker010/speaker010_0115.txt,5,utf-8
2734,LIP-RTVE,speaker010_0116,76,../data/LIP-RTVE/WAVs/speaker010/speaker010_0116.wav,../data/LIP-RTVE/ROIs/speaker010/speaker010_0116.npz,../data/LIP-RTVE/transcriptions/speaker010/speaker010_0116.txt,5,utf-8
2735,LIP-RTVE,speaker010_0117,56,../data/LIP-RTVE/WAVs/speaker010/speaker010_0117.wav,../data/LIP-RTVE/ROIs/speaker010/speaker010_0117.npz,../data/LIP-RTVE/transcriptions/speaker010/speaker010_0117.txt,5,utf-8
2736,LIP-RTVE,speaker010_0118,31,../data/LIP-RTVE/WAVs/speaker010/speaker010_0118.wav,../data/LIP-RTVE/ROIs/speaker010/speaker010_0118.npz,../data/LIP-RTVE/transcriptions/speaker010/speaker010_0118.txt,5,utf-8
2737,LIP-RTVE,speaker010_0119,166,../data/LIP-RTVE/WAVs/speaker010/speaker010_0119.wav,../data/LIP-RTVE/ROIs/speaker010/speaker010_0119.npz,../data/LIP-RTVE/transcriptions/speaker010/speaker010_0119.txt,5,utf-8
2738,LIP-RTVE,speaker010_0120,77,../data/LIP-RTVE/WAVs/speaker010/speaker010_0120.wav,../data/LIP-RTVE/ROIs/speaker010/speaker010_0120.npz,../data/LIP-RTVE/transcriptions/speaker010/speaker010_0120.txt,5,utf-8
2739,LIP-RTVE,speaker010_0121,116,../data/LIP-RTVE/WAVs/speaker010/speaker010_0121.wav,../data/LIP-RTVE/ROIs/speaker010/speaker010_0121.npz,../data/LIP-RTVE/transcriptions/speaker010/speaker010_0121.txt,5,utf-8
2740,LIP-RTVE,speaker010_0122,81,../data/LIP-RTVE/WAVs/speaker010/speaker010_0122.wav,../data/LIP-RTVE/ROIs/speaker010/speaker010_0122.npz,../data/LIP-RTVE/transcriptions/speaker010/speaker010_0122.txt,5,utf-8
2741,LIP-RTVE,speaker010_0124,197,../data/LIP-RTVE/WAVs/speaker010/speaker010_0124.wav,../data/LIP-RTVE/ROIs/speaker010/speaker010_0124.npz,../data/LIP-RTVE/transcriptions/speaker010/speaker010_0124.txt,5,utf-8
2742,LIP-RTVE,speaker010_0128,172,../data/LIP-RTVE/WAVs/speaker010/speaker010_0128.wav,../data/LIP-RTVE/ROIs/speaker010/speaker010_0128.npz,../data/LIP-RTVE/transcriptions/speaker010/speaker010_0128.txt,5,utf-8
2743,LIP-RTVE,speaker010_0130,140,../data/LIP-RTVE/WAVs/speaker010/speaker010_0130.wav,../data/LIP-RTVE/ROIs/speaker010/speaker010_0130.npz,../data/LIP-RTVE/transcriptions/speaker010/speaker010_0130.txt,5,utf-8
2744,LIP-RTVE,speaker010_0131,81,../data/LIP-RTVE/WAVs/speaker010/speaker010_0131.wav,../data/LIP-RTVE/ROIs/speaker010/speaker010_0131.npz,../data/LIP-RTVE/transcriptions/speaker010/speaker010_0131.txt,5,utf-8
2745,LIP-RTVE,speaker010_0132,243,../data/LIP-RTVE/WAVs/speaker010/speaker010_0132.wav,../data/LIP-RTVE/ROIs/speaker010/speaker010_0132.npz,../data/LIP-RTVE/transcriptions/speaker010/speaker010_0132.txt,5,utf-8
2746,LIP-RTVE,speaker010_0134,218,../data/LIP-RTVE/WAVs/speaker010/speaker010_0134.wav,../data/LIP-RTVE/ROIs/speaker010/speaker010_0134.npz,../data/LIP-RTVE/transcriptions/speaker010/speaker010_0134.txt,5,utf-8
2747,LIP-RTVE,speaker010_0136,272,../data/LIP-RTVE/WAVs/speaker010/speaker010_0136.wav,../data/LIP-RTVE/ROIs/speaker010/speaker010_0136.npz,../data/LIP-RTVE/transcriptions/speaker010/speaker010_0136.txt,5,utf-8
2748,LIP-RTVE,speaker010_0138,162,../data/LIP-RTVE/WAVs/speaker010/speaker010_0138.wav,../data/LIP-RTVE/ROIs/speaker010/speaker010_0138.npz,../data/LIP-RTVE/transcriptions/speaker010/speaker010_0138.txt,5,utf-8
2749,LIP-RTVE,speaker010_0140,197,../data/LIP-RTVE/WAVs/speaker010/speaker010_0140.wav,../data/LIP-RTVE/ROIs/speaker010/speaker010_0140.npz,../data/LIP-RTVE/transcriptions/speaker010/speaker010_0140.txt,5,utf-8
2750,LIP-RTVE,speaker010_0141,31,../data/LIP-RTVE/WAVs/speaker010/speaker010_0141.wav,../data/LIP-RTVE/ROIs/speaker010/speaker010_0141.npz,../data/LIP-RTVE/transcriptions/speaker010/speaker010_0141.txt,5,utf-8
2751,LIP-RTVE,speaker010_0142,152,../data/LIP-RTVE/WAVs/speaker010/speaker010_0142.wav,../data/LIP-RTVE/ROIs/speaker010/speaker010_0142.npz,../data/LIP-RTVE/transcriptions/speaker010/speaker010_0142.txt,5,utf-8
2752,LIP-RTVE,speaker010_0146,161,../data/LIP-RTVE/WAVs/speaker010/speaker010_0146.wav,../data/LIP-RTVE/ROIs/speaker010/speaker010_0146.npz,../data/LIP-RTVE/transcriptions/speaker010/speaker010_0146.txt,5,utf-8
2753,LIP-RTVE,speaker010_0149,61,../data/LIP-RTVE/WAVs/speaker010/speaker010_0149.wav,../data/LIP-RTVE/ROIs/speaker010/speaker010_0149.npz,../data/LIP-RTVE/transcriptions/speaker010/speaker010_0149.txt,5,utf-8
2754,LIP-RTVE,speaker010_0151,170,../data/LIP-RTVE/WAVs/speaker010/speaker010_0151.wav,../data/LIP-RTVE/ROIs/speaker010/speaker010_0151.npz,../data/LIP-RTVE/transcriptions/speaker010/speaker010_0151.txt,5,utf-8
2755,LIP-RTVE,speaker010_0152,102,../data/LIP-RTVE/WAVs/speaker010/speaker010_0152.wav,../data/LIP-RTVE/ROIs/speaker010/speaker010_0152.npz,../data/LIP-RTVE/transcriptions/speaker010/speaker010_0152.txt,5,utf-8
2756,LIP-RTVE,speaker010_0153,152,../data/LIP-RTVE/WAVs/speaker010/speaker010_0153.wav,../data/LIP-RTVE/ROIs/speaker010/speaker010_0153.npz,../data/LIP-RTVE/transcriptions/speaker010/speaker010_0153.txt,5,utf-8
2757,LIP-RTVE,speaker010_0154,215,../data/LIP-RTVE/WAVs/speaker010/speaker010_0154.wav,../data/LIP-RTVE/ROIs/speaker010/speaker010_0154.npz,../data/LIP-RTVE/transcriptions/speaker010/speaker010_0154.txt,5,utf-8
2758,LIP-RTVE,speaker010_0155,196,../data/LIP-RTVE/WAVs/speaker010/speaker010_0155.wav,../data/LIP-RTVE/ROIs/speaker010/speaker010_0155.npz,../data/LIP-RTVE/transcriptions/speaker010/speaker010_0155.txt,5,utf-8
2759,LIP-RTVE,speaker010_0156,79,../data/LIP-RTVE/WAVs/speaker010/speaker010_0156.wav,../data/LIP-RTVE/ROIs/speaker010/speaker010_0156.npz,../data/LIP-RTVE/transcriptions/speaker010/speaker010_0156.txt,5,utf-8
2760,LIP-RTVE,speaker010_0157,144,../data/LIP-RTVE/WAVs/speaker010/speaker010_0157.wav,../data/LIP-RTVE/ROIs/speaker010/speaker010_0157.npz,../data/LIP-RTVE/transcriptions/speaker010/speaker010_0157.txt,5,utf-8
2761,LIP-RTVE,speaker010_0158,125,../data/LIP-RTVE/WAVs/speaker010/speaker010_0158.wav,../data/LIP-RTVE/ROIs/speaker010/speaker010_0158.npz,../data/LIP-RTVE/transcriptions/speaker010/speaker010_0158.txt,5,utf-8
2762,LIP-RTVE,speaker010_0160,248,../data/LIP-RTVE/WAVs/speaker010/speaker010_0160.wav,../data/LIP-RTVE/ROIs/speaker010/speaker010_0160.npz,../data/LIP-RTVE/transcriptions/speaker010/speaker010_0160.txt,5,utf-8
2763,LIP-RTVE,speaker010_0161,154,../data/LIP-RTVE/WAVs/speaker010/speaker010_0161.wav,../data/LIP-RTVE/ROIs/speaker010/speaker010_0161.npz,../data/LIP-RTVE/transcriptions/speaker010/speaker010_0161.txt,5,utf-8
2764,LIP-RTVE,speaker010_0163,145,../data/LIP-RTVE/WAVs/speaker010/speaker010_0163.wav,../data/LIP-RTVE/ROIs/speaker010/speaker010_0163.npz,../data/LIP-RTVE/transcriptions/speaker010/speaker010_0163.txt,5,utf-8
2765,LIP-RTVE,speaker010_0164,108,../data/LIP-RTVE/WAVs/speaker010/speaker010_0164.wav,../data/LIP-RTVE/ROIs/speaker010/speaker010_0164.npz,../data/LIP-RTVE/transcriptions/speaker010/speaker010_0164.txt,5,utf-8
2766,LIP-RTVE,speaker010_0165,160,../data/LIP-RTVE/WAVs/speaker010/speaker010_0165.wav,../data/LIP-RTVE/ROIs/speaker010/speaker010_0165.npz,../data/LIP-RTVE/transcriptions/speaker010/speaker010_0165.txt,5,utf-8
2767,LIP-RTVE,speaker010_0166,109,../data/LIP-RTVE/WAVs/speaker010/speaker010_0166.wav,../data/LIP-RTVE/ROIs/speaker010/speaker010_0166.npz,../data/LIP-RTVE/transcriptions/speaker010/speaker010_0166.txt,5,utf-8
2768,LIP-RTVE,speaker010_0167,231,../data/LIP-RTVE/WAVs/speaker010/speaker010_0167.wav,../data/LIP-RTVE/ROIs/speaker010/speaker010_0167.npz,../data/LIP-RTVE/transcriptions/speaker010/speaker010_0167.txt,5,utf-8
2769,LIP-RTVE,speaker010_0168,178,../data/LIP-RTVE/WAVs/speaker010/speaker010_0168.wav,../data/LIP-RTVE/ROIs/speaker010/speaker010_0168.npz,../data/LIP-RTVE/transcriptions/speaker010/speaker010_0168.txt,5,utf-8
2770,LIP-RTVE,speaker010_0169,75,../data/LIP-RTVE/WAVs/speaker010/speaker010_0169.wav,../data/LIP-RTVE/ROIs/speaker010/speaker010_0169.npz,../data/LIP-RTVE/transcriptions/speaker010/speaker010_0169.txt,5,utf-8
2771,LIP-RTVE,speaker010_0171,174,../data/LIP-RTVE/WAVs/speaker010/speaker010_0171.wav,../data/LIP-RTVE/ROIs/speaker010/speaker010_0171.npz,../data/LIP-RTVE/transcriptions/speaker010/speaker010_0171.txt,5,utf-8
2772,LIP-RTVE,speaker010_0173,203,../data/LIP-RTVE/WAVs/speaker010/speaker010_0173.wav,../data/LIP-RTVE/ROIs/speaker010/speaker010_0173.npz,../data/LIP-RTVE/transcriptions/speaker010/speaker010_0173.txt,5,utf-8
2773,LIP-RTVE,speaker010_0175,128,../data/LIP-RTVE/WAVs/speaker010/speaker010_0175.wav,../data/LIP-RTVE/ROIs/speaker010/speaker010_0175.npz,../data/LIP-RTVE/transcriptions/speaker010/speaker010_0175.txt,5,utf-8
2774,LIP-RTVE,speaker010_0176,235,../data/LIP-RTVE/WAVs/speaker010/speaker010_0176.wav,../data/LIP-RTVE/ROIs/speaker010/speaker010_0176.npz,../data/LIP-RTVE/transcriptions/speaker010/speaker010_0176.txt,5,utf-8
2775,LIP-RTVE,speaker010_0177,97,../data/LIP-RTVE/WAVs/speaker010/speaker010_0177.wav,../data/LIP-RTVE/ROIs/speaker010/speaker010_0177.npz,../data/LIP-RTVE/transcriptions/speaker010/speaker010_0177.txt,5,utf-8
2776,LIP-RTVE,speaker010_0182,240,../data/LIP-RTVE/WAVs/speaker010/speaker010_0182.wav,../data/LIP-RTVE/ROIs/speaker010/speaker010_0182.npz,../data/LIP-RTVE/transcriptions/speaker010/speaker010_0182.txt,5,utf-8
2777,LIP-RTVE,speaker010_0184,166,../data/LIP-RTVE/WAVs/speaker010/speaker010_0184.wav,../data/LIP-RTVE/ROIs/speaker010/speaker010_0184.npz,../data/LIP-RTVE/transcriptions/speaker010/speaker010_0184.txt,5,utf-8
2778,LIP-RTVE,speaker010_0186,184,../data/LIP-RTVE/WAVs/speaker010/speaker010_0186.wav,../data/LIP-RTVE/ROIs/speaker010/speaker010_0186.npz,../data/LIP-RTVE/transcriptions/speaker010/speaker010_0186.txt,5,utf-8
2779,LIP-RTVE,speaker010_0188,94,../data/LIP-RTVE/WAVs/speaker010/speaker010_0188.wav,../data/LIP-RTVE/ROIs/speaker010/speaker010_0188.npz,../data/LIP-RTVE/transcriptions/speaker010/speaker010_0188.txt,5,utf-8
2780,LIP-RTVE,speaker010_0189,214,../data/LIP-RTVE/WAVs/speaker010/speaker010_0189.wav,../data/LIP-RTVE/ROIs/speaker010/speaker010_0189.npz,../data/LIP-RTVE/transcriptions/speaker010/speaker010_0189.txt,5,utf-8
2781,LIP-RTVE,speaker010_0190,142,../data/LIP-RTVE/WAVs/speaker010/speaker010_0190.wav,../data/LIP-RTVE/ROIs/speaker010/speaker010_0190.npz,../data/LIP-RTVE/transcriptions/speaker010/speaker010_0190.txt,5,utf-8
2782,LIP-RTVE,speaker010_0191,148,../data/LIP-RTVE/WAVs/speaker010/speaker010_0191.wav,../data/LIP-RTVE/ROIs/speaker010/speaker010_0191.npz,../data/LIP-RTVE/transcriptions/speaker010/speaker010_0191.txt,5,utf-8
2783,LIP-RTVE,speaker010_0192,232,../data/LIP-RTVE/WAVs/speaker010/speaker010_0192.wav,../data/LIP-RTVE/ROIs/speaker010/speaker010_0192.npz,../data/LIP-RTVE/transcriptions/speaker010/speaker010_0192.txt,5,utf-8
2784,LIP-RTVE,speaker010_0193,86,../data/LIP-RTVE/WAVs/speaker010/speaker010_0193.wav,../data/LIP-RTVE/ROIs/speaker010/speaker010_0193.npz,../data/LIP-RTVE/transcriptions/speaker010/speaker010_0193.txt,5,utf-8
2785,LIP-RTVE,speaker010_0194,76,../data/LIP-RTVE/WAVs/speaker010/speaker010_0194.wav,../data/LIP-RTVE/ROIs/speaker010/speaker010_0194.npz,../data/LIP-RTVE/transcriptions/speaker010/speaker010_0194.txt,5,utf-8
2786,LIP-RTVE,speaker010_0195,219,../data/LIP-RTVE/WAVs/speaker010/speaker010_0195.wav,../data/LIP-RTVE/ROIs/speaker010/speaker010_0195.npz,../data/LIP-RTVE/transcriptions/speaker010/speaker010_0195.txt,5,utf-8
2787,LIP-RTVE,speaker010_0196,91,../data/LIP-RTVE/WAVs/speaker010/speaker010_0196.wav,../data/LIP-RTVE/ROIs/speaker010/speaker010_0196.npz,../data/LIP-RTVE/transcriptions/speaker010/speaker010_0196.txt,5,utf-8
2788,LIP-RTVE,speaker010_0197,178,../data/LIP-RTVE/WAVs/speaker010/speaker010_0197.wav,../data/LIP-RTVE/ROIs/speaker010/speaker010_0197.npz,../data/LIP-RTVE/transcriptions/speaker010/speaker010_0197.txt,5,utf-8
2789,LIP-RTVE,speaker010_0198,233,../data/LIP-RTVE/WAVs/speaker010/speaker010_0198.wav,../data/LIP-RTVE/ROIs/speaker010/speaker010_0198.npz,../data/LIP-RTVE/transcriptions/speaker010/speaker010_0198.txt,5,utf-8
2790,LIP-RTVE,speaker010_0199,162,../data/LIP-RTVE/WAVs/speaker010/speaker010_0199.wav,../data/LIP-RTVE/ROIs/speaker010/speaker010_0199.npz,../data/LIP-RTVE/transcriptions/speaker010/speaker010_0199.txt,5,utf-8
2791,LIP-RTVE,speaker010_0201,109,../data/LIP-RTVE/WAVs/speaker010/speaker010_0201.wav,../data/LIP-RTVE/ROIs/speaker010/speaker010_0201.npz,../data/LIP-RTVE/transcriptions/speaker010/speaker010_0201.txt,5,utf-8
2792,LIP-RTVE,speaker010_0202,45,../data/LIP-RTVE/WAVs/speaker010/speaker010_0202.wav,../data/LIP-RTVE/ROIs/speaker010/speaker010_0202.npz,../data/LIP-RTVE/transcriptions/speaker010/speaker010_0202.txt,5,utf-8
2793,LIP-RTVE,speaker010_0203,149,../data/LIP-RTVE/WAVs/speaker010/speaker010_0203.wav,../data/LIP-RTVE/ROIs/speaker010/speaker010_0203.npz,../data/LIP-RTVE/transcriptions/speaker010/speaker010_0203.txt,5,utf-8
2794,LIP-RTVE,speaker010_0204,107,../data/LIP-RTVE/WAVs/speaker010/speaker010_0204.wav,../data/LIP-RTVE/ROIs/speaker010/speaker010_0204.npz,../data/LIP-RTVE/transcriptions/speaker010/speaker010_0204.txt,5,utf-8
2795,LIP-RTVE,speaker010_0205,265,../data/LIP-RTVE/WAVs/speaker010/speaker010_0205.wav,../data/LIP-RTVE/ROIs/speaker010/speaker010_0205.npz,../data/LIP-RTVE/transcriptions/speaker010/speaker010_0205.txt,5,utf-8
2796,LIP-RTVE,speaker010_0206,147,../data/LIP-RTVE/WAVs/speaker010/speaker010_0206.wav,../data/LIP-RTVE/ROIs/speaker010/speaker010_0206.npz,../data/LIP-RTVE/transcriptions/speaker010/speaker010_0206.txt,5,utf-8
2797,LIP-RTVE,speaker010_0207,240,../data/LIP-RTVE/WAVs/speaker010/speaker010_0207.wav,../data/LIP-RTVE/ROIs/speaker010/speaker010_0207.npz,../data/LIP-RTVE/transcriptions/speaker010/speaker010_0207.txt,5,utf-8
2798,LIP-RTVE,speaker010_0209,68,../data/LIP-RTVE/WAVs/speaker010/speaker010_0209.wav,../data/LIP-RTVE/ROIs/speaker010/speaker010_0209.npz,../data/LIP-RTVE/transcriptions/speaker010/speaker010_0209.txt,5,utf-8
2799,LIP-RTVE,speaker010_0210,213,../data/LIP-RTVE/WAVs/speaker010/speaker010_0210.wav,../data/LIP-RTVE/ROIs/speaker010/speaker010_0210.npz,../data/LIP-RTVE/transcriptions/speaker010/speaker010_0210.txt,5,utf-8
2800,LIP-RTVE,speaker010_0211,75,../data/LIP-RTVE/WAVs/speaker010/speaker010_0211.wav,../data/LIP-RTVE/ROIs/speaker010/speaker010_0211.npz,../data/LIP-RTVE/transcriptions/speaker010/speaker010_0211.txt,5,utf-8
2801,LIP-RTVE,speaker010_0212,141,../data/LIP-RTVE/WAVs/speaker010/speaker010_0212.wav,../data/LIP-RTVE/ROIs/speaker010/speaker010_0212.npz,../data/LIP-RTVE/transcriptions/speaker010/speaker010_0212.txt,5,utf-8
2802,LIP-RTVE,speaker010_0213,32,../data/LIP-RTVE/WAVs/speaker010/speaker010_0213.wav,../data/LIP-RTVE/ROIs/speaker010/speaker010_0213.npz,../data/LIP-RTVE/transcriptions/speaker010/speaker010_0213.txt,5,utf-8
2803,LIP-RTVE,speaker011_0002,197,../data/LIP-RTVE/WAVs/speaker011/speaker011_0002.wav,../data/LIP-RTVE/ROIs/speaker011/speaker011_0002.npz,../data/LIP-RTVE/transcriptions/speaker011/speaker011_0002.txt,5,utf-8
2804,LIP-RTVE,speaker011_0003,67,../data/LIP-RTVE/WAVs/speaker011/speaker011_0003.wav,../data/LIP-RTVE/ROIs/speaker011/speaker011_0003.npz,../data/LIP-RTVE/transcriptions/speaker011/speaker011_0003.txt,5,utf-8
2805,LIP-RTVE,speaker011_0004,135,../data/LIP-RTVE/WAVs/speaker011/speaker011_0004.wav,../data/LIP-RTVE/ROIs/speaker011/speaker011_0004.npz,../data/LIP-RTVE/transcriptions/speaker011/speaker011_0004.txt,5,utf-8
2806,LIP-RTVE,speaker011_0007,114,../data/LIP-RTVE/WAVs/speaker011/speaker011_0007.wav,../data/LIP-RTVE/ROIs/speaker011/speaker011_0007.npz,../data/LIP-RTVE/transcriptions/speaker011/speaker011_0007.txt,5,utf-8
2807,LIP-RTVE,speaker011_0008,134,../data/LIP-RTVE/WAVs/speaker011/speaker011_0008.wav,../data/LIP-RTVE/ROIs/speaker011/speaker011_0008.npz,../data/LIP-RTVE/transcriptions/speaker011/speaker011_0008.txt,5,utf-8
2808,LIP-RTVE,speaker011_0009,133,../data/LIP-RTVE/WAVs/speaker011/speaker011_0009.wav,../data/LIP-RTVE/ROIs/speaker011/speaker011_0009.npz,../data/LIP-RTVE/transcriptions/speaker011/speaker011_0009.txt,5,utf-8
2809,LIP-RTVE,speaker011_0010,129,../data/LIP-RTVE/WAVs/speaker011/speaker011_0010.wav,../data/LIP-RTVE/ROIs/speaker011/speaker011_0010.npz,../data/LIP-RTVE/transcriptions/speaker011/speaker011_0010.txt,5,utf-8
2810,LIP-RTVE,speaker011_0014,76,../data/LIP-RTVE/WAVs/speaker011/speaker011_0014.wav,../data/LIP-RTVE/ROIs/speaker011/speaker011_0014.npz,../data/LIP-RTVE/transcriptions/speaker011/speaker011_0014.txt,5,utf-8
2811,LIP-RTVE,speaker011_0015,45,../data/LIP-RTVE/WAVs/speaker011/speaker011_0015.wav,../data/LIP-RTVE/ROIs/speaker011/speaker011_0015.npz,../data/LIP-RTVE/transcriptions/speaker011/speaker011_0015.txt,5,utf-8
2812,LIP-RTVE,speaker011_0016,52,../data/LIP-RTVE/WAVs/speaker011/speaker011_0016.wav,../data/LIP-RTVE/ROIs/speaker011/speaker011_0016.npz,../data/LIP-RTVE/transcriptions/speaker011/speaker011_0016.txt,5,utf-8
2813,LIP-RTVE,speaker011_0017,63,../data/LIP-RTVE/WAVs/speaker011/speaker011_0017.wav,../data/LIP-RTVE/ROIs/speaker011/speaker011_0017.npz,../data/LIP-RTVE/transcriptions/speaker011/speaker011_0017.txt,5,utf-8
2814,LIP-RTVE,speaker011_0019,129,../data/LIP-RTVE/WAVs/speaker011/speaker011_0019.wav,../data/LIP-RTVE/ROIs/speaker011/speaker011_0019.npz,../data/LIP-RTVE/transcriptions/speaker011/speaker011_0019.txt,5,utf-8
2815,LIP-RTVE,speaker011_0020,68,../data/LIP-RTVE/WAVs/speaker011/speaker011_0020.wav,../data/LIP-RTVE/ROIs/speaker011/speaker011_0020.npz,../data/LIP-RTVE/transcriptions/speaker011/speaker011_0020.txt,5,utf-8
2816,LIP-RTVE,speaker011_0022,74,../data/LIP-RTVE/WAVs/speaker011/speaker011_0022.wav,../data/LIP-RTVE/ROIs/speaker011/speaker011_0022.npz,../data/LIP-RTVE/transcriptions/speaker011/speaker011_0022.txt,5,utf-8
2817,LIP-RTVE,speaker011_0023,111,../data/LIP-RTVE/WAVs/speaker011/speaker011_0023.wav,../data/LIP-RTVE/ROIs/speaker011/speaker011_0023.npz,../data/LIP-RTVE/transcriptions/speaker011/speaker011_0023.txt,5,utf-8
2818,LIP-RTVE,speaker011_0024,39,../data/LIP-RTVE/WAVs/speaker011/speaker011_0024.wav,../data/LIP-RTVE/ROIs/speaker011/speaker011_0024.npz,../data/LIP-RTVE/transcriptions/speaker011/speaker011_0024.txt,5,utf-8
2819,LIP-RTVE,speaker011_0025,90,../data/LIP-RTVE/WAVs/speaker011/speaker011_0025.wav,../data/LIP-RTVE/ROIs/speaker011/speaker011_0025.npz,../data/LIP-RTVE/transcriptions/speaker011/speaker011_0025.txt,5,utf-8
2820,LIP-RTVE,speaker011_0026,124,../data/LIP-RTVE/WAVs/speaker011/speaker011_0026.wav,../data/LIP-RTVE/ROIs/speaker011/speaker011_0026.npz,../data/LIP-RTVE/transcriptions/speaker011/speaker011_0026.txt,5,utf-8
2821,LIP-RTVE,speaker011_0027,28,../data/LIP-RTVE/WAVs/speaker011/speaker011_0027.wav,../data/LIP-RTVE/ROIs/speaker011/speaker011_0027.npz,../data/LIP-RTVE/transcriptions/speaker011/speaker011_0027.txt,5,utf-8
2822,LIP-RTVE,speaker011_0028,27,../data/LIP-RTVE/WAVs/speaker011/speaker011_0028.wav,../data/LIP-RTVE/ROIs/speaker011/speaker011_0028.npz,../data/LIP-RTVE/transcriptions/speaker011/speaker011_0028.txt,5,utf-8
2823,LIP-RTVE,speaker011_0029,25,../data/LIP-RTVE/WAVs/speaker011/speaker011_0029.wav,../data/LIP-RTVE/ROIs/speaker011/speaker011_0029.npz,../data/LIP-RTVE/transcriptions/speaker011/speaker011_0029.txt,5,utf-8
2824,LIP-RTVE,speaker011_0030,57,../data/LIP-RTVE/WAVs/speaker011/speaker011_0030.wav,../data/LIP-RTVE/ROIs/speaker011/speaker011_0030.npz,../data/LIP-RTVE/transcriptions/speaker011/speaker011_0030.txt,5,utf-8
2825,LIP-RTVE,speaker011_0032,38,../data/LIP-RTVE/WAVs/speaker011/speaker011_0032.wav,../data/LIP-RTVE/ROIs/speaker011/speaker011_0032.npz,../data/LIP-RTVE/transcriptions/speaker011/speaker011_0032.txt,5,utf-8
2826,LIP-RTVE,speaker011_0033,63,../data/LIP-RTVE/WAVs/speaker011/speaker011_0033.wav,../data/LIP-RTVE/ROIs/speaker011/speaker011_0033.npz,../data/LIP-RTVE/transcriptions/speaker011/speaker011_0033.txt,5,utf-8
2827,LIP-RTVE,speaker011_0034,104,../data/LIP-RTVE/WAVs/speaker011/speaker011_0034.wav,../data/LIP-RTVE/ROIs/speaker011/speaker011_0034.npz,../data/LIP-RTVE/transcriptions/speaker011/speaker011_0034.txt,5,utf-8
2828,LIP-RTVE,speaker011_0036,175,../data/LIP-RTVE/WAVs/speaker011/speaker011_0036.wav,../data/LIP-RTVE/ROIs/speaker011/speaker011_0036.npz,../data/LIP-RTVE/transcriptions/speaker011/speaker011_0036.txt,5,utf-8
2829,LIP-RTVE,speaker011_0038,87,../data/LIP-RTVE/WAVs/speaker011/speaker011_0038.wav,../data/LIP-RTVE/ROIs/speaker011/speaker011_0038.npz,../data/LIP-RTVE/transcriptions/speaker011/speaker011_0038.txt,5,utf-8
2830,LIP-RTVE,speaker011_0039,181,../data/LIP-RTVE/WAVs/speaker011/speaker011_0039.wav,../data/LIP-RTVE/ROIs/speaker011/speaker011_0039.npz,../data/LIP-RTVE/transcriptions/speaker011/speaker011_0039.txt,5,utf-8
2831,LIP-RTVE,speaker011_0042,43,../data/LIP-RTVE/WAVs/speaker011/speaker011_0042.wav,../data/LIP-RTVE/ROIs/speaker011/speaker011_0042.npz,../data/LIP-RTVE/transcriptions/speaker011/speaker011_0042.txt,5,utf-8
2832,LIP-RTVE,speaker011_0043,97,../data/LIP-RTVE/WAVs/speaker011/speaker011_0043.wav,../data/LIP-RTVE/ROIs/speaker011/speaker011_0043.npz,../data/LIP-RTVE/transcriptions/speaker011/speaker011_0043.txt,5,utf-8
2833,LIP-RTVE,speaker011_0044,81,../data/LIP-RTVE/WAVs/speaker011/speaker011_0044.wav,../data/LIP-RTVE/ROIs/speaker011/speaker011_0044.npz,../data/LIP-RTVE/transcriptions/speaker011/speaker011_0044.txt,5,utf-8
2834,LIP-RTVE,speaker011_0045,40,../data/LIP-RTVE/WAVs/speaker011/speaker011_0045.wav,../data/LIP-RTVE/ROIs/speaker011/speaker011_0045.npz,../data/LIP-RTVE/transcriptions/speaker011/speaker011_0045.txt,5,utf-8
2835,LIP-RTVE,speaker011_0048,27,../data/LIP-RTVE/WAVs/speaker011/speaker011_0048.wav,../data/LIP-RTVE/ROIs/speaker011/speaker011_0048.npz,../data/LIP-RTVE/transcriptions/speaker011/speaker011_0048.txt,5,utf-8
2836,LIP-RTVE,speaker011_0049,31,../data/LIP-RTVE/WAVs/speaker011/speaker011_0049.wav,../data/LIP-RTVE/ROIs/speaker011/speaker011_0049.npz,../data/LIP-RTVE/transcriptions/speaker011/speaker011_0049.txt,5,utf-8
2837,LIP-RTVE,speaker011_0051,31,../data/LIP-RTVE/WAVs/speaker011/speaker011_0051.wav,../data/LIP-RTVE/ROIs/speaker011/speaker011_0051.npz,../data/LIP-RTVE/transcriptions/speaker011/speaker011_0051.txt,5,utf-8
2838,LIP-RTVE,speaker011_0052,81,../data/LIP-RTVE/WAVs/speaker011/speaker011_0052.wav,../data/LIP-RTVE/ROIs/speaker011/speaker011_0052.npz,../data/LIP-RTVE/transcriptions/speaker011/speaker011_0052.txt,5,utf-8
2839,LIP-RTVE,speaker011_0053,50,../data/LIP-RTVE/WAVs/speaker011/speaker011_0053.wav,../data/LIP-RTVE/ROIs/speaker011/speaker011_0053.npz,../data/LIP-RTVE/transcriptions/speaker011/speaker011_0053.txt,5,utf-8
2840,LIP-RTVE,speaker011_0054,72,../data/LIP-RTVE/WAVs/speaker011/speaker011_0054.wav,../data/LIP-RTVE/ROIs/speaker011/speaker011_0054.npz,../data/LIP-RTVE/transcriptions/speaker011/speaker011_0054.txt,5,utf-8
2841,LIP-RTVE,speaker011_0055,36,../data/LIP-RTVE/WAVs/speaker011/speaker011_0055.wav,../data/LIP-RTVE/ROIs/speaker011/speaker011_0055.npz,../data/LIP-RTVE/transcriptions/speaker011/speaker011_0055.txt,5,utf-8
2842,LIP-RTVE,speaker011_0056,107,../data/LIP-RTVE/WAVs/speaker011/speaker011_0056.wav,../data/LIP-RTVE/ROIs/speaker011/speaker011_0056.npz,../data/LIP-RTVE/transcriptions/speaker011/speaker011_0056.txt,5,utf-8
2843,LIP-RTVE,speaker011_0059,74,../data/LIP-RTVE/WAVs/speaker011/speaker011_0059.wav,../data/LIP-RTVE/ROIs/speaker011/speaker011_0059.npz,../data/LIP-RTVE/transcriptions/speaker011/speaker011_0059.txt,5,utf-8
2844,LIP-RTVE,speaker011_0061,60,../data/LIP-RTVE/WAVs/speaker011/speaker011_0061.wav,../data/LIP-RTVE/ROIs/speaker011/speaker011_0061.npz,../data/LIP-RTVE/transcriptions/speaker011/speaker011_0061.txt,5,utf-8
2845,LIP-RTVE,speaker011_0062,64,../data/LIP-RTVE/WAVs/speaker011/speaker011_0062.wav,../data/LIP-RTVE/ROIs/speaker011/speaker011_0062.npz,../data/LIP-RTVE/transcriptions/speaker011/speaker011_0062.txt,5,utf-8
2846,LIP-RTVE,speaker011_0063,111,../data/LIP-RTVE/WAVs/speaker011/speaker011_0063.wav,../data/LIP-RTVE/ROIs/speaker011/speaker011_0063.npz,../data/LIP-RTVE/transcriptions/speaker011/speaker011_0063.txt,5,utf-8
2847,LIP-RTVE,speaker011_0064,59,../data/LIP-RTVE/WAVs/speaker011/speaker011_0064.wav,../data/LIP-RTVE/ROIs/speaker011/speaker011_0064.npz,../data/LIP-RTVE/transcriptions/speaker011/speaker011_0064.txt,5,utf-8
2848,LIP-RTVE,speaker011_0065,51,../data/LIP-RTVE/WAVs/speaker011/speaker011_0065.wav,../data/LIP-RTVE/ROIs/speaker011/speaker011_0065.npz,../data/LIP-RTVE/transcriptions/speaker011/speaker011_0065.txt,5,utf-8
2849,LIP-RTVE,speaker011_0066,78,../data/LIP-RTVE/WAVs/speaker011/speaker011_0066.wav,../data/LIP-RTVE/ROIs/speaker011/speaker011_0066.npz,../data/LIP-RTVE/transcriptions/speaker011/speaker011_0066.txt,5,utf-8
2850,LIP-RTVE,speaker011_0067,175,../data/LIP-RTVE/WAVs/speaker011/speaker011_0067.wav,../data/LIP-RTVE/ROIs/speaker011/speaker011_0067.npz,../data/LIP-RTVE/transcriptions/speaker011/speaker011_0067.txt,5,utf-8
2851,LIP-RTVE,speaker011_0069,35,../data/LIP-RTVE/WAVs/speaker011/speaker011_0069.wav,../data/LIP-RTVE/ROIs/speaker011/speaker011_0069.npz,../data/LIP-RTVE/transcriptions/speaker011/speaker011_0069.txt,5,utf-8
2852,LIP-RTVE,speaker011_0070,80,../data/LIP-RTVE/WAVs/speaker011/speaker011_0070.wav,../data/LIP-RTVE/ROIs/speaker011/speaker011_0070.npz,../data/LIP-RTVE/transcriptions/speaker011/speaker011_0070.txt,5,utf-8
2853,LIP-RTVE,speaker011_0073,168,../data/LIP-RTVE/WAVs/speaker011/speaker011_0073.wav,../data/LIP-RTVE/ROIs/speaker011/speaker011_0073.npz,../data/LIP-RTVE/transcriptions/speaker011/speaker011_0073.txt,5,utf-8
2854,LIP-RTVE,speaker011_0074,77,../data/LIP-RTVE/WAVs/speaker011/speaker011_0074.wav,../data/LIP-RTVE/ROIs/speaker011/speaker011_0074.npz,../data/LIP-RTVE/transcriptions/speaker011/speaker011_0074.txt,5,utf-8
2855,LIP-RTVE,speaker011_0075,130,../data/LIP-RTVE/WAVs/speaker011/speaker011_0075.wav,../data/LIP-RTVE/ROIs/speaker011/speaker011_0075.npz,../data/LIP-RTVE/transcriptions/speaker011/speaker011_0075.txt,5,utf-8
2856,LIP-RTVE,speaker011_0078,153,../data/LIP-RTVE/WAVs/speaker011/speaker011_0078.wav,../data/LIP-RTVE/ROIs/speaker011/speaker011_0078.npz,../data/LIP-RTVE/transcriptions/speaker011/speaker011_0078.txt,5,utf-8
2857,LIP-RTVE,speaker011_0079,106,../data/LIP-RTVE/WAVs/speaker011/speaker011_0079.wav,../data/LIP-RTVE/ROIs/speaker011/speaker011_0079.npz,../data/LIP-RTVE/transcriptions/speaker011/speaker011_0079.txt,5,utf-8
2858,LIP-RTVE,speaker011_0080,228,../data/LIP-RTVE/WAVs/speaker011/speaker011_0080.wav,../data/LIP-RTVE/ROIs/speaker011/speaker011_0080.npz,../data/LIP-RTVE/transcriptions/speaker011/speaker011_0080.txt,5,utf-8
2859,LIP-RTVE,speaker011_0081,124,../data/LIP-RTVE/WAVs/speaker011/speaker011_0081.wav,../data/LIP-RTVE/ROIs/speaker011/speaker011_0081.npz,../data/LIP-RTVE/transcriptions/speaker011/speaker011_0081.txt,5,utf-8
2860,LIP-RTVE,speaker011_0083,102,../data/LIP-RTVE/WAVs/speaker011/speaker011_0083.wav,../data/LIP-RTVE/ROIs/speaker011/speaker011_0083.npz,../data/LIP-RTVE/transcriptions/speaker011/speaker011_0083.txt,5,utf-8
2861,LIP-RTVE,speaker011_0085,172,../data/LIP-RTVE/WAVs/speaker011/speaker011_0085.wav,../data/LIP-RTVE/ROIs/speaker011/speaker011_0085.npz,../data/LIP-RTVE/transcriptions/speaker011/speaker011_0085.txt,5,utf-8
2862,LIP-RTVE,speaker011_0087,143,../data/LIP-RTVE/WAVs/speaker011/speaker011_0087.wav,../data/LIP-RTVE/ROIs/speaker011/speaker011_0087.npz,../data/LIP-RTVE/transcriptions/speaker011/speaker011_0087.txt,5,utf-8
2863,LIP-RTVE,speaker011_0088,62,../data/LIP-RTVE/WAVs/speaker011/speaker011_0088.wav,../data/LIP-RTVE/ROIs/speaker011/speaker011_0088.npz,../data/LIP-RTVE/transcriptions/speaker011/speaker011_0088.txt,5,utf-8
2864,LIP-RTVE,speaker011_0089,122,../data/LIP-RTVE/WAVs/speaker011/speaker011_0089.wav,../data/LIP-RTVE/ROIs/speaker011/speaker011_0089.npz,../data/LIP-RTVE/transcriptions/speaker011/speaker011_0089.txt,5,utf-8
2865,LIP-RTVE,speaker011_0090,79,../data/LIP-RTVE/WAVs/speaker011/speaker011_0090.wav,../data/LIP-RTVE/ROIs/speaker011/speaker011_0090.npz,../data/LIP-RTVE/transcriptions/speaker011/speaker011_0090.txt,5,utf-8
2866,LIP-RTVE,speaker011_0091,94,../data/LIP-RTVE/WAVs/speaker011/speaker011_0091.wav,../data/LIP-RTVE/ROIs/speaker011/speaker011_0091.npz,../data/LIP-RTVE/transcriptions/speaker011/speaker011_0091.txt,5,utf-8
2867,LIP-RTVE,speaker011_0093,109,../data/LIP-RTVE/WAVs/speaker011/speaker011_0093.wav,../data/LIP-RTVE/ROIs/speaker011/speaker011_0093.npz,../data/LIP-RTVE/transcriptions/speaker011/speaker011_0093.txt,5,utf-8
2868,LIP-RTVE,speaker011_0097,134,../data/LIP-RTVE/WAVs/speaker011/speaker011_0097.wav,../data/LIP-RTVE/ROIs/speaker011/speaker011_0097.npz,../data/LIP-RTVE/transcriptions/speaker011/speaker011_0097.txt,5,utf-8
2869,LIP-RTVE,speaker011_0098,247,../data/LIP-RTVE/WAVs/speaker011/speaker011_0098.wav,../data/LIP-RTVE/ROIs/speaker011/speaker011_0098.npz,../data/LIP-RTVE/transcriptions/speaker011/speaker011_0098.txt,5,utf-8
2870,LIP-RTVE,speaker011_0099,117,../data/LIP-RTVE/WAVs/speaker011/speaker011_0099.wav,../data/LIP-RTVE/ROIs/speaker011/speaker011_0099.npz,../data/LIP-RTVE/transcriptions/speaker011/speaker011_0099.txt,5,utf-8
2871,LIP-RTVE,speaker011_0100,47,../data/LIP-RTVE/WAVs/speaker011/speaker011_0100.wav,../data/LIP-RTVE/ROIs/speaker011/speaker011_0100.npz,../data/LIP-RTVE/transcriptions/speaker011/speaker011_0100.txt,5,utf-8
2872,LIP-RTVE,speaker011_0101,101,../data/LIP-RTVE/WAVs/speaker011/speaker011_0101.wav,../data/LIP-RTVE/ROIs/speaker011/speaker011_0101.npz,../data/LIP-RTVE/transcriptions/speaker011/speaker011_0101.txt,5,utf-8
2873,LIP-RTVE,speaker011_0103,179,../data/LIP-RTVE/WAVs/speaker011/speaker011_0103.wav,../data/LIP-RTVE/ROIs/speaker011/speaker011_0103.npz,../data/LIP-RTVE/transcriptions/speaker011/speaker011_0103.txt,5,utf-8
2874,LIP-RTVE,speaker011_0105,137,../data/LIP-RTVE/WAVs/speaker011/speaker011_0105.wav,../data/LIP-RTVE/ROIs/speaker011/speaker011_0105.npz,../data/LIP-RTVE/transcriptions/speaker011/speaker011_0105.txt,5,utf-8
2875,LIP-RTVE,speaker011_0106,92,../data/LIP-RTVE/WAVs/speaker011/speaker011_0106.wav,../data/LIP-RTVE/ROIs/speaker011/speaker011_0106.npz,../data/LIP-RTVE/transcriptions/speaker011/speaker011_0106.txt,5,utf-8
2876,LIP-RTVE,speaker011_0107,234,../data/LIP-RTVE/WAVs/speaker011/speaker011_0107.wav,../data/LIP-RTVE/ROIs/speaker011/speaker011_0107.npz,../data/LIP-RTVE/transcriptions/speaker011/speaker011_0107.txt,5,utf-8
2877,LIP-RTVE,speaker011_0111,115,../data/LIP-RTVE/WAVs/speaker011/speaker011_0111.wav,../data/LIP-RTVE/ROIs/speaker011/speaker011_0111.npz,../data/LIP-RTVE/transcriptions/speaker011/speaker011_0111.txt,5,utf-8
2878,LIP-RTVE,speaker011_0113,115,../data/LIP-RTVE/WAVs/speaker011/speaker011_0113.wav,../data/LIP-RTVE/ROIs/speaker011/speaker011_0113.npz,../data/LIP-RTVE/transcriptions/speaker011/speaker011_0113.txt,5,utf-8
2879,LIP-RTVE,speaker011_0115,28,../data/LIP-RTVE/WAVs/speaker011/speaker011_0115.wav,../data/LIP-RTVE/ROIs/speaker011/speaker011_0115.npz,../data/LIP-RTVE/transcriptions/speaker011/speaker011_0115.txt,5,utf-8
2880,LIP-RTVE,speaker011_0118,137,../data/LIP-RTVE/WAVs/speaker011/speaker011_0118.wav,../data/LIP-RTVE/ROIs/speaker011/speaker011_0118.npz,../data/LIP-RTVE/transcriptions/speaker011/speaker011_0118.txt,5,utf-8
2881,LIP-RTVE,speaker011_0121,108,../data/LIP-RTVE/WAVs/speaker011/speaker011_0121.wav,../data/LIP-RTVE/ROIs/speaker011/speaker011_0121.npz,../data/LIP-RTVE/transcriptions/speaker011/speaker011_0121.txt,5,utf-8
2882,LIP-RTVE,speaker011_0122,260,../data/LIP-RTVE/WAVs/speaker011/speaker011_0122.wav,../data/LIP-RTVE/ROIs/speaker011/speaker011_0122.npz,../data/LIP-RTVE/transcriptions/speaker011/speaker011_0122.txt,5,utf-8
2883,LIP-RTVE,speaker011_0123,118,../data/LIP-RTVE/WAVs/speaker011/speaker011_0123.wav,../data/LIP-RTVE/ROIs/speaker011/speaker011_0123.npz,../data/LIP-RTVE/transcriptions/speaker011/speaker011_0123.txt,5,utf-8
2884,LIP-RTVE,speaker011_0124,40,../data/LIP-RTVE/WAVs/speaker011/speaker011_0124.wav,../data/LIP-RTVE/ROIs/speaker011/speaker011_0124.npz,../data/LIP-RTVE/transcriptions/speaker011/speaker011_0124.txt,5,utf-8
2885,LIP-RTVE,speaker011_0125,108,../data/LIP-RTVE/WAVs/speaker011/speaker011_0125.wav,../data/LIP-RTVE/ROIs/speaker011/speaker011_0125.npz,../data/LIP-RTVE/transcriptions/speaker011/speaker011_0125.txt,5,utf-8
2886,LIP-RTVE,speaker011_0126,103,../data/LIP-RTVE/WAVs/speaker011/speaker011_0126.wav,../data/LIP-RTVE/ROIs/speaker011/speaker011_0126.npz,../data/LIP-RTVE/transcriptions/speaker011/speaker011_0126.txt,5,utf-8
2887,LIP-RTVE,speaker011_0127,266,../data/LIP-RTVE/WAVs/speaker011/speaker011_0127.wav,../data/LIP-RTVE/ROIs/speaker011/speaker011_0127.npz,../data/LIP-RTVE/transcriptions/speaker011/speaker011_0127.txt,5,utf-8
2888,LIP-RTVE,speaker011_0128,164,../data/LIP-RTVE/WAVs/speaker011/speaker011_0128.wav,../data/LIP-RTVE/ROIs/speaker011/speaker011_0128.npz,../data/LIP-RTVE/transcriptions/speaker011/speaker011_0128.txt,5,utf-8
2889,LIP-RTVE,speaker011_0129,243,../data/LIP-RTVE/WAVs/speaker011/speaker011_0129.wav,../data/LIP-RTVE/ROIs/speaker011/speaker011_0129.npz,../data/LIP-RTVE/transcriptions/speaker011/speaker011_0129.txt,5,utf-8
2890,LIP-RTVE,speaker011_0130,79,../data/LIP-RTVE/WAVs/speaker011/speaker011_0130.wav,../data/LIP-RTVE/ROIs/speaker011/speaker011_0130.npz,../data/LIP-RTVE/transcriptions/speaker011/speaker011_0130.txt,5,utf-8
2891,LIP-RTVE,speaker011_0131,84,../data/LIP-RTVE/WAVs/speaker011/speaker011_0131.wav,../data/LIP-RTVE/ROIs/speaker011/speaker011_0131.npz,../data/LIP-RTVE/transcriptions/speaker011/speaker011_0131.txt,5,utf-8
2892,LIP-RTVE,speaker011_0132,147,../data/LIP-RTVE/WAVs/speaker011/speaker011_0132.wav,../data/LIP-RTVE/ROIs/speaker011/speaker011_0132.npz,../data/LIP-RTVE/transcriptions/speaker011/speaker011_0132.txt,5,utf-8
2893,LIP-RTVE,speaker011_0133,90,../data/LIP-RTVE/WAVs/speaker011/speaker011_0133.wav,../data/LIP-RTVE/ROIs/speaker011/speaker011_0133.npz,../data/LIP-RTVE/transcriptions/speaker011/speaker011_0133.txt,5,utf-8
2894,LIP-RTVE,speaker011_0134,229,../data/LIP-RTVE/WAVs/speaker011/speaker011_0134.wav,../data/LIP-RTVE/ROIs/speaker011/speaker011_0134.npz,../data/LIP-RTVE/transcriptions/speaker011/speaker011_0134.txt,5,utf-8
2895,LIP-RTVE,speaker011_0135,139,../data/LIP-RTVE/WAVs/speaker011/speaker011_0135.wav,../data/LIP-RTVE/ROIs/speaker011/speaker011_0135.npz,../data/LIP-RTVE/transcriptions/speaker011/speaker011_0135.txt,5,utf-8
2896,LIP-RTVE,speaker011_0136,116,../data/LIP-RTVE/WAVs/speaker011/speaker011_0136.wav,../data/LIP-RTVE/ROIs/speaker011/speaker011_0136.npz,../data/LIP-RTVE/transcriptions/speaker011/speaker011_0136.txt,5,utf-8
2897,LIP-RTVE,speaker011_0137,229,../data/LIP-RTVE/WAVs/speaker011/speaker011_0137.wav,../data/LIP-RTVE/ROIs/speaker011/speaker011_0137.npz,../data/LIP-RTVE/transcriptions/speaker011/speaker011_0137.txt,5,utf-8
2898,LIP-RTVE,speaker011_0138,160,../data/LIP-RTVE/WAVs/speaker011/speaker011_0138.wav,../data/LIP-RTVE/ROIs/speaker011/speaker011_0138.npz,../data/LIP-RTVE/transcriptions/speaker011/speaker011_0138.txt,5,utf-8
2899,LIP-RTVE,speaker011_0140,179,../data/LIP-RTVE/WAVs/speaker011/speaker011_0140.wav,../data/LIP-RTVE/ROIs/speaker011/speaker011_0140.npz,../data/LIP-RTVE/transcriptions/speaker011/speaker011_0140.txt,5,utf-8
2900,LIP-RTVE,speaker011_0141,102,../data/LIP-RTVE/WAVs/speaker011/speaker011_0141.wav,../data/LIP-RTVE/ROIs/speaker011/speaker011_0141.npz,../data/LIP-RTVE/transcriptions/speaker011/speaker011_0141.txt,5,utf-8
2901,LIP-RTVE,speaker011_0142,80,../data/LIP-RTVE/WAVs/speaker011/speaker011_0142.wav,../data/LIP-RTVE/ROIs/speaker011/speaker011_0142.npz,../data/LIP-RTVE/transcriptions/speaker011/speaker011_0142.txt,5,utf-8
2902,LIP-RTVE,speaker012_0000,47,../data/LIP-RTVE/WAVs/speaker012/speaker012_0000.wav,../data/LIP-RTVE/ROIs/speaker012/speaker012_0000.npz,../data/LIP-RTVE/transcriptions/speaker012/speaker012_0000.txt,5,utf-8
2903,LIP-RTVE,speaker012_0001,199,../data/LIP-RTVE/WAVs/speaker012/speaker012_0001.wav,../data/LIP-RTVE/ROIs/speaker012/speaker012_0001.npz,../data/LIP-RTVE/transcriptions/speaker012/speaker012_0001.txt,5,utf-8
2904,LIP-RTVE,speaker012_0002,134,../data/LIP-RTVE/WAVs/speaker012/speaker012_0002.wav,../data/LIP-RTVE/ROIs/speaker012/speaker012_0002.npz,../data/LIP-RTVE/transcriptions/speaker012/speaker012_0002.txt,5,utf-8
2905,LIP-RTVE,speaker012_0004,134,../data/LIP-RTVE/WAVs/speaker012/speaker012_0004.wav,../data/LIP-RTVE/ROIs/speaker012/speaker012_0004.npz,../data/LIP-RTVE/transcriptions/speaker012/speaker012_0004.txt,5,utf-8
2906,LIP-RTVE,speaker012_0005,113,../data/LIP-RTVE/WAVs/speaker012/speaker012_0005.wav,../data/LIP-RTVE/ROIs/speaker012/speaker012_0005.npz,../data/LIP-RTVE/transcriptions/speaker012/speaker012_0005.txt,5,utf-8
2907,LIP-RTVE,speaker012_0006,203,../data/LIP-RTVE/WAVs/speaker012/speaker012_0006.wav,../data/LIP-RTVE/ROIs/speaker012/speaker012_0006.npz,../data/LIP-RTVE/transcriptions/speaker012/speaker012_0006.txt,5,utf-8
2908,LIP-RTVE,speaker012_0008,72,../data/LIP-RTVE/WAVs/speaker012/speaker012_0008.wav,../data/LIP-RTVE/ROIs/speaker012/speaker012_0008.npz,../data/LIP-RTVE/transcriptions/speaker012/speaker012_0008.txt,5,utf-8
2909,LIP-RTVE,speaker012_0009,326,../data/LIP-RTVE/WAVs/speaker012/speaker012_0009.wav,../data/LIP-RTVE/ROIs/speaker012/speaker012_0009.npz,../data/LIP-RTVE/transcriptions/speaker012/speaker012_0009.txt,5,utf-8
2910,LIP-RTVE,speaker012_0011,138,../data/LIP-RTVE/WAVs/speaker012/speaker012_0011.wav,../data/LIP-RTVE/ROIs/speaker012/speaker012_0011.npz,../data/LIP-RTVE/transcriptions/speaker012/speaker012_0011.txt,5,utf-8
2911,LIP-RTVE,speaker012_0013,77,../data/LIP-RTVE/WAVs/speaker012/speaker012_0013.wav,../data/LIP-RTVE/ROIs/speaker012/speaker012_0013.npz,../data/LIP-RTVE/transcriptions/speaker012/speaker012_0013.txt,5,utf-8
2912,LIP-RTVE,speaker012_0014,103,../data/LIP-RTVE/WAVs/speaker012/speaker012_0014.wav,../data/LIP-RTVE/ROIs/speaker012/speaker012_0014.npz,../data/LIP-RTVE/transcriptions/speaker012/speaker012_0014.txt,5,utf-8
2913,LIP-RTVE,speaker012_0015,126,../data/LIP-RTVE/WAVs/speaker012/speaker012_0015.wav,../data/LIP-RTVE/ROIs/speaker012/speaker012_0015.npz,../data/LIP-RTVE/transcriptions/speaker012/speaker012_0015.txt,5,utf-8
2914,LIP-RTVE,speaker012_0018,110,../data/LIP-RTVE/WAVs/speaker012/speaker012_0018.wav,../data/LIP-RTVE/ROIs/speaker012/speaker012_0018.npz,../data/LIP-RTVE/transcriptions/speaker012/speaker012_0018.txt,5,utf-8
2915,LIP-RTVE,speaker012_0019,29,../data/LIP-RTVE/WAVs/speaker012/speaker012_0019.wav,../data/LIP-RTVE/ROIs/speaker012/speaker012_0019.npz,../data/LIP-RTVE/transcriptions/speaker012/speaker012_0019.txt,5,utf-8
2916,LIP-RTVE,speaker012_0020,54,../data/LIP-RTVE/WAVs/speaker012/speaker012_0020.wav,../data/LIP-RTVE/ROIs/speaker012/speaker012_0020.npz,../data/LIP-RTVE/transcriptions/speaker012/speaker012_0020.txt,5,utf-8
2917,LIP-RTVE,speaker012_0021,93,../data/LIP-RTVE/WAVs/speaker012/speaker012_0021.wav,../data/LIP-RTVE/ROIs/speaker012/speaker012_0021.npz,../data/LIP-RTVE/transcriptions/speaker012/speaker012_0021.txt,5,utf-8
2918,LIP-RTVE,speaker012_0022,73,../data/LIP-RTVE/WAVs/speaker012/speaker012_0022.wav,../data/LIP-RTVE/ROIs/speaker012/speaker012_0022.npz,../data/LIP-RTVE/transcriptions/speaker012/speaker012_0022.txt,5,utf-8
2919,LIP-RTVE,speaker012_0023,152,../data/LIP-RTVE/WAVs/speaker012/speaker012_0023.wav,../data/LIP-RTVE/ROIs/speaker012/speaker012_0023.npz,../data/LIP-RTVE/transcriptions/speaker012/speaker012_0023.txt,5,utf-8
2920,LIP-RTVE,speaker012_0025,108,../data/LIP-RTVE/WAVs/speaker012/speaker012_0025.wav,../data/LIP-RTVE/ROIs/speaker012/speaker012_0025.npz,../data/LIP-RTVE/transcriptions/speaker012/speaker012_0025.txt,5,utf-8
2921,LIP-RTVE,speaker012_0027,132,../data/LIP-RTVE/WAVs/speaker012/speaker012_0027.wav,../data/LIP-RTVE/ROIs/speaker012/speaker012_0027.npz,../data/LIP-RTVE/transcriptions/speaker012/speaker012_0027.txt,5,utf-8
2922,LIP-RTVE,speaker012_0028,94,../data/LIP-RTVE/WAVs/speaker012/speaker012_0028.wav,../data/LIP-RTVE/ROIs/speaker012/speaker012_0028.npz,../data/LIP-RTVE/transcriptions/speaker012/speaker012_0028.txt,5,utf-8
2923,LIP-RTVE,speaker012_0029,67,../data/LIP-RTVE/WAVs/speaker012/speaker012_0029.wav,../data/LIP-RTVE/ROIs/speaker012/speaker012_0029.npz,../data/LIP-RTVE/transcriptions/speaker012/speaker012_0029.txt,5,utf-8
2924,LIP-RTVE,speaker012_0030,71,../data/LIP-RTVE/WAVs/speaker012/speaker012_0030.wav,../data/LIP-RTVE/ROIs/speaker012/speaker012_0030.npz,../data/LIP-RTVE/transcriptions/speaker012/speaker012_0030.txt,5,utf-8
2925,LIP-RTVE,speaker012_0032,42,../data/LIP-RTVE/WAVs/speaker012/speaker012_0032.wav,../data/LIP-RTVE/ROIs/speaker012/speaker012_0032.npz,../data/LIP-RTVE/transcriptions/speaker012/speaker012_0032.txt,5,utf-8
2926,LIP-RTVE,speaker012_0034,141,../data/LIP-RTVE/WAVs/speaker012/speaker012_0034.wav,../data/LIP-RTVE/ROIs/speaker012/speaker012_0034.npz,../data/LIP-RTVE/transcriptions/speaker012/speaker012_0034.txt,5,utf-8
2927,LIP-RTVE,speaker012_0035,102,../data/LIP-RTVE/WAVs/speaker012/speaker012_0035.wav,../data/LIP-RTVE/ROIs/speaker012/speaker012_0035.npz,../data/LIP-RTVE/transcriptions/speaker012/speaker012_0035.txt,5,utf-8
2928,LIP-RTVE,speaker012_0036,87,../data/LIP-RTVE/WAVs/speaker012/speaker012_0036.wav,../data/LIP-RTVE/ROIs/speaker012/speaker012_0036.npz,../data/LIP-RTVE/transcriptions/speaker012/speaker012_0036.txt,5,utf-8
2929,LIP-RTVE,speaker012_0037,87,../data/LIP-RTVE/WAVs/speaker012/speaker012_0037.wav,../data/LIP-RTVE/ROIs/speaker012/speaker012_0037.npz,../data/LIP-RTVE/transcriptions/speaker012/speaker012_0037.txt,5,utf-8
2930,LIP-RTVE,speaker012_0038,70,../data/LIP-RTVE/WAVs/speaker012/speaker012_0038.wav,../data/LIP-RTVE/ROIs/speaker012/speaker012_0038.npz,../data/LIP-RTVE/transcriptions/speaker012/speaker012_0038.txt,5,utf-8
2931,LIP-RTVE,speaker012_0040,105,../data/LIP-RTVE/WAVs/speaker012/speaker012_0040.wav,../data/LIP-RTVE/ROIs/speaker012/speaker012_0040.npz,../data/LIP-RTVE/transcriptions/speaker012/speaker012_0040.txt,5,utf-8
2932,LIP-RTVE,speaker012_0041,92,../data/LIP-RTVE/WAVs/speaker012/speaker012_0041.wav,../data/LIP-RTVE/ROIs/speaker012/speaker012_0041.npz,../data/LIP-RTVE/transcriptions/speaker012/speaker012_0041.txt,5,utf-8
2933,LIP-RTVE,speaker012_0042,47,../data/LIP-RTVE/WAVs/speaker012/speaker012_0042.wav,../data/LIP-RTVE/ROIs/speaker012/speaker012_0042.npz,../data/LIP-RTVE/transcriptions/speaker012/speaker012_0042.txt,5,utf-8
2934,LIP-RTVE,speaker012_0044,155,../data/LIP-RTVE/WAVs/speaker012/speaker012_0044.wav,../data/LIP-RTVE/ROIs/speaker012/speaker012_0044.npz,../data/LIP-RTVE/transcriptions/speaker012/speaker012_0044.txt,5,utf-8
2935,LIP-RTVE,speaker012_0045,44,../data/LIP-RTVE/WAVs/speaker012/speaker012_0045.wav,../data/LIP-RTVE/ROIs/speaker012/speaker012_0045.npz,../data/LIP-RTVE/transcriptions/speaker012/speaker012_0045.txt,5,utf-8
2936,LIP-RTVE,speaker012_0047,164,../data/LIP-RTVE/WAVs/speaker012/speaker012_0047.wav,../data/LIP-RTVE/ROIs/speaker012/speaker012_0047.npz,../data/LIP-RTVE/transcriptions/speaker012/speaker012_0047.txt,5,utf-8
2937,LIP-RTVE,speaker012_0049,108,../data/LIP-RTVE/WAVs/speaker012/speaker012_0049.wav,../data/LIP-RTVE/ROIs/speaker012/speaker012_0049.npz,../data/LIP-RTVE/transcriptions/speaker012/speaker012_0049.txt,5,utf-8
2938,LIP-RTVE,speaker012_0050,174,../data/LIP-RTVE/WAVs/speaker012/speaker012_0050.wav,../data/LIP-RTVE/ROIs/speaker012/speaker012_0050.npz,../data/LIP-RTVE/transcriptions/speaker012/speaker012_0050.txt,5,utf-8
2939,LIP-RTVE,speaker012_0051,267,../data/LIP-RTVE/WAVs/speaker012/speaker012_0051.wav,../data/LIP-RTVE/ROIs/speaker012/speaker012_0051.npz,../data/LIP-RTVE/transcriptions/speaker012/speaker012_0051.txt,5,utf-8
2940,LIP-RTVE,speaker012_0052,118,../data/LIP-RTVE/WAVs/speaker012/speaker012_0052.wav,../data/LIP-RTVE/ROIs/speaker012/speaker012_0052.npz,../data/LIP-RTVE/transcriptions/speaker012/speaker012_0052.txt,5,utf-8
2941,LIP-RTVE,speaker012_0053,38,../data/LIP-RTVE/WAVs/speaker012/speaker012_0053.wav,../data/LIP-RTVE/ROIs/speaker012/speaker012_0053.npz,../data/LIP-RTVE/transcriptions/speaker012/speaker012_0053.txt,5,utf-8
2942,LIP-RTVE,speaker012_0054,96,../data/LIP-RTVE/WAVs/speaker012/speaker012_0054.wav,../data/LIP-RTVE/ROIs/speaker012/speaker012_0054.npz,../data/LIP-RTVE/transcriptions/speaker012/speaker012_0054.txt,5,utf-8
2943,LIP-RTVE,speaker012_0055,60,../data/LIP-RTVE/WAVs/speaker012/speaker012_0055.wav,../data/LIP-RTVE/ROIs/speaker012/speaker012_0055.npz,../data/LIP-RTVE/transcriptions/speaker012/speaker012_0055.txt,5,utf-8
2944,LIP-RTVE,speaker012_0056,57,../data/LIP-RTVE/WAVs/speaker012/speaker012_0056.wav,../data/LIP-RTVE/ROIs/speaker012/speaker012_0056.npz,../data/LIP-RTVE/transcriptions/speaker012/speaker012_0056.txt,5,utf-8
2945,LIP-RTVE,speaker012_0058,28,../data/LIP-RTVE/WAVs/speaker012/speaker012_0058.wav,../data/LIP-RTVE/ROIs/speaker012/speaker012_0058.npz,../data/LIP-RTVE/transcriptions/speaker012/speaker012_0058.txt,5,utf-8
2946,LIP-RTVE,speaker012_0060,60,../data/LIP-RTVE/WAVs/speaker012/speaker012_0060.wav,../data/LIP-RTVE/ROIs/speaker012/speaker012_0060.npz,../data/LIP-RTVE/transcriptions/speaker012/speaker012_0060.txt,5,utf-8
2947,LIP-RTVE,speaker012_0061,41,../data/LIP-RTVE/WAVs/speaker012/speaker012_0061.wav,../data/LIP-RTVE/ROIs/speaker012/speaker012_0061.npz,../data/LIP-RTVE/transcriptions/speaker012/speaker012_0061.txt,5,utf-8
2948,LIP-RTVE,speaker012_0063,46,../data/LIP-RTVE/WAVs/speaker012/speaker012_0063.wav,../data/LIP-RTVE/ROIs/speaker012/speaker012_0063.npz,../data/LIP-RTVE/transcriptions/speaker012/speaker012_0063.txt,5,utf-8
2949,LIP-RTVE,speaker012_0066,128,../data/LIP-RTVE/WAVs/speaker012/speaker012_0066.wav,../data/LIP-RTVE/ROIs/speaker012/speaker012_0066.npz,../data/LIP-RTVE/transcriptions/speaker012/speaker012_0066.txt,5,utf-8
2950,LIP-RTVE,speaker012_0067,36,../data/LIP-RTVE/WAVs/speaker012/speaker012_0067.wav,../data/LIP-RTVE/ROIs/speaker012/speaker012_0067.npz,../data/LIP-RTVE/transcriptions/speaker012/speaker012_0067.txt,5,utf-8
2951,LIP-RTVE,speaker012_0069,62,../data/LIP-RTVE/WAVs/speaker012/speaker012_0069.wav,../data/LIP-RTVE/ROIs/speaker012/speaker012_0069.npz,../data/LIP-RTVE/transcriptions/speaker012/speaker012_0069.txt,5,utf-8
2952,LIP-RTVE,speaker012_0070,50,../data/LIP-RTVE/WAVs/speaker012/speaker012_0070.wav,../data/LIP-RTVE/ROIs/speaker012/speaker012_0070.npz,../data/LIP-RTVE/transcriptions/speaker012/speaker012_0070.txt,5,utf-8
2953,LIP-RTVE,speaker012_0071,35,../data/LIP-RTVE/WAVs/speaker012/speaker012_0071.wav,../data/LIP-RTVE/ROIs/speaker012/speaker012_0071.npz,../data/LIP-RTVE/transcriptions/speaker012/speaker012_0071.txt,5,utf-8
2954,LIP-RTVE,speaker012_0073,23,../data/LIP-RTVE/WAVs/speaker012/speaker012_0073.wav,../data/LIP-RTVE/ROIs/speaker012/speaker012_0073.npz,../data/LIP-RTVE/transcriptions/speaker012/speaker012_0073.txt,5,utf-8
2955,LIP-RTVE,speaker012_0076,28,../data/LIP-RTVE/WAVs/speaker012/speaker012_0076.wav,../data/LIP-RTVE/ROIs/speaker012/speaker012_0076.npz,../data/LIP-RTVE/transcriptions/speaker012/speaker012_0076.txt,5,utf-8
2956,LIP-RTVE,speaker012_0078,55,../data/LIP-RTVE/WAVs/speaker012/speaker012_0078.wav,../data/LIP-RTVE/ROIs/speaker012/speaker012_0078.npz,../data/LIP-RTVE/transcriptions/speaker012/speaker012_0078.txt,5,utf-8
2957,LIP-RTVE,speaker012_0080,111,../data/LIP-RTVE/WAVs/speaker012/speaker012_0080.wav,../data/LIP-RTVE/ROIs/speaker012/speaker012_0080.npz,../data/LIP-RTVE/transcriptions/speaker012/speaker012_0080.txt,5,utf-8
2958,LIP-RTVE,speaker012_0081,86,../data/LIP-RTVE/WAVs/speaker012/speaker012_0081.wav,../data/LIP-RTVE/ROIs/speaker012/speaker012_0081.npz,../data/LIP-RTVE/transcriptions/speaker012/speaker012_0081.txt,5,utf-8
2959,LIP-RTVE,speaker012_0083,95,../data/LIP-RTVE/WAVs/speaker012/speaker012_0083.wav,../data/LIP-RTVE/ROIs/speaker012/speaker012_0083.npz,../data/LIP-RTVE/transcriptions/speaker012/speaker012_0083.txt,5,utf-8
2960,LIP-RTVE,speaker012_0084,55,../data/LIP-RTVE/WAVs/speaker012/speaker012_0084.wav,../data/LIP-RTVE/ROIs/speaker012/speaker012_0084.npz,../data/LIP-RTVE/transcriptions/speaker012/speaker012_0084.txt,5,utf-8
2961,LIP-RTVE,speaker012_0085,142,../data/LIP-RTVE/WAVs/speaker012/speaker012_0085.wav,../data/LIP-RTVE/ROIs/speaker012/speaker012_0085.npz,../data/LIP-RTVE/transcriptions/speaker012/speaker012_0085.txt,5,utf-8
2962,LIP-RTVE,speaker012_0086,106,../data/LIP-RTVE/WAVs/speaker012/speaker012_0086.wav,../data/LIP-RTVE/ROIs/speaker012/speaker012_0086.npz,../data/LIP-RTVE/transcriptions/speaker012/speaker012_0086.txt,5,utf-8
2963,LIP-RTVE,speaker012_0089,165,../data/LIP-RTVE/WAVs/speaker012/speaker012_0089.wav,../data/LIP-RTVE/ROIs/speaker012/speaker012_0089.npz,../data/LIP-RTVE/transcriptions/speaker012/speaker012_0089.txt,5,utf-8
2964,LIP-RTVE,speaker012_0090,226,../data/LIP-RTVE/WAVs/speaker012/speaker012_0090.wav,../data/LIP-RTVE/ROIs/speaker012/speaker012_0090.npz,../data/LIP-RTVE/transcriptions/speaker012/speaker012_0090.txt,5,utf-8
2965,LIP-RTVE,speaker012_0091,87,../data/LIP-RTVE/WAVs/speaker012/speaker012_0091.wav,../data/LIP-RTVE/ROIs/speaker012/speaker012_0091.npz,../data/LIP-RTVE/transcriptions/speaker012/speaker012_0091.txt,5,utf-8
2966,LIP-RTVE,speaker012_0092,51,../data/LIP-RTVE/WAVs/speaker012/speaker012_0092.wav,../data/LIP-RTVE/ROIs/speaker012/speaker012_0092.npz,../data/LIP-RTVE/transcriptions/speaker012/speaker012_0092.txt,5,utf-8
2967,LIP-RTVE,speaker012_0093,117,../data/LIP-RTVE/WAVs/speaker012/speaker012_0093.wav,../data/LIP-RTVE/ROIs/speaker012/speaker012_0093.npz,../data/LIP-RTVE/transcriptions/speaker012/speaker012_0093.txt,5,utf-8
2968,LIP-RTVE,speaker012_0094,66,../data/LIP-RTVE/WAVs/speaker012/speaker012_0094.wav,../data/LIP-RTVE/ROIs/speaker012/speaker012_0094.npz,../data/LIP-RTVE/transcriptions/speaker012/speaker012_0094.txt,5,utf-8
2969,LIP-RTVE,speaker012_0096,79,../data/LIP-RTVE/WAVs/speaker012/speaker012_0096.wav,../data/LIP-RTVE/ROIs/speaker012/speaker012_0096.npz,../data/LIP-RTVE/transcriptions/speaker012/speaker012_0096.txt,5,utf-8
2970,LIP-RTVE,speaker012_0097,89,../data/LIP-RTVE/WAVs/speaker012/speaker012_0097.wav,../data/LIP-RTVE/ROIs/speaker012/speaker012_0097.npz,../data/LIP-RTVE/transcriptions/speaker012/speaker012_0097.txt,5,utf-8
2971,LIP-RTVE,speaker012_0098,51,../data/LIP-RTVE/WAVs/speaker012/speaker012_0098.wav,../data/LIP-RTVE/ROIs/speaker012/speaker012_0098.npz,../data/LIP-RTVE/transcriptions/speaker012/speaker012_0098.txt,5,utf-8
2972,LIP-RTVE,speaker012_0099,53,../data/LIP-RTVE/WAVs/speaker012/speaker012_0099.wav,../data/LIP-RTVE/ROIs/speaker012/speaker012_0099.npz,../data/LIP-RTVE/transcriptions/speaker012/speaker012_0099.txt,5,utf-8
2973,LIP-RTVE,speaker012_0100,80,../data/LIP-RTVE/WAVs/speaker012/speaker012_0100.wav,../data/LIP-RTVE/ROIs/speaker012/speaker012_0100.npz,../data/LIP-RTVE/transcriptions/speaker012/speaker012_0100.txt,5,utf-8
2974,LIP-RTVE,speaker012_0101,149,../data/LIP-RTVE/WAVs/speaker012/speaker012_0101.wav,../data/LIP-RTVE/ROIs/speaker012/speaker012_0101.npz,../data/LIP-RTVE/transcriptions/speaker012/speaker012_0101.txt,5,utf-8
2975,LIP-RTVE,speaker012_0102,69,../data/LIP-RTVE/WAVs/speaker012/speaker012_0102.wav,../data/LIP-RTVE/ROIs/speaker012/speaker012_0102.npz,../data/LIP-RTVE/transcriptions/speaker012/speaker012_0102.txt,5,utf-8
2976,LIP-RTVE,speaker012_0103,27,../data/LIP-RTVE/WAVs/speaker012/speaker012_0103.wav,../data/LIP-RTVE/ROIs/speaker012/speaker012_0103.npz,../data/LIP-RTVE/transcriptions/speaker012/speaker012_0103.txt,5,utf-8
2977,LIP-RTVE,speaker012_0105,140,../data/LIP-RTVE/WAVs/speaker012/speaker012_0105.wav,../data/LIP-RTVE/ROIs/speaker012/speaker012_0105.npz,../data/LIP-RTVE/transcriptions/speaker012/speaker012_0105.txt,5,utf-8
2978,LIP-RTVE,speaker012_0106,47,../data/LIP-RTVE/WAVs/speaker012/speaker012_0106.wav,../data/LIP-RTVE/ROIs/speaker012/speaker012_0106.npz,../data/LIP-RTVE/transcriptions/speaker012/speaker012_0106.txt,5,utf-8
2979,LIP-RTVE,speaker012_0107,143,../data/LIP-RTVE/WAVs/speaker012/speaker012_0107.wav,../data/LIP-RTVE/ROIs/speaker012/speaker012_0107.npz,../data/LIP-RTVE/transcriptions/speaker012/speaker012_0107.txt,5,utf-8
2980,LIP-RTVE,speaker012_0108,42,../data/LIP-RTVE/WAVs/speaker012/speaker012_0108.wav,../data/LIP-RTVE/ROIs/speaker012/speaker012_0108.npz,../data/LIP-RTVE/transcriptions/speaker012/speaker012_0108.txt,5,utf-8
2981,LIP-RTVE,speaker012_0109,106,../data/LIP-RTVE/WAVs/speaker012/speaker012_0109.wav,../data/LIP-RTVE/ROIs/speaker012/speaker012_0109.npz,../data/LIP-RTVE/transcriptions/speaker012/speaker012_0109.txt,5,utf-8
2982,LIP-RTVE,speaker012_0111,114,../data/LIP-RTVE/WAVs/speaker012/speaker012_0111.wav,../data/LIP-RTVE/ROIs/speaker012/speaker012_0111.npz,../data/LIP-RTVE/transcriptions/speaker012/speaker012_0111.txt,5,utf-8
2983,LIP-RTVE,speaker012_0112,67,../data/LIP-RTVE/WAVs/speaker012/speaker012_0112.wav,../data/LIP-RTVE/ROIs/speaker012/speaker012_0112.npz,../data/LIP-RTVE/transcriptions/speaker012/speaker012_0112.txt,5,utf-8
2984,LIP-RTVE,speaker012_0113,96,../data/LIP-RTVE/WAVs/speaker012/speaker012_0113.wav,../data/LIP-RTVE/ROIs/speaker012/speaker012_0113.npz,../data/LIP-RTVE/transcriptions/speaker012/speaker012_0113.txt,5,utf-8
2985,LIP-RTVE,speaker012_0115,196,../data/LIP-RTVE/WAVs/speaker012/speaker012_0115.wav,../data/LIP-RTVE/ROIs/speaker012/speaker012_0115.npz,../data/LIP-RTVE/transcriptions/speaker012/speaker012_0115.txt,5,utf-8
2986,LIP-RTVE,speaker012_0116,96,../data/LIP-RTVE/WAVs/speaker012/speaker012_0116.wav,../data/LIP-RTVE/ROIs/speaker012/speaker012_0116.npz,../data/LIP-RTVE/transcriptions/speaker012/speaker012_0116.txt,5,utf-8
2987,LIP-RTVE,speaker012_0118,237,../data/LIP-RTVE/WAVs/speaker012/speaker012_0118.wav,../data/LIP-RTVE/ROIs/speaker012/speaker012_0118.npz,../data/LIP-RTVE/transcriptions/speaker012/speaker012_0118.txt,5,utf-8
2988,LIP-RTVE,speaker012_0119,147,../data/LIP-RTVE/WAVs/speaker012/speaker012_0119.wav,../data/LIP-RTVE/ROIs/speaker012/speaker012_0119.npz,../data/LIP-RTVE/transcriptions/speaker012/speaker012_0119.txt,5,utf-8
2989,LIP-RTVE,speaker012_0120,69,../data/LIP-RTVE/WAVs/speaker012/speaker012_0120.wav,../data/LIP-RTVE/ROIs/speaker012/speaker012_0120.npz,../data/LIP-RTVE/transcriptions/speaker012/speaker012_0120.txt,5,utf-8
2990,LIP-RTVE,speaker012_0121,100,../data/LIP-RTVE/WAVs/speaker012/speaker012_0121.wav,../data/LIP-RTVE/ROIs/speaker012/speaker012_0121.npz,../data/LIP-RTVE/transcriptions/speaker012/speaker012_0121.txt,5,utf-8
2991,LIP-RTVE,speaker012_0122,49,../data/LIP-RTVE/WAVs/speaker012/speaker012_0122.wav,../data/LIP-RTVE/ROIs/speaker012/speaker012_0122.npz,../data/LIP-RTVE/transcriptions/speaker012/speaker012_0122.txt,5,utf-8
2992,LIP-RTVE,speaker012_0123,143,../data/LIP-RTVE/WAVs/speaker012/speaker012_0123.wav,../data/LIP-RTVE/ROIs/speaker012/speaker012_0123.npz,../data/LIP-RTVE/transcriptions/speaker012/speaker012_0123.txt,5,utf-8
2993,LIP-RTVE,speaker012_0124,70,../data/LIP-RTVE/WAVs/speaker012/speaker012_0124.wav,../data/LIP-RTVE/ROIs/speaker012/speaker012_0124.npz,../data/LIP-RTVE/transcriptions/speaker012/speaker012_0124.txt,5,utf-8
2994,LIP-RTVE,speaker012_0126,115,../data/LIP-RTVE/WAVs/speaker012/speaker012_0126.wav,../data/LIP-RTVE/ROIs/speaker012/speaker012_0126.npz,../data/LIP-RTVE/transcriptions/speaker012/speaker012_0126.txt,5,utf-8
2995,LIP-RTVE,speaker012_0127,69,../data/LIP-RTVE/WAVs/speaker012/speaker012_0127.wav,../data/LIP-RTVE/ROIs/speaker012/speaker012_0127.npz,../data/LIP-RTVE/transcriptions/speaker012/speaker012_0127.txt,5,utf-8
2996,LIP-RTVE,speaker012_0128,117,../data/LIP-RTVE/WAVs/speaker012/speaker012_0128.wav,../data/LIP-RTVE/ROIs/speaker012/speaker012_0128.npz,../data/LIP-RTVE/transcriptions/speaker012/speaker012_0128.txt,5,utf-8
2997,LIP-RTVE,speaker012_0129,26,../data/LIP-RTVE/WAVs/speaker012/speaker012_0129.wav,../data/LIP-RTVE/ROIs/speaker012/speaker012_0129.npz,../data/LIP-RTVE/transcriptions/speaker012/speaker012_0129.txt,5,utf-8
2998,LIP-RTVE,speaker012_0130,207,../data/LIP-RTVE/WAVs/speaker012/speaker012_0130.wav,../data/LIP-RTVE/ROIs/speaker012/speaker012_0130.npz,../data/LIP-RTVE/transcriptions/speaker012/speaker012_0130.txt,5,utf-8
2999,LIP-RTVE,speaker012_0133,90,../data/LIP-RTVE/WAVs/speaker012/speaker012_0133.wav,../data/LIP-RTVE/ROIs/speaker012/speaker012_0133.npz,../data/LIP-RTVE/transcriptions/speaker012/speaker012_0133.txt,5,utf-8
3000,LIP-RTVE,speaker012_0134,236,../data/LIP-RTVE/WAVs/speaker012/speaker012_0134.wav,../data/LIP-RTVE/ROIs/speaker012/speaker012_0134.npz,../data/LIP-RTVE/transcriptions/speaker012/speaker012_0134.txt,5,utf-8
3001,LIP-RTVE,speaker012_0135,92,../data/LIP-RTVE/WAVs/speaker012/speaker012_0135.wav,../data/LIP-RTVE/ROIs/speaker012/speaker012_0135.npz,../data/LIP-RTVE/transcriptions/speaker012/speaker012_0135.txt,5,utf-8
3002,LIP-RTVE,speaker012_0136,120,../data/LIP-RTVE/WAVs/speaker012/speaker012_0136.wav,../data/LIP-RTVE/ROIs/speaker012/speaker012_0136.npz,../data/LIP-RTVE/transcriptions/speaker012/speaker012_0136.txt,5,utf-8
3003,LIP-RTVE,speaker012_0138,82,../data/LIP-RTVE/WAVs/speaker012/speaker012_0138.wav,../data/LIP-RTVE/ROIs/speaker012/speaker012_0138.npz,../data/LIP-RTVE/transcriptions/speaker012/speaker012_0138.txt,5,utf-8
3004,LIP-RTVE,speaker012_0139,85,../data/LIP-RTVE/WAVs/speaker012/speaker012_0139.wav,../data/LIP-RTVE/ROIs/speaker012/speaker012_0139.npz,../data/LIP-RTVE/transcriptions/speaker012/speaker012_0139.txt,5,utf-8
3005,LIP-RTVE,speaker012_0142,146,../data/LIP-RTVE/WAVs/speaker012/speaker012_0142.wav,../data/LIP-RTVE/ROIs/speaker012/speaker012_0142.npz,../data/LIP-RTVE/transcriptions/speaker012/speaker012_0142.txt,5,utf-8
3006,LIP-RTVE,speaker012_0143,69,../data/LIP-RTVE/WAVs/speaker012/speaker012_0143.wav,../data/LIP-RTVE/ROIs/speaker012/speaker012_0143.npz,../data/LIP-RTVE/transcriptions/speaker012/speaker012_0143.txt,5,utf-8
3007,LIP-RTVE,speaker012_0146,79,../data/LIP-RTVE/WAVs/speaker012/speaker012_0146.wav,../data/LIP-RTVE/ROIs/speaker012/speaker012_0146.npz,../data/LIP-RTVE/transcriptions/speaker012/speaker012_0146.txt,5,utf-8
3008,LIP-RTVE,speaker012_0147,170,../data/LIP-RTVE/WAVs/speaker012/speaker012_0147.wav,../data/LIP-RTVE/ROIs/speaker012/speaker012_0147.npz,../data/LIP-RTVE/transcriptions/speaker012/speaker012_0147.txt,5,utf-8
3009,LIP-RTVE,speaker012_0149,184,../data/LIP-RTVE/WAVs/speaker012/speaker012_0149.wav,../data/LIP-RTVE/ROIs/speaker012/speaker012_0149.npz,../data/LIP-RTVE/transcriptions/speaker012/speaker012_0149.txt,5,utf-8
3010,LIP-RTVE,speaker012_0152,76,../data/LIP-RTVE/WAVs/speaker012/speaker012_0152.wav,../data/LIP-RTVE/ROIs/speaker012/speaker012_0152.npz,../data/LIP-RTVE/transcriptions/speaker012/speaker012_0152.txt,5,utf-8
3011,LIP-RTVE,speaker012_0154,47,../data/LIP-RTVE/WAVs/speaker012/speaker012_0154.wav,../data/LIP-RTVE/ROIs/speaker012/speaker012_0154.npz,../data/LIP-RTVE/transcriptions/speaker012/speaker012_0154.txt,5,utf-8
3012,LIP-RTVE,speaker012_0155,156,../data/LIP-RTVE/WAVs/speaker012/speaker012_0155.wav,../data/LIP-RTVE/ROIs/speaker012/speaker012_0155.npz,../data/LIP-RTVE/transcriptions/speaker012/speaker012_0155.txt,5,utf-8
3013,LIP-RTVE,speaker012_0156,118,../data/LIP-RTVE/WAVs/speaker012/speaker012_0156.wav,../data/LIP-RTVE/ROIs/speaker012/speaker012_0156.npz,../data/LIP-RTVE/transcriptions/speaker012/speaker012_0156.txt,5,utf-8
3014,LIP-RTVE,speaker012_0159,82,../data/LIP-RTVE/WAVs/speaker012/speaker012_0159.wav,../data/LIP-RTVE/ROIs/speaker012/speaker012_0159.npz,../data/LIP-RTVE/transcriptions/speaker012/speaker012_0159.txt,5,utf-8
3015,LIP-RTVE,speaker012_0160,48,../data/LIP-RTVE/WAVs/speaker012/speaker012_0160.wav,../data/LIP-RTVE/ROIs/speaker012/speaker012_0160.npz,../data/LIP-RTVE/transcriptions/speaker012/speaker012_0160.txt,5,utf-8
3016,LIP-RTVE,speaker012_0161,137,../data/LIP-RTVE/WAVs/speaker012/speaker012_0161.wav,../data/LIP-RTVE/ROIs/speaker012/speaker012_0161.npz,../data/LIP-RTVE/transcriptions/speaker012/speaker012_0161.txt,5,utf-8
3017,LIP-RTVE,speaker012_0167,109,../data/LIP-RTVE/WAVs/speaker012/speaker012_0167.wav,../data/LIP-RTVE/ROIs/speaker012/speaker012_0167.npz,../data/LIP-RTVE/transcriptions/speaker012/speaker012_0167.txt,5,utf-8
3018,LIP-RTVE,speaker012_0168,31,../data/LIP-RTVE/WAVs/speaker012/speaker012_0168.wav,../data/LIP-RTVE/ROIs/speaker012/speaker012_0168.npz,../data/LIP-RTVE/transcriptions/speaker012/speaker012_0168.txt,5,utf-8
3019,LIP-RTVE,speaker012_0169,63,../data/LIP-RTVE/WAVs/speaker012/speaker012_0169.wav,../data/LIP-RTVE/ROIs/speaker012/speaker012_0169.npz,../data/LIP-RTVE/transcriptions/speaker012/speaker012_0169.txt,5,utf-8
3020,LIP-RTVE,speaker012_0170,34,../data/LIP-RTVE/WAVs/speaker012/speaker012_0170.wav,../data/LIP-RTVE/ROIs/speaker012/speaker012_0170.npz,../data/LIP-RTVE/transcriptions/speaker012/speaker012_0170.txt,5,utf-8
3021,LIP-RTVE,speaker012_0171,75,../data/LIP-RTVE/WAVs/speaker012/speaker012_0171.wav,../data/LIP-RTVE/ROIs/speaker012/speaker012_0171.npz,../data/LIP-RTVE/transcriptions/speaker012/speaker012_0171.txt,5,utf-8
3022,LIP-RTVE,speaker012_0173,150,../data/LIP-RTVE/WAVs/speaker012/speaker012_0173.wav,../data/LIP-RTVE/ROIs/speaker012/speaker012_0173.npz,../data/LIP-RTVE/transcriptions/speaker012/speaker012_0173.txt,5,utf-8
3023,LIP-RTVE,speaker012_0178,64,../data/LIP-RTVE/WAVs/speaker012/speaker012_0178.wav,../data/LIP-RTVE/ROIs/speaker012/speaker012_0178.npz,../data/LIP-RTVE/transcriptions/speaker012/speaker012_0178.txt,5,utf-8
3024,LIP-RTVE,speaker012_0179,73,../data/LIP-RTVE/WAVs/speaker012/speaker012_0179.wav,../data/LIP-RTVE/ROIs/speaker012/speaker012_0179.npz,../data/LIP-RTVE/transcriptions/speaker012/speaker012_0179.txt,5,utf-8
3025,LIP-RTVE,speaker012_0182,132,../data/LIP-RTVE/WAVs/speaker012/speaker012_0182.wav,../data/LIP-RTVE/ROIs/speaker012/speaker012_0182.npz,../data/LIP-RTVE/transcriptions/speaker012/speaker012_0182.txt,5,utf-8
3026,LIP-RTVE,speaker012_0184,26,../data/LIP-RTVE/WAVs/speaker012/speaker012_0184.wav,../data/LIP-RTVE/ROIs/speaker012/speaker012_0184.npz,../data/LIP-RTVE/transcriptions/speaker012/speaker012_0184.txt,5,utf-8
3027,LIP-RTVE,speaker012_0187,68,../data/LIP-RTVE/WAVs/speaker012/speaker012_0187.wav,../data/LIP-RTVE/ROIs/speaker012/speaker012_0187.npz,../data/LIP-RTVE/transcriptions/speaker012/speaker012_0187.txt,5,utf-8
3028,LIP-RTVE,speaker012_0188,138,../data/LIP-RTVE/WAVs/speaker012/speaker012_0188.wav,../data/LIP-RTVE/ROIs/speaker012/speaker012_0188.npz,../data/LIP-RTVE/transcriptions/speaker012/speaker012_0188.txt,5,utf-8
3029,LIP-RTVE,speaker012_0189,89,../data/LIP-RTVE/WAVs/speaker012/speaker012_0189.wav,../data/LIP-RTVE/ROIs/speaker012/speaker012_0189.npz,../data/LIP-RTVE/transcriptions/speaker012/speaker012_0189.txt,5,utf-8
3030,LIP-RTVE,speaker012_0190,46,../data/LIP-RTVE/WAVs/speaker012/speaker012_0190.wav,../data/LIP-RTVE/ROIs/speaker012/speaker012_0190.npz,../data/LIP-RTVE/transcriptions/speaker012/speaker012_0190.txt,5,utf-8
3031,LIP-RTVE,speaker012_0191,124,../data/LIP-RTVE/WAVs/speaker012/speaker012_0191.wav,../data/LIP-RTVE/ROIs/speaker012/speaker012_0191.npz,../data/LIP-RTVE/transcriptions/speaker012/speaker012_0191.txt,5,utf-8
3032,LIP-RTVE,speaker012_0192,53,../data/LIP-RTVE/WAVs/speaker012/speaker012_0192.wav,../data/LIP-RTVE/ROIs/speaker012/speaker012_0192.npz,../data/LIP-RTVE/transcriptions/speaker012/speaker012_0192.txt,5,utf-8
3033,LIP-RTVE,speaker012_0193,99,../data/LIP-RTVE/WAVs/speaker012/speaker012_0193.wav,../data/LIP-RTVE/ROIs/speaker012/speaker012_0193.npz,../data/LIP-RTVE/transcriptions/speaker012/speaker012_0193.txt,5,utf-8
3034,LIP-RTVE,speaker012_0195,95,../data/LIP-RTVE/WAVs/speaker012/speaker012_0195.wav,../data/LIP-RTVE/ROIs/speaker012/speaker012_0195.npz,../data/LIP-RTVE/transcriptions/speaker012/speaker012_0195.txt,5,utf-8
3035,LIP-RTVE,speaker012_0196,41,../data/LIP-RTVE/WAVs/speaker012/speaker012_0196.wav,../data/LIP-RTVE/ROIs/speaker012/speaker012_0196.npz,../data/LIP-RTVE/transcriptions/speaker012/speaker012_0196.txt,5,utf-8
3036,LIP-RTVE,speaker012_0197,90,../data/LIP-RTVE/WAVs/speaker012/speaker012_0197.wav,../data/LIP-RTVE/ROIs/speaker012/speaker012_0197.npz,../data/LIP-RTVE/transcriptions/speaker012/speaker012_0197.txt,5,utf-8
3037,LIP-RTVE,speaker012_0198,90,../data/LIP-RTVE/WAVs/speaker012/speaker012_0198.wav,../data/LIP-RTVE/ROIs/speaker012/speaker012_0198.npz,../data/LIP-RTVE/transcriptions/speaker012/speaker012_0198.txt,5,utf-8
3038,LIP-RTVE,speaker012_0199,27,../data/LIP-RTVE/WAVs/speaker012/speaker012_0199.wav,../data/LIP-RTVE/ROIs/speaker012/speaker012_0199.npz,../data/LIP-RTVE/transcriptions/speaker012/speaker012_0199.txt,5,utf-8
3039,LIP-RTVE,speaker012_0200,162,../data/LIP-RTVE/WAVs/speaker012/speaker012_0200.wav,../data/LIP-RTVE/ROIs/speaker012/speaker012_0200.npz,../data/LIP-RTVE/transcriptions/speaker012/speaker012_0200.txt,5,utf-8
3040,LIP-RTVE,speaker012_0201,115,../data/LIP-RTVE/WAVs/speaker012/speaker012_0201.wav,../data/LIP-RTVE/ROIs/speaker012/speaker012_0201.npz,../data/LIP-RTVE/transcriptions/speaker012/speaker012_0201.txt,5,utf-8
3041,LIP-RTVE,speaker012_0203,205,../data/LIP-RTVE/WAVs/speaker012/speaker012_0203.wav,../data/LIP-RTVE/ROIs/speaker012/speaker012_0203.npz,../data/LIP-RTVE/transcriptions/speaker012/speaker012_0203.txt,5,utf-8
3042,LIP-RTVE,speaker012_0204,47,../data/LIP-RTVE/WAVs/speaker012/speaker012_0204.wav,../data/LIP-RTVE/ROIs/speaker012/speaker012_0204.npz,../data/LIP-RTVE/transcriptions/speaker012/speaker012_0204.txt,5,utf-8
3043,LIP-RTVE,speaker012_0205,99,../data/LIP-RTVE/WAVs/speaker012/speaker012_0205.wav,../data/LIP-RTVE/ROIs/speaker012/speaker012_0205.npz,../data/LIP-RTVE/transcriptions/speaker012/speaker012_0205.txt,5,utf-8
3044,LIP-RTVE,speaker012_0206,158,../data/LIP-RTVE/WAVs/speaker012/speaker012_0206.wav,../data/LIP-RTVE/ROIs/speaker012/speaker012_0206.npz,../data/LIP-RTVE/transcriptions/speaker012/speaker012_0206.txt,5,utf-8
3045,LIP-RTVE,speaker012_0207,131,../data/LIP-RTVE/WAVs/speaker012/speaker012_0207.wav,../data/LIP-RTVE/ROIs/speaker012/speaker012_0207.npz,../data/LIP-RTVE/transcriptions/speaker012/speaker012_0207.txt,5,utf-8
3046,LIP-RTVE,speaker012_0208,79,../data/LIP-RTVE/WAVs/speaker012/speaker012_0208.wav,../data/LIP-RTVE/ROIs/speaker012/speaker012_0208.npz,../data/LIP-RTVE/transcriptions/speaker012/speaker012_0208.txt,5,utf-8
3047,LIP-RTVE,speaker012_0210,50,../data/LIP-RTVE/WAVs/speaker012/speaker012_0210.wav,../data/LIP-RTVE/ROIs/speaker012/speaker012_0210.npz,../data/LIP-RTVE/transcriptions/speaker012/speaker012_0210.txt,5,utf-8
3048,LIP-RTVE,speaker012_0211,144,../data/LIP-RTVE/WAVs/speaker012/speaker012_0211.wav,../data/LIP-RTVE/ROIs/speaker012/speaker012_0211.npz,../data/LIP-RTVE/transcriptions/speaker012/speaker012_0211.txt,5,utf-8
3049,LIP-RTVE,speaker012_0213,126,../data/LIP-RTVE/WAVs/speaker012/speaker012_0213.wav,../data/LIP-RTVE/ROIs/speaker012/speaker012_0213.npz,../data/LIP-RTVE/transcriptions/speaker012/speaker012_0213.txt,5,utf-8
3050,LIP-RTVE,speaker012_0214,76,../data/LIP-RTVE/WAVs/speaker012/speaker012_0214.wav,../data/LIP-RTVE/ROIs/speaker012/speaker012_0214.npz,../data/LIP-RTVE/transcriptions/speaker012/speaker012_0214.txt,5,utf-8
3051,LIP-RTVE,speaker012_0215,154,../data/LIP-RTVE/WAVs/speaker012/speaker012_0215.wav,../data/LIP-RTVE/ROIs/speaker012/speaker012_0215.npz,../data/LIP-RTVE/transcriptions/speaker012/speaker012_0215.txt,5,utf-8
3052,LIP-RTVE,speaker012_0216,104,../data/LIP-RTVE/WAVs/speaker012/speaker012_0216.wav,../data/LIP-RTVE/ROIs/speaker012/speaker012_0216.npz,../data/LIP-RTVE/transcriptions/speaker012/speaker012_0216.txt,5,utf-8
3053,LIP-RTVE,speaker012_0217,45,../data/LIP-RTVE/WAVs/speaker012/speaker012_0217.wav,../data/LIP-RTVE/ROIs/speaker012/speaker012_0217.npz,../data/LIP-RTVE/transcriptions/speaker012/speaker012_0217.txt,5,utf-8
3054,LIP-RTVE,speaker012_0220,155,../data/LIP-RTVE/WAVs/speaker012/speaker012_0220.wav,../data/LIP-RTVE/ROIs/speaker012/speaker012_0220.npz,../data/LIP-RTVE/transcriptions/speaker012/speaker012_0220.txt,5,utf-8
3055,LIP-RTVE,speaker012_0221,114,../data/LIP-RTVE/WAVs/speaker012/speaker012_0221.wav,../data/LIP-RTVE/ROIs/speaker012/speaker012_0221.npz,../data/LIP-RTVE/transcriptions/speaker012/speaker012_0221.txt,5,utf-8
3056,LIP-RTVE,speaker012_0222,25,../data/LIP-RTVE/WAVs/speaker012/speaker012_0222.wav,../data/LIP-RTVE/ROIs/speaker012/speaker012_0222.npz,../data/LIP-RTVE/transcriptions/speaker012/speaker012_0222.txt,5,utf-8
3057,LIP-RTVE,speaker012_0224,64,../data/LIP-RTVE/WAVs/speaker012/speaker012_0224.wav,../data/LIP-RTVE/ROIs/speaker012/speaker012_0224.npz,../data/LIP-RTVE/transcriptions/speaker012/speaker012_0224.txt,5,utf-8
3058,LIP-RTVE,speaker012_0225,218,../data/LIP-RTVE/WAVs/speaker012/speaker012_0225.wav,../data/LIP-RTVE/ROIs/speaker012/speaker012_0225.npz,../data/LIP-RTVE/transcriptions/speaker012/speaker012_0225.txt,5,utf-8
3059,LIP-RTVE,speaker012_0226,131,../data/LIP-RTVE/WAVs/speaker012/speaker012_0226.wav,../data/LIP-RTVE/ROIs/speaker012/speaker012_0226.npz,../data/LIP-RTVE/transcriptions/speaker012/speaker012_0226.txt,5,utf-8
3060,LIP-RTVE,speaker012_0227,67,../data/LIP-RTVE/WAVs/speaker012/speaker012_0227.wav,../data/LIP-RTVE/ROIs/speaker012/speaker012_0227.npz,../data/LIP-RTVE/transcriptions/speaker012/speaker012_0227.txt,5,utf-8
3061,LIP-RTVE,speaker012_0228,113,../data/LIP-RTVE/WAVs/speaker012/speaker012_0228.wav,../data/LIP-RTVE/ROIs/speaker012/speaker012_0228.npz,../data/LIP-RTVE/transcriptions/speaker012/speaker012_0228.txt,5,utf-8
3062,LIP-RTVE,speaker012_0229,45,../data/LIP-RTVE/WAVs/speaker012/speaker012_0229.wav,../data/LIP-RTVE/ROIs/speaker012/speaker012_0229.npz,../data/LIP-RTVE/transcriptions/speaker012/speaker012_0229.txt,5,utf-8
3063,LIP-RTVE,speaker012_0232,75,../data/LIP-RTVE/WAVs/speaker012/speaker012_0232.wav,../data/LIP-RTVE/ROIs/speaker012/speaker012_0232.npz,../data/LIP-RTVE/transcriptions/speaker012/speaker012_0232.txt,5,utf-8
3064,LIP-RTVE,speaker012_0234,60,../data/LIP-RTVE/WAVs/speaker012/speaker012_0234.wav,../data/LIP-RTVE/ROIs/speaker012/speaker012_0234.npz,../data/LIP-RTVE/transcriptions/speaker012/speaker012_0234.txt,5,utf-8
3065,LIP-RTVE,speaker012_0235,174,../data/LIP-RTVE/WAVs/speaker012/speaker012_0235.wav,../data/LIP-RTVE/ROIs/speaker012/speaker012_0235.npz,../data/LIP-RTVE/transcriptions/speaker012/speaker012_0235.txt,5,utf-8
3066,LIP-RTVE,speaker012_0237,72,../data/LIP-RTVE/WAVs/speaker012/speaker012_0237.wav,../data/LIP-RTVE/ROIs/speaker012/speaker012_0237.npz,../data/LIP-RTVE/transcriptions/speaker012/speaker012_0237.txt,5,utf-8
3067,LIP-RTVE,speaker012_0238,166,../data/LIP-RTVE/WAVs/speaker012/speaker012_0238.wav,../data/LIP-RTVE/ROIs/speaker012/speaker012_0238.npz,../data/LIP-RTVE/transcriptions/speaker012/speaker012_0238.txt,5,utf-8
3068,LIP-RTVE,speaker012_0239,102,../data/LIP-RTVE/WAVs/speaker012/speaker012_0239.wav,../data/LIP-RTVE/ROIs/speaker012/speaker012_0239.npz,../data/LIP-RTVE/transcriptions/speaker012/speaker012_0239.txt,5,utf-8
3069,LIP-RTVE,speaker012_0240,58,../data/LIP-RTVE/WAVs/speaker012/speaker012_0240.wav,../data/LIP-RTVE/ROIs/speaker012/speaker012_0240.npz,../data/LIP-RTVE/transcriptions/speaker012/speaker012_0240.txt,5,utf-8
3070,LIP-RTVE,speaker012_0242,83,../data/LIP-RTVE/WAVs/speaker012/speaker012_0242.wav,../data/LIP-RTVE/ROIs/speaker012/speaker012_0242.npz,../data/LIP-RTVE/transcriptions/speaker012/speaker012_0242.txt,5,utf-8
3071,LIP-RTVE,speaker012_0243,167,../data/LIP-RTVE/WAVs/speaker012/speaker012_0243.wav,../data/LIP-RTVE/ROIs/speaker012/speaker012_0243.npz,../data/LIP-RTVE/transcriptions/speaker012/speaker012_0243.txt,5,utf-8
3072,LIP-RTVE,speaker012_0244,87,../data/LIP-RTVE/WAVs/speaker012/speaker012_0244.wav,../data/LIP-RTVE/ROIs/speaker012/speaker012_0244.npz,../data/LIP-RTVE/transcriptions/speaker012/speaker012_0244.txt,5,utf-8
3073,LIP-RTVE,speaker012_0245,172,../data/LIP-RTVE/WAVs/speaker012/speaker012_0245.wav,../data/LIP-RTVE/ROIs/speaker012/speaker012_0245.npz,../data/LIP-RTVE/transcriptions/speaker012/speaker012_0245.txt,5,utf-8
3074,LIP-RTVE,speaker012_0247,264,../data/LIP-RTVE/WAVs/speaker012/speaker012_0247.wav,../data/LIP-RTVE/ROIs/speaker012/speaker012_0247.npz,../data/LIP-RTVE/transcriptions/speaker012/speaker012_0247.txt,5,utf-8
3075,LIP-RTVE,speaker012_0249,189,../data/LIP-RTVE/WAVs/speaker012/speaker012_0249.wav,../data/LIP-RTVE/ROIs/speaker012/speaker012_0249.npz,../data/LIP-RTVE/transcriptions/speaker012/speaker012_0249.txt,5,utf-8
3076,LIP-RTVE,speaker012_0250,141,../data/LIP-RTVE/WAVs/speaker012/speaker012_0250.wav,../data/LIP-RTVE/ROIs/speaker012/speaker012_0250.npz,../data/LIP-RTVE/transcriptions/speaker012/speaker012_0250.txt,5,utf-8
3077,LIP-RTVE,speaker012_0251,273,../data/LIP-RTVE/WAVs/speaker012/speaker012_0251.wav,../data/LIP-RTVE/ROIs/speaker012/speaker012_0251.npz,../data/LIP-RTVE/transcriptions/speaker012/speaker012_0251.txt,5,utf-8
3078,LIP-RTVE,speaker012_0252,123,../data/LIP-RTVE/WAVs/speaker012/speaker012_0252.wav,../data/LIP-RTVE/ROIs/speaker012/speaker012_0252.npz,../data/LIP-RTVE/transcriptions/speaker012/speaker012_0252.txt,5,utf-8
3079,LIP-RTVE,speaker012_0254,219,../data/LIP-RTVE/WAVs/speaker012/speaker012_0254.wav,../data/LIP-RTVE/ROIs/speaker012/speaker012_0254.npz,../data/LIP-RTVE/transcriptions/speaker012/speaker012_0254.txt,5,utf-8
3080,LIP-RTVE,speaker012_0255,191,../data/LIP-RTVE/WAVs/speaker012/speaker012_0255.wav,../data/LIP-RTVE/ROIs/speaker012/speaker012_0255.npz,../data/LIP-RTVE/transcriptions/speaker012/speaker012_0255.txt,5,utf-8
3081,LIP-RTVE,speaker012_0256,127,../data/LIP-RTVE/WAVs/speaker012/speaker012_0256.wav,../data/LIP-RTVE/ROIs/speaker012/speaker012_0256.npz,../data/LIP-RTVE/transcriptions/speaker012/speaker012_0256.txt,5,utf-8
3082,LIP-RTVE,speaker012_0258,226,../data/LIP-RTVE/WAVs/speaker012/speaker012_0258.wav,../data/LIP-RTVE/ROIs/speaker012/speaker012_0258.npz,../data/LIP-RTVE/transcriptions/speaker012/speaker012_0258.txt,5,utf-8
3083,LIP-RTVE,speaker012_0259,110,../data/LIP-RTVE/WAVs/speaker012/speaker012_0259.wav,../data/LIP-RTVE/ROIs/speaker012/speaker012_0259.npz,../data/LIP-RTVE/transcriptions/speaker012/speaker012_0259.txt,5,utf-8
3084,LIP-RTVE,speaker012_0260,164,../data/LIP-RTVE/WAVs/speaker012/speaker012_0260.wav,../data/LIP-RTVE/ROIs/speaker012/speaker012_0260.npz,../data/LIP-RTVE/transcriptions/speaker012/speaker012_0260.txt,5,utf-8
3085,LIP-RTVE,speaker012_0262,86,../data/LIP-RTVE/WAVs/speaker012/speaker012_0262.wav,../data/LIP-RTVE/ROIs/speaker012/speaker012_0262.npz,../data/LIP-RTVE/transcriptions/speaker012/speaker012_0262.txt,5,utf-8
3086,LIP-RTVE,speaker012_0263,238,../data/LIP-RTVE/WAVs/speaker012/speaker012_0263.wav,../data/LIP-RTVE/ROIs/speaker012/speaker012_0263.npz,../data/LIP-RTVE/transcriptions/speaker012/speaker012_0263.txt,5,utf-8
3087,LIP-RTVE,speaker012_0264,116,../data/LIP-RTVE/WAVs/speaker012/speaker012_0264.wav,../data/LIP-RTVE/ROIs/speaker012/speaker012_0264.npz,../data/LIP-RTVE/transcriptions/speaker012/speaker012_0264.txt,5,utf-8
3088,LIP-RTVE,speaker012_0265,143,../data/LIP-RTVE/WAVs/speaker012/speaker012_0265.wav,../data/LIP-RTVE/ROIs/speaker012/speaker012_0265.npz,../data/LIP-RTVE/transcriptions/speaker012/speaker012_0265.txt,5,utf-8
3089,LIP-RTVE,speaker012_0266,31,../data/LIP-RTVE/WAVs/speaker012/speaker012_0266.wav,../data/LIP-RTVE/ROIs/speaker012/speaker012_0266.npz,../data/LIP-RTVE/transcriptions/speaker012/speaker012_0266.txt,5,utf-8
3090,LIP-RTVE,speaker012_0267,108,../data/LIP-RTVE/WAVs/speaker012/speaker012_0267.wav,../data/LIP-RTVE/ROIs/speaker012/speaker012_0267.npz,../data/LIP-RTVE/transcriptions/speaker012/speaker012_0267.txt,5,utf-8
3091,LIP-RTVE,speaker012_0268,258,../data/LIP-RTVE/WAVs/speaker012/speaker012_0268.wav,../data/LIP-RTVE/ROIs/speaker012/speaker012_0268.npz,../data/LIP-RTVE/transcriptions/speaker012/speaker012_0268.txt,5,utf-8
3092,LIP-RTVE,speaker012_0269,154,../data/LIP-RTVE/WAVs/speaker012/speaker012_0269.wav,../data/LIP-RTVE/ROIs/speaker012/speaker012_0269.npz,../data/LIP-RTVE/transcriptions/speaker012/speaker012_0269.txt,5,utf-8
3093,LIP-RTVE,speaker012_0270,250,../data/LIP-RTVE/WAVs/speaker012/speaker012_0270.wav,../data/LIP-RTVE/ROIs/speaker012/speaker012_0270.npz,../data/LIP-RTVE/transcriptions/speaker012/speaker012_0270.txt,5,utf-8
3094,LIP-RTVE,speaker012_0271,83,../data/LIP-RTVE/WAVs/speaker012/speaker012_0271.wav,../data/LIP-RTVE/ROIs/speaker012/speaker012_0271.npz,../data/LIP-RTVE/transcriptions/speaker012/speaker012_0271.txt,5,utf-8
3095,LIP-RTVE,speaker012_0272,226,../data/LIP-RTVE/WAVs/speaker012/speaker012_0272.wav,../data/LIP-RTVE/ROIs/speaker012/speaker012_0272.npz,../data/LIP-RTVE/transcriptions/speaker012/speaker012_0272.txt,5,utf-8
3096,LIP-RTVE,speaker012_0273,152,../data/LIP-RTVE/WAVs/speaker012/speaker012_0273.wav,../data/LIP-RTVE/ROIs/speaker012/speaker012_0273.npz,../data/LIP-RTVE/transcriptions/speaker012/speaker012_0273.txt,5,utf-8
3097,LIP-RTVE,speaker012_0274,50,../data/LIP-RTVE/WAVs/speaker012/speaker012_0274.wav,../data/LIP-RTVE/ROIs/speaker012/speaker012_0274.npz,../data/LIP-RTVE/transcriptions/speaker012/speaker012_0274.txt,5,utf-8
3098,LIP-RTVE,speaker012_0276,96,../data/LIP-RTVE/WAVs/speaker012/speaker012_0276.wav,../data/LIP-RTVE/ROIs/speaker012/speaker012_0276.npz,../data/LIP-RTVE/transcriptions/speaker012/speaker012_0276.txt,5,utf-8
3099,LIP-RTVE,speaker012_0278,176,../data/LIP-RTVE/WAVs/speaker012/speaker012_0278.wav,../data/LIP-RTVE/ROIs/speaker012/speaker012_0278.npz,../data/LIP-RTVE/transcriptions/speaker012/speaker012_0278.txt,5,utf-8
3100,LIP-RTVE,speaker012_0279,103,../data/LIP-RTVE/WAVs/speaker012/speaker012_0279.wav,../data/LIP-RTVE/ROIs/speaker012/speaker012_0279.npz,../data/LIP-RTVE/transcriptions/speaker012/speaker012_0279.txt,5,utf-8
3101,LIP-RTVE,speaker012_0281,149,../data/LIP-RTVE/WAVs/speaker012/speaker012_0281.wav,../data/LIP-RTVE/ROIs/speaker012/speaker012_0281.npz,../data/LIP-RTVE/transcriptions/speaker012/speaker012_0281.txt,5,utf-8
3102,LIP-RTVE,speaker012_0282,270,../data/LIP-RTVE/WAVs/speaker012/speaker012_0282.wav,../data/LIP-RTVE/ROIs/speaker012/speaker012_0282.npz,../data/LIP-RTVE/transcriptions/speaker012/speaker012_0282.txt,5,utf-8
3103,LIP-RTVE,speaker012_0283,122,../data/LIP-RTVE/WAVs/speaker012/speaker012_0283.wav,../data/LIP-RTVE/ROIs/speaker012/speaker012_0283.npz,../data/LIP-RTVE/transcriptions/speaker012/speaker012_0283.txt,5,utf-8
3104,LIP-RTVE,speaker012_0284,207,../data/LIP-RTVE/WAVs/speaker012/speaker012_0284.wav,../data/LIP-RTVE/ROIs/speaker012/speaker012_0284.npz,../data/LIP-RTVE/transcriptions/speaker012/speaker012_0284.txt,5,utf-8
3105,LIP-RTVE,speaker012_0285,95,../data/LIP-RTVE/WAVs/speaker012/speaker012_0285.wav,../data/LIP-RTVE/ROIs/speaker012/speaker012_0285.npz,../data/LIP-RTVE/transcriptions/speaker012/speaker012_0285.txt,5,utf-8
3106,LIP-RTVE,speaker012_0286,221,../data/LIP-RTVE/WAVs/speaker012/speaker012_0286.wav,../data/LIP-RTVE/ROIs/speaker012/speaker012_0286.npz,../data/LIP-RTVE/transcriptions/speaker012/speaker012_0286.txt,5,utf-8
3107,LIP-RTVE,speaker012_0289,37,../data/LIP-RTVE/WAVs/speaker012/speaker012_0289.wav,../data/LIP-RTVE/ROIs/speaker012/speaker012_0289.npz,../data/LIP-RTVE/transcriptions/speaker012/speaker012_0289.txt,5,utf-8
3108,LIP-RTVE,speaker012_0291,71,../data/LIP-RTVE/WAVs/speaker012/speaker012_0291.wav,../data/LIP-RTVE/ROIs/speaker012/speaker012_0291.npz,../data/LIP-RTVE/transcriptions/speaker012/speaker012_0291.txt,5,utf-8
3109,LIP-RTVE,speaker012_0293,91,../data/LIP-RTVE/WAVs/speaker012/speaker012_0293.wav,../data/LIP-RTVE/ROIs/speaker012/speaker012_0293.npz,../data/LIP-RTVE/transcriptions/speaker012/speaker012_0293.txt,5,utf-8
3110,LIP-RTVE,speaker012_0295,215,../data/LIP-RTVE/WAVs/speaker012/speaker012_0295.wav,../data/LIP-RTVE/ROIs/speaker012/speaker012_0295.npz,../data/LIP-RTVE/transcriptions/speaker012/speaker012_0295.txt,5,utf-8
3111,LIP-RTVE,speaker012_0297,86,../data/LIP-RTVE/WAVs/speaker012/speaker012_0297.wav,../data/LIP-RTVE/ROIs/speaker012/speaker012_0297.npz,../data/LIP-RTVE/transcriptions/speaker012/speaker012_0297.txt,5,utf-8
3112,LIP-RTVE,speaker012_0298,173,../data/LIP-RTVE/WAVs/speaker012/speaker012_0298.wav,../data/LIP-RTVE/ROIs/speaker012/speaker012_0298.npz,../data/LIP-RTVE/transcriptions/speaker012/speaker012_0298.txt,5,utf-8
3113,LIP-RTVE,speaker012_0302,127,../data/LIP-RTVE/WAVs/speaker012/speaker012_0302.wav,../data/LIP-RTVE/ROIs/speaker012/speaker012_0302.npz,../data/LIP-RTVE/transcriptions/speaker012/speaker012_0302.txt,5,utf-8
3114,LIP-RTVE,speaker012_0306,133,../data/LIP-RTVE/WAVs/speaker012/speaker012_0306.wav,../data/LIP-RTVE/ROIs/speaker012/speaker012_0306.npz,../data/LIP-RTVE/transcriptions/speaker012/speaker012_0306.txt,5,utf-8
3115,LIP-RTVE,speaker013_0001,120,../data/LIP-RTVE/WAVs/speaker013/speaker013_0001.wav,../data/LIP-RTVE/ROIs/speaker013/speaker013_0001.npz,../data/LIP-RTVE/transcriptions/speaker013/speaker013_0001.txt,5,utf-8
3116,LIP-RTVE,speaker013_0002,118,../data/LIP-RTVE/WAVs/speaker013/speaker013_0002.wav,../data/LIP-RTVE/ROIs/speaker013/speaker013_0002.npz,../data/LIP-RTVE/transcriptions/speaker013/speaker013_0002.txt,5,utf-8
3117,LIP-RTVE,speaker013_0003,181,../data/LIP-RTVE/WAVs/speaker013/speaker013_0003.wav,../data/LIP-RTVE/ROIs/speaker013/speaker013_0003.npz,../data/LIP-RTVE/transcriptions/speaker013/speaker013_0003.txt,5,utf-8
3118,LIP-RTVE,speaker013_0004,346,../data/LIP-RTVE/WAVs/speaker013/speaker013_0004.wav,../data/LIP-RTVE/ROIs/speaker013/speaker013_0004.npz,../data/LIP-RTVE/transcriptions/speaker013/speaker013_0004.txt,5,utf-8
3119,LIP-RTVE,speaker013_0006,40,../data/LIP-RTVE/WAVs/speaker013/speaker013_0006.wav,../data/LIP-RTVE/ROIs/speaker013/speaker013_0006.npz,../data/LIP-RTVE/transcriptions/speaker013/speaker013_0006.txt,5,utf-8
3120,LIP-RTVE,speaker013_0008,203,../data/LIP-RTVE/WAVs/speaker013/speaker013_0008.wav,../data/LIP-RTVE/ROIs/speaker013/speaker013_0008.npz,../data/LIP-RTVE/transcriptions/speaker013/speaker013_0008.txt,5,utf-8
3121,LIP-RTVE,speaker013_0009,148,../data/LIP-RTVE/WAVs/speaker013/speaker013_0009.wav,../data/LIP-RTVE/ROIs/speaker013/speaker013_0009.npz,../data/LIP-RTVE/transcriptions/speaker013/speaker013_0009.txt,5,utf-8
3122,LIP-RTVE,speaker013_0010,273,../data/LIP-RTVE/WAVs/speaker013/speaker013_0010.wav,../data/LIP-RTVE/ROIs/speaker013/speaker013_0010.npz,../data/LIP-RTVE/transcriptions/speaker013/speaker013_0010.txt,5,utf-8
3123,LIP-RTVE,speaker013_0011,138,../data/LIP-RTVE/WAVs/speaker013/speaker013_0011.wav,../data/LIP-RTVE/ROIs/speaker013/speaker013_0011.npz,../data/LIP-RTVE/transcriptions/speaker013/speaker013_0011.txt,5,utf-8
3124,LIP-RTVE,speaker013_0014,75,../data/LIP-RTVE/WAVs/speaker013/speaker013_0014.wav,../data/LIP-RTVE/ROIs/speaker013/speaker013_0014.npz,../data/LIP-RTVE/transcriptions/speaker013/speaker013_0014.txt,5,utf-8
3125,LIP-RTVE,speaker013_0015,78,../data/LIP-RTVE/WAVs/speaker013/speaker013_0015.wav,../data/LIP-RTVE/ROIs/speaker013/speaker013_0015.npz,../data/LIP-RTVE/transcriptions/speaker013/speaker013_0015.txt,5,utf-8
3126,LIP-RTVE,speaker013_0017,142,../data/LIP-RTVE/WAVs/speaker013/speaker013_0017.wav,../data/LIP-RTVE/ROIs/speaker013/speaker013_0017.npz,../data/LIP-RTVE/transcriptions/speaker013/speaker013_0017.txt,5,utf-8
3127,LIP-RTVE,speaker013_0018,56,../data/LIP-RTVE/WAVs/speaker013/speaker013_0018.wav,../data/LIP-RTVE/ROIs/speaker013/speaker013_0018.npz,../data/LIP-RTVE/transcriptions/speaker013/speaker013_0018.txt,5,utf-8
3128,LIP-RTVE,speaker013_0019,52,../data/LIP-RTVE/WAVs/speaker013/speaker013_0019.wav,../data/LIP-RTVE/ROIs/speaker013/speaker013_0019.npz,../data/LIP-RTVE/transcriptions/speaker013/speaker013_0019.txt,5,utf-8
3129,LIP-RTVE,speaker013_0020,382,../data/LIP-RTVE/WAVs/speaker013/speaker013_0020.wav,../data/LIP-RTVE/ROIs/speaker013/speaker013_0020.npz,../data/LIP-RTVE/transcriptions/speaker013/speaker013_0020.txt,5,utf-8
3130,LIP-RTVE,speaker013_0021,43,../data/LIP-RTVE/WAVs/speaker013/speaker013_0021.wav,../data/LIP-RTVE/ROIs/speaker013/speaker013_0021.npz,../data/LIP-RTVE/transcriptions/speaker013/speaker013_0021.txt,5,utf-8
3131,LIP-RTVE,speaker013_0022,76,../data/LIP-RTVE/WAVs/speaker013/speaker013_0022.wav,../data/LIP-RTVE/ROIs/speaker013/speaker013_0022.npz,../data/LIP-RTVE/transcriptions/speaker013/speaker013_0022.txt,5,utf-8
3132,LIP-RTVE,speaker013_0023,32,../data/LIP-RTVE/WAVs/speaker013/speaker013_0023.wav,../data/LIP-RTVE/ROIs/speaker013/speaker013_0023.npz,../data/LIP-RTVE/transcriptions/speaker013/speaker013_0023.txt,5,utf-8
3133,LIP-RTVE,speaker013_0024,77,../data/LIP-RTVE/WAVs/speaker013/speaker013_0024.wav,../data/LIP-RTVE/ROIs/speaker013/speaker013_0024.npz,../data/LIP-RTVE/transcriptions/speaker013/speaker013_0024.txt,5,utf-8
3134,LIP-RTVE,speaker013_0025,47,../data/LIP-RTVE/WAVs/speaker013/speaker013_0025.wav,../data/LIP-RTVE/ROIs/speaker013/speaker013_0025.npz,../data/LIP-RTVE/transcriptions/speaker013/speaker013_0025.txt,5,utf-8
3135,LIP-RTVE,speaker013_0026,33,../data/LIP-RTVE/WAVs/speaker013/speaker013_0026.wav,../data/LIP-RTVE/ROIs/speaker013/speaker013_0026.npz,../data/LIP-RTVE/transcriptions/speaker013/speaker013_0026.txt,5,utf-8
3136,LIP-RTVE,speaker013_0027,27,../data/LIP-RTVE/WAVs/speaker013/speaker013_0027.wav,../data/LIP-RTVE/ROIs/speaker013/speaker013_0027.npz,../data/LIP-RTVE/transcriptions/speaker013/speaker013_0027.txt,5,utf-8
3137,LIP-RTVE,speaker013_0028,49,../data/LIP-RTVE/WAVs/speaker013/speaker013_0028.wav,../data/LIP-RTVE/ROIs/speaker013/speaker013_0028.npz,../data/LIP-RTVE/transcriptions/speaker013/speaker013_0028.txt,5,utf-8
3138,LIP-RTVE,speaker013_0029,27,../data/LIP-RTVE/WAVs/speaker013/speaker013_0029.wav,../data/LIP-RTVE/ROIs/speaker013/speaker013_0029.npz,../data/LIP-RTVE/transcriptions/speaker013/speaker013_0029.txt,5,utf-8
3139,LIP-RTVE,speaker013_0030,70,../data/LIP-RTVE/WAVs/speaker013/speaker013_0030.wav,../data/LIP-RTVE/ROIs/speaker013/speaker013_0030.npz,../data/LIP-RTVE/transcriptions/speaker013/speaker013_0030.txt,5,utf-8
3140,LIP-RTVE,speaker013_0032,54,../data/LIP-RTVE/WAVs/speaker013/speaker013_0032.wav,../data/LIP-RTVE/ROIs/speaker013/speaker013_0032.npz,../data/LIP-RTVE/transcriptions/speaker013/speaker013_0032.txt,5,utf-8
3141,LIP-RTVE,speaker013_0033,64,../data/LIP-RTVE/WAVs/speaker013/speaker013_0033.wav,../data/LIP-RTVE/ROIs/speaker013/speaker013_0033.npz,../data/LIP-RTVE/transcriptions/speaker013/speaker013_0033.txt,5,utf-8
3142,LIP-RTVE,speaker013_0034,40,../data/LIP-RTVE/WAVs/speaker013/speaker013_0034.wav,../data/LIP-RTVE/ROIs/speaker013/speaker013_0034.npz,../data/LIP-RTVE/transcriptions/speaker013/speaker013_0034.txt,5,utf-8
3143,LIP-RTVE,speaker013_0036,82,../data/LIP-RTVE/WAVs/speaker013/speaker013_0036.wav,../data/LIP-RTVE/ROIs/speaker013/speaker013_0036.npz,../data/LIP-RTVE/transcriptions/speaker013/speaker013_0036.txt,5,utf-8
3144,LIP-RTVE,speaker013_0037,121,../data/LIP-RTVE/WAVs/speaker013/speaker013_0037.wav,../data/LIP-RTVE/ROIs/speaker013/speaker013_0037.npz,../data/LIP-RTVE/transcriptions/speaker013/speaker013_0037.txt,5,utf-8
3145,LIP-RTVE,speaker013_0040,140,../data/LIP-RTVE/WAVs/speaker013/speaker013_0040.wav,../data/LIP-RTVE/ROIs/speaker013/speaker013_0040.npz,../data/LIP-RTVE/transcriptions/speaker013/speaker013_0040.txt,5,utf-8
3146,LIP-RTVE,speaker013_0041,271,../data/LIP-RTVE/WAVs/speaker013/speaker013_0041.wav,../data/LIP-RTVE/ROIs/speaker013/speaker013_0041.npz,../data/LIP-RTVE/transcriptions/speaker013/speaker013_0041.txt,5,utf-8
3147,LIP-RTVE,speaker013_0042,135,../data/LIP-RTVE/WAVs/speaker013/speaker013_0042.wav,../data/LIP-RTVE/ROIs/speaker013/speaker013_0042.npz,../data/LIP-RTVE/transcriptions/speaker013/speaker013_0042.txt,5,utf-8
3148,LIP-RTVE,speaker013_0044,47,../data/LIP-RTVE/WAVs/speaker013/speaker013_0044.wav,../data/LIP-RTVE/ROIs/speaker013/speaker013_0044.npz,../data/LIP-RTVE/transcriptions/speaker013/speaker013_0044.txt,5,utf-8
3149,LIP-RTVE,speaker013_0045,67,../data/LIP-RTVE/WAVs/speaker013/speaker013_0045.wav,../data/LIP-RTVE/ROIs/speaker013/speaker013_0045.npz,../data/LIP-RTVE/transcriptions/speaker013/speaker013_0045.txt,5,utf-8
3150,LIP-RTVE,speaker013_0046,83,../data/LIP-RTVE/WAVs/speaker013/speaker013_0046.wav,../data/LIP-RTVE/ROIs/speaker013/speaker013_0046.npz,../data/LIP-RTVE/transcriptions/speaker013/speaker013_0046.txt,5,utf-8
3151,LIP-RTVE,speaker013_0047,47,../data/LIP-RTVE/WAVs/speaker013/speaker013_0047.wav,../data/LIP-RTVE/ROIs/speaker013/speaker013_0047.npz,../data/LIP-RTVE/transcriptions/speaker013/speaker013_0047.txt,5,utf-8
3152,LIP-RTVE,speaker013_0048,39,../data/LIP-RTVE/WAVs/speaker013/speaker013_0048.wav,../data/LIP-RTVE/ROIs/speaker013/speaker013_0048.npz,../data/LIP-RTVE/transcriptions/speaker013/speaker013_0048.txt,5,utf-8
3153,LIP-RTVE,speaker013_0050,168,../data/LIP-RTVE/WAVs/speaker013/speaker013_0050.wav,../data/LIP-RTVE/ROIs/speaker013/speaker013_0050.npz,../data/LIP-RTVE/transcriptions/speaker013/speaker013_0050.txt,5,utf-8
3154,LIP-RTVE,speaker013_0054,98,../data/LIP-RTVE/WAVs/speaker013/speaker013_0054.wav,../data/LIP-RTVE/ROIs/speaker013/speaker013_0054.npz,../data/LIP-RTVE/transcriptions/speaker013/speaker013_0054.txt,5,utf-8
3155,LIP-RTVE,speaker013_0055,40,../data/LIP-RTVE/WAVs/speaker013/speaker013_0055.wav,../data/LIP-RTVE/ROIs/speaker013/speaker013_0055.npz,../data/LIP-RTVE/transcriptions/speaker013/speaker013_0055.txt,5,utf-8
3156,LIP-RTVE,speaker013_0057,98,../data/LIP-RTVE/WAVs/speaker013/speaker013_0057.wav,../data/LIP-RTVE/ROIs/speaker013/speaker013_0057.npz,../data/LIP-RTVE/transcriptions/speaker013/speaker013_0057.txt,5,utf-8
3157,LIP-RTVE,speaker013_0062,113,../data/LIP-RTVE/WAVs/speaker013/speaker013_0062.wav,../data/LIP-RTVE/ROIs/speaker013/speaker013_0062.npz,../data/LIP-RTVE/transcriptions/speaker013/speaker013_0062.txt,5,utf-8
3158,LIP-RTVE,speaker013_0063,49,../data/LIP-RTVE/WAVs/speaker013/speaker013_0063.wav,../data/LIP-RTVE/ROIs/speaker013/speaker013_0063.npz,../data/LIP-RTVE/transcriptions/speaker013/speaker013_0063.txt,5,utf-8
3159,LIP-RTVE,speaker013_0064,76,../data/LIP-RTVE/WAVs/speaker013/speaker013_0064.wav,../data/LIP-RTVE/ROIs/speaker013/speaker013_0064.npz,../data/LIP-RTVE/transcriptions/speaker013/speaker013_0064.txt,5,utf-8
3160,LIP-RTVE,speaker013_0065,113,../data/LIP-RTVE/WAVs/speaker013/speaker013_0065.wav,../data/LIP-RTVE/ROIs/speaker013/speaker013_0065.npz,../data/LIP-RTVE/transcriptions/speaker013/speaker013_0065.txt,5,utf-8
3161,LIP-RTVE,speaker013_0066,59,../data/LIP-RTVE/WAVs/speaker013/speaker013_0066.wav,../data/LIP-RTVE/ROIs/speaker013/speaker013_0066.npz,../data/LIP-RTVE/transcriptions/speaker013/speaker013_0066.txt,5,utf-8
3162,LIP-RTVE,speaker013_0067,27,../data/LIP-RTVE/WAVs/speaker013/speaker013_0067.wav,../data/LIP-RTVE/ROIs/speaker013/speaker013_0067.npz,../data/LIP-RTVE/transcriptions/speaker013/speaker013_0067.txt,5,utf-8
3163,LIP-RTVE,speaker013_0069,110,../data/LIP-RTVE/WAVs/speaker013/speaker013_0069.wav,../data/LIP-RTVE/ROIs/speaker013/speaker013_0069.npz,../data/LIP-RTVE/transcriptions/speaker013/speaker013_0069.txt,5,utf-8
3164,LIP-RTVE,speaker013_0072,95,../data/LIP-RTVE/WAVs/speaker013/speaker013_0072.wav,../data/LIP-RTVE/ROIs/speaker013/speaker013_0072.npz,../data/LIP-RTVE/transcriptions/speaker013/speaker013_0072.txt,5,utf-8
3165,LIP-RTVE,speaker013_0073,54,../data/LIP-RTVE/WAVs/speaker013/speaker013_0073.wav,../data/LIP-RTVE/ROIs/speaker013/speaker013_0073.npz,../data/LIP-RTVE/transcriptions/speaker013/speaker013_0073.txt,5,utf-8
3166,LIP-RTVE,speaker013_0074,86,../data/LIP-RTVE/WAVs/speaker013/speaker013_0074.wav,../data/LIP-RTVE/ROIs/speaker013/speaker013_0074.npz,../data/LIP-RTVE/transcriptions/speaker013/speaker013_0074.txt,5,utf-8
3167,LIP-RTVE,speaker013_0075,52,../data/LIP-RTVE/WAVs/speaker013/speaker013_0075.wav,../data/LIP-RTVE/ROIs/speaker013/speaker013_0075.npz,../data/LIP-RTVE/transcriptions/speaker013/speaker013_0075.txt,5,utf-8
3168,LIP-RTVE,speaker013_0077,181,../data/LIP-RTVE/WAVs/speaker013/speaker013_0077.wav,../data/LIP-RTVE/ROIs/speaker013/speaker013_0077.npz,../data/LIP-RTVE/transcriptions/speaker013/speaker013_0077.txt,5,utf-8
3169,LIP-RTVE,speaker013_0078,39,../data/LIP-RTVE/WAVs/speaker013/speaker013_0078.wav,../data/LIP-RTVE/ROIs/speaker013/speaker013_0078.npz,../data/LIP-RTVE/transcriptions/speaker013/speaker013_0078.txt,5,utf-8
3170,LIP-RTVE,speaker013_0079,53,../data/LIP-RTVE/WAVs/speaker013/speaker013_0079.wav,../data/LIP-RTVE/ROIs/speaker013/speaker013_0079.npz,../data/LIP-RTVE/transcriptions/speaker013/speaker013_0079.txt,5,utf-8
3171,LIP-RTVE,speaker013_0080,27,../data/LIP-RTVE/WAVs/speaker013/speaker013_0080.wav,../data/LIP-RTVE/ROIs/speaker013/speaker013_0080.npz,../data/LIP-RTVE/transcriptions/speaker013/speaker013_0080.txt,5,utf-8
3172,LIP-RTVE,speaker013_0081,30,../data/LIP-RTVE/WAVs/speaker013/speaker013_0081.wav,../data/LIP-RTVE/ROIs/speaker013/speaker013_0081.npz,../data/LIP-RTVE/transcriptions/speaker013/speaker013_0081.txt,5,utf-8
3173,LIP-RTVE,speaker013_0082,49,../data/LIP-RTVE/WAVs/speaker013/speaker013_0082.wav,../data/LIP-RTVE/ROIs/speaker013/speaker013_0082.npz,../data/LIP-RTVE/transcriptions/speaker013/speaker013_0082.txt,5,utf-8
3174,LIP-RTVE,speaker013_0083,28,../data/LIP-RTVE/WAVs/speaker013/speaker013_0083.wav,../data/LIP-RTVE/ROIs/speaker013/speaker013_0083.npz,../data/LIP-RTVE/transcriptions/speaker013/speaker013_0083.txt,5,utf-8
3175,LIP-RTVE,speaker013_0084,91,../data/LIP-RTVE/WAVs/speaker013/speaker013_0084.wav,../data/LIP-RTVE/ROIs/speaker013/speaker013_0084.npz,../data/LIP-RTVE/transcriptions/speaker013/speaker013_0084.txt,5,utf-8
3176,LIP-RTVE,speaker013_0086,257,../data/LIP-RTVE/WAVs/speaker013/speaker013_0086.wav,../data/LIP-RTVE/ROIs/speaker013/speaker013_0086.npz,../data/LIP-RTVE/transcriptions/speaker013/speaker013_0086.txt,5,utf-8
3177,LIP-RTVE,speaker013_0088,37,../data/LIP-RTVE/WAVs/speaker013/speaker013_0088.wav,../data/LIP-RTVE/ROIs/speaker013/speaker013_0088.npz,../data/LIP-RTVE/transcriptions/speaker013/speaker013_0088.txt,5,utf-8
3178,LIP-RTVE,speaker013_0089,181,../data/LIP-RTVE/WAVs/speaker013/speaker013_0089.wav,../data/LIP-RTVE/ROIs/speaker013/speaker013_0089.npz,../data/LIP-RTVE/transcriptions/speaker013/speaker013_0089.txt,5,utf-8
3179,LIP-RTVE,speaker013_0090,176,../data/LIP-RTVE/WAVs/speaker013/speaker013_0090.wav,../data/LIP-RTVE/ROIs/speaker013/speaker013_0090.npz,../data/LIP-RTVE/transcriptions/speaker013/speaker013_0090.txt,5,utf-8
3180,LIP-RTVE,speaker013_0091,147,../data/LIP-RTVE/WAVs/speaker013/speaker013_0091.wav,../data/LIP-RTVE/ROIs/speaker013/speaker013_0091.npz,../data/LIP-RTVE/transcriptions/speaker013/speaker013_0091.txt,5,utf-8
3181,LIP-RTVE,speaker013_0092,73,../data/LIP-RTVE/WAVs/speaker013/speaker013_0092.wav,../data/LIP-RTVE/ROIs/speaker013/speaker013_0092.npz,../data/LIP-RTVE/transcriptions/speaker013/speaker013_0092.txt,5,utf-8
3182,LIP-RTVE,speaker013_0094,67,../data/LIP-RTVE/WAVs/speaker013/speaker013_0094.wav,../data/LIP-RTVE/ROIs/speaker013/speaker013_0094.npz,../data/LIP-RTVE/transcriptions/speaker013/speaker013_0094.txt,5,utf-8
3183,LIP-RTVE,speaker013_0095,28,../data/LIP-RTVE/WAVs/speaker013/speaker013_0095.wav,../data/LIP-RTVE/ROIs/speaker013/speaker013_0095.npz,../data/LIP-RTVE/transcriptions/speaker013/speaker013_0095.txt,5,utf-8
3184,LIP-RTVE,speaker013_0096,71,../data/LIP-RTVE/WAVs/speaker013/speaker013_0096.wav,../data/LIP-RTVE/ROIs/speaker013/speaker013_0096.npz,../data/LIP-RTVE/transcriptions/speaker013/speaker013_0096.txt,5,utf-8
3185,LIP-RTVE,speaker013_0097,182,../data/LIP-RTVE/WAVs/speaker013/speaker013_0097.wav,../data/LIP-RTVE/ROIs/speaker013/speaker013_0097.npz,../data/LIP-RTVE/transcriptions/speaker013/speaker013_0097.txt,5,utf-8
3186,LIP-RTVE,speaker013_0098,256,../data/LIP-RTVE/WAVs/speaker013/speaker013_0098.wav,../data/LIP-RTVE/ROIs/speaker013/speaker013_0098.npz,../data/LIP-RTVE/transcriptions/speaker013/speaker013_0098.txt,5,utf-8
3187,LIP-RTVE,speaker013_0100,111,../data/LIP-RTVE/WAVs/speaker013/speaker013_0100.wav,../data/LIP-RTVE/ROIs/speaker013/speaker013_0100.npz,../data/LIP-RTVE/transcriptions/speaker013/speaker013_0100.txt,5,utf-8
3188,LIP-RTVE,speaker013_0102,251,../data/LIP-RTVE/WAVs/speaker013/speaker013_0102.wav,../data/LIP-RTVE/ROIs/speaker013/speaker013_0102.npz,../data/LIP-RTVE/transcriptions/speaker013/speaker013_0102.txt,5,utf-8
3189,LIP-RTVE,speaker013_0105,109,../data/LIP-RTVE/WAVs/speaker013/speaker013_0105.wav,../data/LIP-RTVE/ROIs/speaker013/speaker013_0105.npz,../data/LIP-RTVE/transcriptions/speaker013/speaker013_0105.txt,5,utf-8
3190,LIP-RTVE,speaker013_0106,174,../data/LIP-RTVE/WAVs/speaker013/speaker013_0106.wav,../data/LIP-RTVE/ROIs/speaker013/speaker013_0106.npz,../data/LIP-RTVE/transcriptions/speaker013/speaker013_0106.txt,5,utf-8
3191,LIP-RTVE,speaker013_0107,140,../data/LIP-RTVE/WAVs/speaker013/speaker013_0107.wav,../data/LIP-RTVE/ROIs/speaker013/speaker013_0107.npz,../data/LIP-RTVE/transcriptions/speaker013/speaker013_0107.txt,5,utf-8
3192,LIP-RTVE,speaker013_0108,112,../data/LIP-RTVE/WAVs/speaker013/speaker013_0108.wav,../data/LIP-RTVE/ROIs/speaker013/speaker013_0108.npz,../data/LIP-RTVE/transcriptions/speaker013/speaker013_0108.txt,5,utf-8
3193,LIP-RTVE,speaker013_0110,195,../data/LIP-RTVE/WAVs/speaker013/speaker013_0110.wav,../data/LIP-RTVE/ROIs/speaker013/speaker013_0110.npz,../data/LIP-RTVE/transcriptions/speaker013/speaker013_0110.txt,5,utf-8
3194,LIP-RTVE,speaker013_0111,86,../data/LIP-RTVE/WAVs/speaker013/speaker013_0111.wav,../data/LIP-RTVE/ROIs/speaker013/speaker013_0111.npz,../data/LIP-RTVE/transcriptions/speaker013/speaker013_0111.txt,5,utf-8
3195,LIP-RTVE,speaker013_0113,58,../data/LIP-RTVE/WAVs/speaker013/speaker013_0113.wav,../data/LIP-RTVE/ROIs/speaker013/speaker013_0113.npz,../data/LIP-RTVE/transcriptions/speaker013/speaker013_0113.txt,5,utf-8
3196,LIP-RTVE,speaker013_0115,87,../data/LIP-RTVE/WAVs/speaker013/speaker013_0115.wav,../data/LIP-RTVE/ROIs/speaker013/speaker013_0115.npz,../data/LIP-RTVE/transcriptions/speaker013/speaker013_0115.txt,5,utf-8
3197,LIP-RTVE,speaker013_0117,221,../data/LIP-RTVE/WAVs/speaker013/speaker013_0117.wav,../data/LIP-RTVE/ROIs/speaker013/speaker013_0117.npz,../data/LIP-RTVE/transcriptions/speaker013/speaker013_0117.txt,5,utf-8
3198,LIP-RTVE,speaker013_0121,197,../data/LIP-RTVE/WAVs/speaker013/speaker013_0121.wav,../data/LIP-RTVE/ROIs/speaker013/speaker013_0121.npz,../data/LIP-RTVE/transcriptions/speaker013/speaker013_0121.txt,5,utf-8
3199,LIP-RTVE,speaker013_0122,197,../data/LIP-RTVE/WAVs/speaker013/speaker013_0122.wav,../data/LIP-RTVE/ROIs/speaker013/speaker013_0122.npz,../data/LIP-RTVE/transcriptions/speaker013/speaker013_0122.txt,5,utf-8
3200,LIP-RTVE,speaker013_0123,91,../data/LIP-RTVE/WAVs/speaker013/speaker013_0123.wav,../data/LIP-RTVE/ROIs/speaker013/speaker013_0123.npz,../data/LIP-RTVE/transcriptions/speaker013/speaker013_0123.txt,5,utf-8
3201,LIP-RTVE,speaker013_0124,249,../data/LIP-RTVE/WAVs/speaker013/speaker013_0124.wav,../data/LIP-RTVE/ROIs/speaker013/speaker013_0124.npz,../data/LIP-RTVE/transcriptions/speaker013/speaker013_0124.txt,5,utf-8
3202,LIP-RTVE,speaker013_0125,125,../data/LIP-RTVE/WAVs/speaker013/speaker013_0125.wav,../data/LIP-RTVE/ROIs/speaker013/speaker013_0125.npz,../data/LIP-RTVE/transcriptions/speaker013/speaker013_0125.txt,5,utf-8
3203,LIP-RTVE,speaker013_0126,105,../data/LIP-RTVE/WAVs/speaker013/speaker013_0126.wav,../data/LIP-RTVE/ROIs/speaker013/speaker013_0126.npz,../data/LIP-RTVE/transcriptions/speaker013/speaker013_0126.txt,5,utf-8
3204,LIP-RTVE,speaker013_0127,40,../data/LIP-RTVE/WAVs/speaker013/speaker013_0127.wav,../data/LIP-RTVE/ROIs/speaker013/speaker013_0127.npz,../data/LIP-RTVE/transcriptions/speaker013/speaker013_0127.txt,5,utf-8
3205,LIP-RTVE,speaker014_0000,51,../data/LIP-RTVE/WAVs/speaker014/speaker014_0000.wav,../data/LIP-RTVE/ROIs/speaker014/speaker014_0000.npz,../data/LIP-RTVE/transcriptions/speaker014/speaker014_0000.txt,5,utf-8
3206,LIP-RTVE,speaker014_0001,193,../data/LIP-RTVE/WAVs/speaker014/speaker014_0001.wav,../data/LIP-RTVE/ROIs/speaker014/speaker014_0001.npz,../data/LIP-RTVE/transcriptions/speaker014/speaker014_0001.txt,5,utf-8
3207,LIP-RTVE,speaker014_0002,191,../data/LIP-RTVE/WAVs/speaker014/speaker014_0002.wav,../data/LIP-RTVE/ROIs/speaker014/speaker014_0002.npz,../data/LIP-RTVE/transcriptions/speaker014/speaker014_0002.txt,5,utf-8
3208,LIP-RTVE,speaker014_0003,297,../data/LIP-RTVE/WAVs/speaker014/speaker014_0003.wav,../data/LIP-RTVE/ROIs/speaker014/speaker014_0003.npz,../data/LIP-RTVE/transcriptions/speaker014/speaker014_0003.txt,5,utf-8
3209,LIP-RTVE,speaker014_0004,107,../data/LIP-RTVE/WAVs/speaker014/speaker014_0004.wav,../data/LIP-RTVE/ROIs/speaker014/speaker014_0004.npz,../data/LIP-RTVE/transcriptions/speaker014/speaker014_0004.txt,5,utf-8
3210,LIP-RTVE,speaker014_0005,31,../data/LIP-RTVE/WAVs/speaker014/speaker014_0005.wav,../data/LIP-RTVE/ROIs/speaker014/speaker014_0005.npz,../data/LIP-RTVE/transcriptions/speaker014/speaker014_0005.txt,5,utf-8
3211,LIP-RTVE,speaker014_0006,52,../data/LIP-RTVE/WAVs/speaker014/speaker014_0006.wav,../data/LIP-RTVE/ROIs/speaker014/speaker014_0006.npz,../data/LIP-RTVE/transcriptions/speaker014/speaker014_0006.txt,5,utf-8
3212,LIP-RTVE,speaker014_0007,157,../data/LIP-RTVE/WAVs/speaker014/speaker014_0007.wav,../data/LIP-RTVE/ROIs/speaker014/speaker014_0007.npz,../data/LIP-RTVE/transcriptions/speaker014/speaker014_0007.txt,5,utf-8
3213,LIP-RTVE,speaker014_0008,41,../data/LIP-RTVE/WAVs/speaker014/speaker014_0008.wav,../data/LIP-RTVE/ROIs/speaker014/speaker014_0008.npz,../data/LIP-RTVE/transcriptions/speaker014/speaker014_0008.txt,5,utf-8
3214,LIP-RTVE,speaker014_0009,147,../data/LIP-RTVE/WAVs/speaker014/speaker014_0009.wav,../data/LIP-RTVE/ROIs/speaker014/speaker014_0009.npz,../data/LIP-RTVE/transcriptions/speaker014/speaker014_0009.txt,5,utf-8
3215,LIP-RTVE,speaker014_0011,98,../data/LIP-RTVE/WAVs/speaker014/speaker014_0011.wav,../data/LIP-RTVE/ROIs/speaker014/speaker014_0011.npz,../data/LIP-RTVE/transcriptions/speaker014/speaker014_0011.txt,5,utf-8
3216,LIP-RTVE,speaker014_0012,34,../data/LIP-RTVE/WAVs/speaker014/speaker014_0012.wav,../data/LIP-RTVE/ROIs/speaker014/speaker014_0012.npz,../data/LIP-RTVE/transcriptions/speaker014/speaker014_0012.txt,5,utf-8
3217,LIP-RTVE,speaker014_0013,171,../data/LIP-RTVE/WAVs/speaker014/speaker014_0013.wav,../data/LIP-RTVE/ROIs/speaker014/speaker014_0013.npz,../data/LIP-RTVE/transcriptions/speaker014/speaker014_0013.txt,5,utf-8
3218,LIP-RTVE,speaker014_0016,102,../data/LIP-RTVE/WAVs/speaker014/speaker014_0016.wav,../data/LIP-RTVE/ROIs/speaker014/speaker014_0016.npz,../data/LIP-RTVE/transcriptions/speaker014/speaker014_0016.txt,5,utf-8
3219,LIP-RTVE,speaker014_0017,179,../data/LIP-RTVE/WAVs/speaker014/speaker014_0017.wav,../data/LIP-RTVE/ROIs/speaker014/speaker014_0017.npz,../data/LIP-RTVE/transcriptions/speaker014/speaker014_0017.txt,5,utf-8
3220,LIP-RTVE,speaker014_0018,55,../data/LIP-RTVE/WAVs/speaker014/speaker014_0018.wav,../data/LIP-RTVE/ROIs/speaker014/speaker014_0018.npz,../data/LIP-RTVE/transcriptions/speaker014/speaker014_0018.txt,5,utf-8
3221,LIP-RTVE,speaker014_0020,55,../data/LIP-RTVE/WAVs/speaker014/speaker014_0020.wav,../data/LIP-RTVE/ROIs/speaker014/speaker014_0020.npz,../data/LIP-RTVE/transcriptions/speaker014/speaker014_0020.txt,5,utf-8
3222,LIP-RTVE,speaker014_0021,59,../data/LIP-RTVE/WAVs/speaker014/speaker014_0021.wav,../data/LIP-RTVE/ROIs/speaker014/speaker014_0021.npz,../data/LIP-RTVE/transcriptions/speaker014/speaker014_0021.txt,5,utf-8
3223,LIP-RTVE,speaker015_0004,34,../data/LIP-RTVE/WAVs/speaker015/speaker015_0004.wav,../data/LIP-RTVE/ROIs/speaker015/speaker015_0004.npz,../data/LIP-RTVE/transcriptions/speaker015/speaker015_0004.txt,5,utf-8
3224,LIP-RTVE,speaker015_0005,110,../data/LIP-RTVE/WAVs/speaker015/speaker015_0005.wav,../data/LIP-RTVE/ROIs/speaker015/speaker015_0005.npz,../data/LIP-RTVE/transcriptions/speaker015/speaker015_0005.txt,5,utf-8
3225,LIP-RTVE,speaker015_0007,69,../data/LIP-RTVE/WAVs/speaker015/speaker015_0007.wav,../data/LIP-RTVE/ROIs/speaker015/speaker015_0007.npz,../data/LIP-RTVE/transcriptions/speaker015/speaker015_0007.txt,5,utf-8
3226,LIP-RTVE,speaker015_0010,154,../data/LIP-RTVE/WAVs/speaker015/speaker015_0010.wav,../data/LIP-RTVE/ROIs/speaker015/speaker015_0010.npz,../data/LIP-RTVE/transcriptions/speaker015/speaker015_0010.txt,5,utf-8
3227,LIP-RTVE,speaker015_0011,109,../data/LIP-RTVE/WAVs/speaker015/speaker015_0011.wav,../data/LIP-RTVE/ROIs/speaker015/speaker015_0011.npz,../data/LIP-RTVE/transcriptions/speaker015/speaker015_0011.txt,5,utf-8
3228,LIP-RTVE,speaker015_0012,166,../data/LIP-RTVE/WAVs/speaker015/speaker015_0012.wav,../data/LIP-RTVE/ROIs/speaker015/speaker015_0012.npz,../data/LIP-RTVE/transcriptions/speaker015/speaker015_0012.txt,5,utf-8
3229,LIP-RTVE,speaker015_0013,113,../data/LIP-RTVE/WAVs/speaker015/speaker015_0013.wav,../data/LIP-RTVE/ROIs/speaker015/speaker015_0013.npz,../data/LIP-RTVE/transcriptions/speaker015/speaker015_0013.txt,5,utf-8
3230,LIP-RTVE,speaker015_0014,109,../data/LIP-RTVE/WAVs/speaker015/speaker015_0014.wav,../data/LIP-RTVE/ROIs/speaker015/speaker015_0014.npz,../data/LIP-RTVE/transcriptions/speaker015/speaker015_0014.txt,5,utf-8
3231,LIP-RTVE,speaker015_0015,58,../data/LIP-RTVE/WAVs/speaker015/speaker015_0015.wav,../data/LIP-RTVE/ROIs/speaker015/speaker015_0015.npz,../data/LIP-RTVE/transcriptions/speaker015/speaker015_0015.txt,5,utf-8
3232,LIP-RTVE,speaker015_0016,89,../data/LIP-RTVE/WAVs/speaker015/speaker015_0016.wav,../data/LIP-RTVE/ROIs/speaker015/speaker015_0016.npz,../data/LIP-RTVE/transcriptions/speaker015/speaker015_0016.txt,5,utf-8
3233,LIP-RTVE,speaker015_0018,28,../data/LIP-RTVE/WAVs/speaker015/speaker015_0018.wav,../data/LIP-RTVE/ROIs/speaker015/speaker015_0018.npz,../data/LIP-RTVE/transcriptions/speaker015/speaker015_0018.txt,5,utf-8
3234,LIP-RTVE,speaker015_0019,88,../data/LIP-RTVE/WAVs/speaker015/speaker015_0019.wav,../data/LIP-RTVE/ROIs/speaker015/speaker015_0019.npz,../data/LIP-RTVE/transcriptions/speaker015/speaker015_0019.txt,5,utf-8
3235,LIP-RTVE,speaker015_0020,62,../data/LIP-RTVE/WAVs/speaker015/speaker015_0020.wav,../data/LIP-RTVE/ROIs/speaker015/speaker015_0020.npz,../data/LIP-RTVE/transcriptions/speaker015/speaker015_0020.txt,5,utf-8
3236,LIP-RTVE,speaker015_0021,108,../data/LIP-RTVE/WAVs/speaker015/speaker015_0021.wav,../data/LIP-RTVE/ROIs/speaker015/speaker015_0021.npz,../data/LIP-RTVE/transcriptions/speaker015/speaker015_0021.txt,5,utf-8
3237,LIP-RTVE,speaker015_0022,153,../data/LIP-RTVE/WAVs/speaker015/speaker015_0022.wav,../data/LIP-RTVE/ROIs/speaker015/speaker015_0022.npz,../data/LIP-RTVE/transcriptions/speaker015/speaker015_0022.txt,5,utf-8
3238,LIP-RTVE,speaker015_0023,45,../data/LIP-RTVE/WAVs/speaker015/speaker015_0023.wav,../data/LIP-RTVE/ROIs/speaker015/speaker015_0023.npz,../data/LIP-RTVE/transcriptions/speaker015/speaker015_0023.txt,5,utf-8
3239,LIP-RTVE,speaker015_0025,157,../data/LIP-RTVE/WAVs/speaker015/speaker015_0025.wav,../data/LIP-RTVE/ROIs/speaker015/speaker015_0025.npz,../data/LIP-RTVE/transcriptions/speaker015/speaker015_0025.txt,5,utf-8
3240,LIP-RTVE,speaker015_0026,93,../data/LIP-RTVE/WAVs/speaker015/speaker015_0026.wav,../data/LIP-RTVE/ROIs/speaker015/speaker015_0026.npz,../data/LIP-RTVE/transcriptions/speaker015/speaker015_0026.txt,5,utf-8
3241,LIP-RTVE,speaker015_0027,70,../data/LIP-RTVE/WAVs/speaker015/speaker015_0027.wav,../data/LIP-RTVE/ROIs/speaker015/speaker015_0027.npz,../data/LIP-RTVE/transcriptions/speaker015/speaker015_0027.txt,5,utf-8
3242,LIP-RTVE,speaker015_0028,137,../data/LIP-RTVE/WAVs/speaker015/speaker015_0028.wav,../data/LIP-RTVE/ROIs/speaker015/speaker015_0028.npz,../data/LIP-RTVE/transcriptions/speaker015/speaker015_0028.txt,5,utf-8
3243,LIP-RTVE,speaker015_0029,47,../data/LIP-RTVE/WAVs/speaker015/speaker015_0029.wav,../data/LIP-RTVE/ROIs/speaker015/speaker015_0029.npz,../data/LIP-RTVE/transcriptions/speaker015/speaker015_0029.txt,5,utf-8
3244,LIP-RTVE,speaker015_0030,142,../data/LIP-RTVE/WAVs/speaker015/speaker015_0030.wav,../data/LIP-RTVE/ROIs/speaker015/speaker015_0030.npz,../data/LIP-RTVE/transcriptions/speaker015/speaker015_0030.txt,5,utf-8
3245,LIP-RTVE,speaker015_0033,169,../data/LIP-RTVE/WAVs/speaker015/speaker015_0033.wav,../data/LIP-RTVE/ROIs/speaker015/speaker015_0033.npz,../data/LIP-RTVE/transcriptions/speaker015/speaker015_0033.txt,5,utf-8
3246,LIP-RTVE,speaker015_0034,65,../data/LIP-RTVE/WAVs/speaker015/speaker015_0034.wav,../data/LIP-RTVE/ROIs/speaker015/speaker015_0034.npz,../data/LIP-RTVE/transcriptions/speaker015/speaker015_0034.txt,5,utf-8
3247,LIP-RTVE,speaker015_0035,115,../data/LIP-RTVE/WAVs/speaker015/speaker015_0035.wav,../data/LIP-RTVE/ROIs/speaker015/speaker015_0035.npz,../data/LIP-RTVE/transcriptions/speaker015/speaker015_0035.txt,5,utf-8
3248,LIP-RTVE,speaker015_0036,58,../data/LIP-RTVE/WAVs/speaker015/speaker015_0036.wav,../data/LIP-RTVE/ROIs/speaker015/speaker015_0036.npz,../data/LIP-RTVE/transcriptions/speaker015/speaker015_0036.txt,5,utf-8
3249,LIP-RTVE,speaker015_0037,199,../data/LIP-RTVE/WAVs/speaker015/speaker015_0037.wav,../data/LIP-RTVE/ROIs/speaker015/speaker015_0037.npz,../data/LIP-RTVE/transcriptions/speaker015/speaker015_0037.txt,5,utf-8
3250,LIP-RTVE,speaker015_0038,142,../data/LIP-RTVE/WAVs/speaker015/speaker015_0038.wav,../data/LIP-RTVE/ROIs/speaker015/speaker015_0038.npz,../data/LIP-RTVE/transcriptions/speaker015/speaker015_0038.txt,5,utf-8
3251,LIP-RTVE,speaker015_0039,27,../data/LIP-RTVE/WAVs/speaker015/speaker015_0039.wav,../data/LIP-RTVE/ROIs/speaker015/speaker015_0039.npz,../data/LIP-RTVE/transcriptions/speaker015/speaker015_0039.txt,5,utf-8
3252,LIP-RTVE,speaker016_0001,167,../data/LIP-RTVE/WAVs/speaker016/speaker016_0001.wav,../data/LIP-RTVE/ROIs/speaker016/speaker016_0001.npz,../data/LIP-RTVE/transcriptions/speaker016/speaker016_0001.txt,5,utf-8
3253,LIP-RTVE,speaker016_0002,198,../data/LIP-RTVE/WAVs/speaker016/speaker016_0002.wav,../data/LIP-RTVE/ROIs/speaker016/speaker016_0002.npz,../data/LIP-RTVE/transcriptions/speaker016/speaker016_0002.txt,5,utf-8
3254,LIP-RTVE,speaker016_0003,26,../data/LIP-RTVE/WAVs/speaker016/speaker016_0003.wav,../data/LIP-RTVE/ROIs/speaker016/speaker016_0003.npz,../data/LIP-RTVE/transcriptions/speaker016/speaker016_0003.txt,5,utf-8
3255,LIP-RTVE,speaker016_0004,58,../data/LIP-RTVE/WAVs/speaker016/speaker016_0004.wav,../data/LIP-RTVE/ROIs/speaker016/speaker016_0004.npz,../data/LIP-RTVE/transcriptions/speaker016/speaker016_0004.txt,5,utf-8
3256,LIP-RTVE,speaker016_0006,56,../data/LIP-RTVE/WAVs/speaker016/speaker016_0006.wav,../data/LIP-RTVE/ROIs/speaker016/speaker016_0006.npz,../data/LIP-RTVE/transcriptions/speaker016/speaker016_0006.txt,5,utf-8
3257,LIP-RTVE,speaker016_0007,91,../data/LIP-RTVE/WAVs/speaker016/speaker016_0007.wav,../data/LIP-RTVE/ROIs/speaker016/speaker016_0007.npz,../data/LIP-RTVE/transcriptions/speaker016/speaker016_0007.txt,5,utf-8
3258,LIP-RTVE,speaker016_0008,194,../data/LIP-RTVE/WAVs/speaker016/speaker016_0008.wav,../data/LIP-RTVE/ROIs/speaker016/speaker016_0008.npz,../data/LIP-RTVE/transcriptions/speaker016/speaker016_0008.txt,5,utf-8
3259,LIP-RTVE,speaker017_0000,39,../data/LIP-RTVE/WAVs/speaker017/speaker017_0000.wav,../data/LIP-RTVE/ROIs/speaker017/speaker017_0000.npz,../data/LIP-RTVE/transcriptions/speaker017/speaker017_0000.txt,5,utf-8
3260,LIP-RTVE,speaker017_0001,110,../data/LIP-RTVE/WAVs/speaker017/speaker017_0001.wav,../data/LIP-RTVE/ROIs/speaker017/speaker017_0001.npz,../data/LIP-RTVE/transcriptions/speaker017/speaker017_0001.txt,5,utf-8
3261,LIP-RTVE,speaker017_0002,138,../data/LIP-RTVE/WAVs/speaker017/speaker017_0002.wav,../data/LIP-RTVE/ROIs/speaker017/speaker017_0002.npz,../data/LIP-RTVE/transcriptions/speaker017/speaker017_0002.txt,5,utf-8
3262,LIP-RTVE,speaker017_0003,156,../data/LIP-RTVE/WAVs/speaker017/speaker017_0003.wav,../data/LIP-RTVE/ROIs/speaker017/speaker017_0003.npz,../data/LIP-RTVE/transcriptions/speaker017/speaker017_0003.txt,5,utf-8
3263,LIP-RTVE,speaker017_0004,91,../data/LIP-RTVE/WAVs/speaker017/speaker017_0004.wav,../data/LIP-RTVE/ROIs/speaker017/speaker017_0004.npz,../data/LIP-RTVE/transcriptions/speaker017/speaker017_0004.txt,5,utf-8
3264,LIP-RTVE,speaker017_0006,131,../data/LIP-RTVE/WAVs/speaker017/speaker017_0006.wav,../data/LIP-RTVE/ROIs/speaker017/speaker017_0006.npz,../data/LIP-RTVE/transcriptions/speaker017/speaker017_0006.txt,5,utf-8
3265,LIP-RTVE,speaker017_0007,38,../data/LIP-RTVE/WAVs/speaker017/speaker017_0007.wav,../data/LIP-RTVE/ROIs/speaker017/speaker017_0007.npz,../data/LIP-RTVE/transcriptions/speaker017/speaker017_0007.txt,5,utf-8
3266,LIP-RTVE,speaker017_0008,67,../data/LIP-RTVE/WAVs/speaker017/speaker017_0008.wav,../data/LIP-RTVE/ROIs/speaker017/speaker017_0008.npz,../data/LIP-RTVE/transcriptions/speaker017/speaker017_0008.txt,5,utf-8
3267,LIP-RTVE,speaker017_0010,73,../data/LIP-RTVE/WAVs/speaker017/speaker017_0010.wav,../data/LIP-RTVE/ROIs/speaker017/speaker017_0010.npz,../data/LIP-RTVE/transcriptions/speaker017/speaker017_0010.txt,5,utf-8
3268,LIP-RTVE,speaker017_0011,43,../data/LIP-RTVE/WAVs/speaker017/speaker017_0011.wav,../data/LIP-RTVE/ROIs/speaker017/speaker017_0011.npz,../data/LIP-RTVE/transcriptions/speaker017/speaker017_0011.txt,5,utf-8
3269,LIP-RTVE,speaker017_0012,37,../data/LIP-RTVE/WAVs/speaker017/speaker017_0012.wav,../data/LIP-RTVE/ROIs/speaker017/speaker017_0012.npz,../data/LIP-RTVE/transcriptions/speaker017/speaker017_0012.txt,5,utf-8
3270,LIP-RTVE,speaker017_0013,47,../data/LIP-RTVE/WAVs/speaker017/speaker017_0013.wav,../data/LIP-RTVE/ROIs/speaker017/speaker017_0013.npz,../data/LIP-RTVE/transcriptions/speaker017/speaker017_0013.txt,5,utf-8
3271,LIP-RTVE,speaker017_0014,74,../data/LIP-RTVE/WAVs/speaker017/speaker017_0014.wav,../data/LIP-RTVE/ROIs/speaker017/speaker017_0014.npz,../data/LIP-RTVE/transcriptions/speaker017/speaker017_0014.txt,5,utf-8
3272,LIP-RTVE,speaker017_0017,74,../data/LIP-RTVE/WAVs/speaker017/speaker017_0017.wav,../data/LIP-RTVE/ROIs/speaker017/speaker017_0017.npz,../data/LIP-RTVE/transcriptions/speaker017/speaker017_0017.txt,5,utf-8
3273,LIP-RTVE,speaker017_0018,95,../data/LIP-RTVE/WAVs/speaker017/speaker017_0018.wav,../data/LIP-RTVE/ROIs/speaker017/speaker017_0018.npz,../data/LIP-RTVE/transcriptions/speaker017/speaker017_0018.txt,5,utf-8
3274,LIP-RTVE,speaker017_0019,45,../data/LIP-RTVE/WAVs/speaker017/speaker017_0019.wav,../data/LIP-RTVE/ROIs/speaker017/speaker017_0019.npz,../data/LIP-RTVE/transcriptions/speaker017/speaker017_0019.txt,5,utf-8
3275,LIP-RTVE,speaker017_0021,45,../data/LIP-RTVE/WAVs/speaker017/speaker017_0021.wav,../data/LIP-RTVE/ROIs/speaker017/speaker017_0021.npz,../data/LIP-RTVE/transcriptions/speaker017/speaker017_0021.txt,5,utf-8
3276,LIP-RTVE,speaker017_0023,99,../data/LIP-RTVE/WAVs/speaker017/speaker017_0023.wav,../data/LIP-RTVE/ROIs/speaker017/speaker017_0023.npz,../data/LIP-RTVE/transcriptions/speaker017/speaker017_0023.txt,5,utf-8
3277,LIP-RTVE,speaker017_0024,134,../data/LIP-RTVE/WAVs/speaker017/speaker017_0024.wav,../data/LIP-RTVE/ROIs/speaker017/speaker017_0024.npz,../data/LIP-RTVE/transcriptions/speaker017/speaker017_0024.txt,5,utf-8
3278,LIP-RTVE,speaker017_0025,133,../data/LIP-RTVE/WAVs/speaker017/speaker017_0025.wav,../data/LIP-RTVE/ROIs/speaker017/speaker017_0025.npz,../data/LIP-RTVE/transcriptions/speaker017/speaker017_0025.txt,5,utf-8
3279,LIP-RTVE,speaker017_0026,39,../data/LIP-RTVE/WAVs/speaker017/speaker017_0026.wav,../data/LIP-RTVE/ROIs/speaker017/speaker017_0026.npz,../data/LIP-RTVE/transcriptions/speaker017/speaker017_0026.txt,5,utf-8
3280,LIP-RTVE,speaker017_0027,77,../data/LIP-RTVE/WAVs/speaker017/speaker017_0027.wav,../data/LIP-RTVE/ROIs/speaker017/speaker017_0027.npz,../data/LIP-RTVE/transcriptions/speaker017/speaker017_0027.txt,5,utf-8
3281,LIP-RTVE,speaker017_0028,111,../data/LIP-RTVE/WAVs/speaker017/speaker017_0028.wav,../data/LIP-RTVE/ROIs/speaker017/speaker017_0028.npz,../data/LIP-RTVE/transcriptions/speaker017/speaker017_0028.txt,5,utf-8
3282,LIP-RTVE,speaker017_0029,41,../data/LIP-RTVE/WAVs/speaker017/speaker017_0029.wav,../data/LIP-RTVE/ROIs/speaker017/speaker017_0029.npz,../data/LIP-RTVE/transcriptions/speaker017/speaker017_0029.txt,5,utf-8
3283,LIP-RTVE,speaker017_0030,76,../data/LIP-RTVE/WAVs/speaker017/speaker017_0030.wav,../data/LIP-RTVE/ROIs/speaker017/speaker017_0030.npz,../data/LIP-RTVE/transcriptions/speaker017/speaker017_0030.txt,5,utf-8
3284,LIP-RTVE,speaker017_0031,97,../data/LIP-RTVE/WAVs/speaker017/speaker017_0031.wav,../data/LIP-RTVE/ROIs/speaker017/speaker017_0031.npz,../data/LIP-RTVE/transcriptions/speaker017/speaker017_0031.txt,5,utf-8
3285,LIP-RTVE,speaker017_0032,27,../data/LIP-RTVE/WAVs/speaker017/speaker017_0032.wav,../data/LIP-RTVE/ROIs/speaker017/speaker017_0032.npz,../data/LIP-RTVE/transcriptions/speaker017/speaker017_0032.txt,5,utf-8
3286,LIP-RTVE,speaker017_0033,51,../data/LIP-RTVE/WAVs/speaker017/speaker017_0033.wav,../data/LIP-RTVE/ROIs/speaker017/speaker017_0033.npz,../data/LIP-RTVE/transcriptions/speaker017/speaker017_0033.txt,5,utf-8
3287,LIP-RTVE,speaker017_0034,40,../data/LIP-RTVE/WAVs/speaker017/speaker017_0034.wav,../data/LIP-RTVE/ROIs/speaker017/speaker017_0034.npz,../data/LIP-RTVE/transcriptions/speaker017/speaker017_0034.txt,5,utf-8
3288,LIP-RTVE,speaker017_0035,36,../data/LIP-RTVE/WAVs/speaker017/speaker017_0035.wav,../data/LIP-RTVE/ROIs/speaker017/speaker017_0035.npz,../data/LIP-RTVE/transcriptions/speaker017/speaker017_0035.txt,5,utf-8
3289,LIP-RTVE,speaker017_0036,86,../data/LIP-RTVE/WAVs/speaker017/speaker017_0036.wav,../data/LIP-RTVE/ROIs/speaker017/speaker017_0036.npz,../data/LIP-RTVE/transcriptions/speaker017/speaker017_0036.txt,5,utf-8
3290,LIP-RTVE,speaker017_0037,56,../data/LIP-RTVE/WAVs/speaker017/speaker017_0037.wav,../data/LIP-RTVE/ROIs/speaker017/speaker017_0037.npz,../data/LIP-RTVE/transcriptions/speaker017/speaker017_0037.txt,5,utf-8
3291,LIP-RTVE,speaker017_0043,37,../data/LIP-RTVE/WAVs/speaker017/speaker017_0043.wav,../data/LIP-RTVE/ROIs/speaker017/speaker017_0043.npz,../data/LIP-RTVE/transcriptions/speaker017/speaker017_0043.txt,5,utf-8
3292,LIP-RTVE,speaker017_0044,67,../data/LIP-RTVE/WAVs/speaker017/speaker017_0044.wav,../data/LIP-RTVE/ROIs/speaker017/speaker017_0044.npz,../data/LIP-RTVE/transcriptions/speaker017/speaker017_0044.txt,5,utf-8
3293,LIP-RTVE,speaker017_0045,160,../data/LIP-RTVE/WAVs/speaker017/speaker017_0045.wav,../data/LIP-RTVE/ROIs/speaker017/speaker017_0045.npz,../data/LIP-RTVE/transcriptions/speaker017/speaker017_0045.txt,5,utf-8
3294,LIP-RTVE,speaker017_0046,97,../data/LIP-RTVE/WAVs/speaker017/speaker017_0046.wav,../data/LIP-RTVE/ROIs/speaker017/speaker017_0046.npz,../data/LIP-RTVE/transcriptions/speaker017/speaker017_0046.txt,5,utf-8
3295,LIP-RTVE,speaker017_0047,29,../data/LIP-RTVE/WAVs/speaker017/speaker017_0047.wav,../data/LIP-RTVE/ROIs/speaker017/speaker017_0047.npz,../data/LIP-RTVE/transcriptions/speaker017/speaker017_0047.txt,5,utf-8
3296,LIP-RTVE,speaker017_0049,112,../data/LIP-RTVE/WAVs/speaker017/speaker017_0049.wav,../data/LIP-RTVE/ROIs/speaker017/speaker017_0049.npz,../data/LIP-RTVE/transcriptions/speaker017/speaker017_0049.txt,5,utf-8
3297,LIP-RTVE,speaker017_0050,73,../data/LIP-RTVE/WAVs/speaker017/speaker017_0050.wav,../data/LIP-RTVE/ROIs/speaker017/speaker017_0050.npz,../data/LIP-RTVE/transcriptions/speaker017/speaker017_0050.txt,5,utf-8
3298,LIP-RTVE,speaker017_0051,91,../data/LIP-RTVE/WAVs/speaker017/speaker017_0051.wav,../data/LIP-RTVE/ROIs/speaker017/speaker017_0051.npz,../data/LIP-RTVE/transcriptions/speaker017/speaker017_0051.txt,5,utf-8
3299,LIP-RTVE,speaker017_0054,41,../data/LIP-RTVE/WAVs/speaker017/speaker017_0054.wav,../data/LIP-RTVE/ROIs/speaker017/speaker017_0054.npz,../data/LIP-RTVE/transcriptions/speaker017/speaker017_0054.txt,5,utf-8
3300,LIP-RTVE,speaker017_0056,37,../data/LIP-RTVE/WAVs/speaker017/speaker017_0056.wav,../data/LIP-RTVE/ROIs/speaker017/speaker017_0056.npz,../data/LIP-RTVE/transcriptions/speaker017/speaker017_0056.txt,5,utf-8
3301,LIP-RTVE,speaker017_0059,157,../data/LIP-RTVE/WAVs/speaker017/speaker017_0059.wav,../data/LIP-RTVE/ROIs/speaker017/speaker017_0059.npz,../data/LIP-RTVE/transcriptions/speaker017/speaker017_0059.txt,5,utf-8
3302,LIP-RTVE,speaker017_0061,38,../data/LIP-RTVE/WAVs/speaker017/speaker017_0061.wav,../data/LIP-RTVE/ROIs/speaker017/speaker017_0061.npz,../data/LIP-RTVE/transcriptions/speaker017/speaker017_0061.txt,5,utf-8
3303,LIP-RTVE,speaker017_0063,122,../data/LIP-RTVE/WAVs/speaker017/speaker017_0063.wav,../data/LIP-RTVE/ROIs/speaker017/speaker017_0063.npz,../data/LIP-RTVE/transcriptions/speaker017/speaker017_0063.txt,5,utf-8
3304,LIP-RTVE,speaker017_0064,164,../data/LIP-RTVE/WAVs/speaker017/speaker017_0064.wav,../data/LIP-RTVE/ROIs/speaker017/speaker017_0064.npz,../data/LIP-RTVE/transcriptions/speaker017/speaker017_0064.txt,5,utf-8
3305,LIP-RTVE,speaker017_0065,39,../data/LIP-RTVE/WAVs/speaker017/speaker017_0065.wav,../data/LIP-RTVE/ROIs/speaker017/speaker017_0065.npz,../data/LIP-RTVE/transcriptions/speaker017/speaker017_0065.txt,5,utf-8
3306,LIP-RTVE,speaker017_0067,84,../data/LIP-RTVE/WAVs/speaker017/speaker017_0067.wav,../data/LIP-RTVE/ROIs/speaker017/speaker017_0067.npz,../data/LIP-RTVE/transcriptions/speaker017/speaker017_0067.txt,5,utf-8
3307,LIP-RTVE,speaker017_0068,171,../data/LIP-RTVE/WAVs/speaker017/speaker017_0068.wav,../data/LIP-RTVE/ROIs/speaker017/speaker017_0068.npz,../data/LIP-RTVE/transcriptions/speaker017/speaker017_0068.txt,5,utf-8
3308,LIP-RTVE,speaker017_0069,133,../data/LIP-RTVE/WAVs/speaker017/speaker017_0069.wav,../data/LIP-RTVE/ROIs/speaker017/speaker017_0069.npz,../data/LIP-RTVE/transcriptions/speaker017/speaker017_0069.txt,5,utf-8
3309,LIP-RTVE,speaker017_0071,129,../data/LIP-RTVE/WAVs/speaker017/speaker017_0071.wav,../data/LIP-RTVE/ROIs/speaker017/speaker017_0071.npz,../data/LIP-RTVE/transcriptions/speaker017/speaker017_0071.txt,5,utf-8
3310,LIP-RTVE,speaker017_0072,80,../data/LIP-RTVE/WAVs/speaker017/speaker017_0072.wav,../data/LIP-RTVE/ROIs/speaker017/speaker017_0072.npz,../data/LIP-RTVE/transcriptions/speaker017/speaker017_0072.txt,5,utf-8
3311,LIP-RTVE,speaker017_0073,40,../data/LIP-RTVE/WAVs/speaker017/speaker017_0073.wav,../data/LIP-RTVE/ROIs/speaker017/speaker017_0073.npz,../data/LIP-RTVE/transcriptions/speaker017/speaker017_0073.txt,5,utf-8
3312,LIP-RTVE,speaker017_0075,146,../data/LIP-RTVE/WAVs/speaker017/speaker017_0075.wav,../data/LIP-RTVE/ROIs/speaker017/speaker017_0075.npz,../data/LIP-RTVE/transcriptions/speaker017/speaker017_0075.txt,5,utf-8
3313,LIP-RTVE,speaker017_0076,36,../data/LIP-RTVE/WAVs/speaker017/speaker017_0076.wav,../data/LIP-RTVE/ROIs/speaker017/speaker017_0076.npz,../data/LIP-RTVE/transcriptions/speaker017/speaker017_0076.txt,5,utf-8
3314,LIP-RTVE,speaker017_0077,63,../data/LIP-RTVE/WAVs/speaker017/speaker017_0077.wav,../data/LIP-RTVE/ROIs/speaker017/speaker017_0077.npz,../data/LIP-RTVE/transcriptions/speaker017/speaker017_0077.txt,5,utf-8
3315,LIP-RTVE,speaker017_0078,196,../data/LIP-RTVE/WAVs/speaker017/speaker017_0078.wav,../data/LIP-RTVE/ROIs/speaker017/speaker017_0078.npz,../data/LIP-RTVE/transcriptions/speaker017/speaker017_0078.txt,5,utf-8
3316,LIP-RTVE,speaker017_0079,215,../data/LIP-RTVE/WAVs/speaker017/speaker017_0079.wav,../data/LIP-RTVE/ROIs/speaker017/speaker017_0079.npz,../data/LIP-RTVE/transcriptions/speaker017/speaker017_0079.txt,5,utf-8
3317,LIP-RTVE,speaker017_0080,133,../data/LIP-RTVE/WAVs/speaker017/speaker017_0080.wav,../data/LIP-RTVE/ROIs/speaker017/speaker017_0080.npz,../data/LIP-RTVE/transcriptions/speaker017/speaker017_0080.txt,5,utf-8
3318,LIP-RTVE,speaker017_0082,95,../data/LIP-RTVE/WAVs/speaker017/speaker017_0082.wav,../data/LIP-RTVE/ROIs/speaker017/speaker017_0082.npz,../data/LIP-RTVE/transcriptions/speaker017/speaker017_0082.txt,5,utf-8
3319,LIP-RTVE,speaker017_0083,162,../data/LIP-RTVE/WAVs/speaker017/speaker017_0083.wav,../data/LIP-RTVE/ROIs/speaker017/speaker017_0083.npz,../data/LIP-RTVE/transcriptions/speaker017/speaker017_0083.txt,5,utf-8
3320,LIP-RTVE,speaker017_0084,245,../data/LIP-RTVE/WAVs/speaker017/speaker017_0084.wav,../data/LIP-RTVE/ROIs/speaker017/speaker017_0084.npz,../data/LIP-RTVE/transcriptions/speaker017/speaker017_0084.txt,5,utf-8
3321,LIP-RTVE,speaker017_0085,153,../data/LIP-RTVE/WAVs/speaker017/speaker017_0085.wav,../data/LIP-RTVE/ROIs/speaker017/speaker017_0085.npz,../data/LIP-RTVE/transcriptions/speaker017/speaker017_0085.txt,5,utf-8
3322,LIP-RTVE,speaker017_0086,125,../data/LIP-RTVE/WAVs/speaker017/speaker017_0086.wav,../data/LIP-RTVE/ROIs/speaker017/speaker017_0086.npz,../data/LIP-RTVE/transcriptions/speaker017/speaker017_0086.txt,5,utf-8
3323,LIP-RTVE,speaker017_0087,100,../data/LIP-RTVE/WAVs/speaker017/speaker017_0087.wav,../data/LIP-RTVE/ROIs/speaker017/speaker017_0087.npz,../data/LIP-RTVE/transcriptions/speaker017/speaker017_0087.txt,5,utf-8
3324,LIP-RTVE,speaker017_0088,127,../data/LIP-RTVE/WAVs/speaker017/speaker017_0088.wav,../data/LIP-RTVE/ROIs/speaker017/speaker017_0088.npz,../data/LIP-RTVE/transcriptions/speaker017/speaker017_0088.txt,5,utf-8
3325,LIP-RTVE,speaker017_0089,27,../data/LIP-RTVE/WAVs/speaker017/speaker017_0089.wav,../data/LIP-RTVE/ROIs/speaker017/speaker017_0089.npz,../data/LIP-RTVE/transcriptions/speaker017/speaker017_0089.txt,5,utf-8
3326,LIP-RTVE,speaker017_0090,42,../data/LIP-RTVE/WAVs/speaker017/speaker017_0090.wav,../data/LIP-RTVE/ROIs/speaker017/speaker017_0090.npz,../data/LIP-RTVE/transcriptions/speaker017/speaker017_0090.txt,5,utf-8
3327,LIP-RTVE,speaker017_0091,26,../data/LIP-RTVE/WAVs/speaker017/speaker017_0091.wav,../data/LIP-RTVE/ROIs/speaker017/speaker017_0091.npz,../data/LIP-RTVE/transcriptions/speaker017/speaker017_0091.txt,5,utf-8
3328,LIP-RTVE,speaker017_0092,55,../data/LIP-RTVE/WAVs/speaker017/speaker017_0092.wav,../data/LIP-RTVE/ROIs/speaker017/speaker017_0092.npz,../data/LIP-RTVE/transcriptions/speaker017/speaker017_0092.txt,5,utf-8
3329,LIP-RTVE,speaker017_0093,109,../data/LIP-RTVE/WAVs/speaker017/speaker017_0093.wav,../data/LIP-RTVE/ROIs/speaker017/speaker017_0093.npz,../data/LIP-RTVE/transcriptions/speaker017/speaker017_0093.txt,5,utf-8
3330,LIP-RTVE,speaker017_0094,58,../data/LIP-RTVE/WAVs/speaker017/speaker017_0094.wav,../data/LIP-RTVE/ROIs/speaker017/speaker017_0094.npz,../data/LIP-RTVE/transcriptions/speaker017/speaker017_0094.txt,5,utf-8
3331,LIP-RTVE,speaker017_0102,87,../data/LIP-RTVE/WAVs/speaker017/speaker017_0102.wav,../data/LIP-RTVE/ROIs/speaker017/speaker017_0102.npz,../data/LIP-RTVE/transcriptions/speaker017/speaker017_0102.txt,5,utf-8
3332,LIP-RTVE,speaker017_0104,43,../data/LIP-RTVE/WAVs/speaker017/speaker017_0104.wav,../data/LIP-RTVE/ROIs/speaker017/speaker017_0104.npz,../data/LIP-RTVE/transcriptions/speaker017/speaker017_0104.txt,5,utf-8
3333,LIP-RTVE,speaker017_0108,174,../data/LIP-RTVE/WAVs/speaker017/speaker017_0108.wav,../data/LIP-RTVE/ROIs/speaker017/speaker017_0108.npz,../data/LIP-RTVE/transcriptions/speaker017/speaker017_0108.txt,5,utf-8
3334,LIP-RTVE,speaker017_0110,67,../data/LIP-RTVE/WAVs/speaker017/speaker017_0110.wav,../data/LIP-RTVE/ROIs/speaker017/speaker017_0110.npz,../data/LIP-RTVE/transcriptions/speaker017/speaker017_0110.txt,5,utf-8
3335,LIP-RTVE,speaker017_0111,172,../data/LIP-RTVE/WAVs/speaker017/speaker017_0111.wav,../data/LIP-RTVE/ROIs/speaker017/speaker017_0111.npz,../data/LIP-RTVE/transcriptions/speaker017/speaker017_0111.txt,5,utf-8
3336,LIP-RTVE,speaker017_0112,153,../data/LIP-RTVE/WAVs/speaker017/speaker017_0112.wav,../data/LIP-RTVE/ROIs/speaker017/speaker017_0112.npz,../data/LIP-RTVE/transcriptions/speaker017/speaker017_0112.txt,5,utf-8
3337,LIP-RTVE,speaker017_0113,37,../data/LIP-RTVE/WAVs/speaker017/speaker017_0113.wav,../data/LIP-RTVE/ROIs/speaker017/speaker017_0113.npz,../data/LIP-RTVE/transcriptions/speaker017/speaker017_0113.txt,5,utf-8
3338,LIP-RTVE,speaker017_0114,263,../data/LIP-RTVE/WAVs/speaker017/speaker017_0114.wav,../data/LIP-RTVE/ROIs/speaker017/speaker017_0114.npz,../data/LIP-RTVE/transcriptions/speaker017/speaker017_0114.txt,5,utf-8
3339,LIP-RTVE,speaker017_0115,107,../data/LIP-RTVE/WAVs/speaker017/speaker017_0115.wav,../data/LIP-RTVE/ROIs/speaker017/speaker017_0115.npz,../data/LIP-RTVE/transcriptions/speaker017/speaker017_0115.txt,5,utf-8
3340,LIP-RTVE,speaker017_0116,119,../data/LIP-RTVE/WAVs/speaker017/speaker017_0116.wav,../data/LIP-RTVE/ROIs/speaker017/speaker017_0116.npz,../data/LIP-RTVE/transcriptions/speaker017/speaker017_0116.txt,5,utf-8
3341,LIP-RTVE,speaker017_0117,154,../data/LIP-RTVE/WAVs/speaker017/speaker017_0117.wav,../data/LIP-RTVE/ROIs/speaker017/speaker017_0117.npz,../data/LIP-RTVE/transcriptions/speaker017/speaker017_0117.txt,5,utf-8
3342,LIP-RTVE,speaker017_0120,59,../data/LIP-RTVE/WAVs/speaker017/speaker017_0120.wav,../data/LIP-RTVE/ROIs/speaker017/speaker017_0120.npz,../data/LIP-RTVE/transcriptions/speaker017/speaker017_0120.txt,5,utf-8
3343,LIP-RTVE,speaker017_0121,230,../data/LIP-RTVE/WAVs/speaker017/speaker017_0121.wav,../data/LIP-RTVE/ROIs/speaker017/speaker017_0121.npz,../data/LIP-RTVE/transcriptions/speaker017/speaker017_0121.txt,5,utf-8
3344,LIP-RTVE,speaker017_0123,80,../data/LIP-RTVE/WAVs/speaker017/speaker017_0123.wav,../data/LIP-RTVE/ROIs/speaker017/speaker017_0123.npz,../data/LIP-RTVE/transcriptions/speaker017/speaker017_0123.txt,5,utf-8
3345,LIP-RTVE,speaker017_0124,26,../data/LIP-RTVE/WAVs/speaker017/speaker017_0124.wav,../data/LIP-RTVE/ROIs/speaker017/speaker017_0124.npz,../data/LIP-RTVE/transcriptions/speaker017/speaker017_0124.txt,5,utf-8
3346,LIP-RTVE,speaker017_0125,167,../data/LIP-RTVE/WAVs/speaker017/speaker017_0125.wav,../data/LIP-RTVE/ROIs/speaker017/speaker017_0125.npz,../data/LIP-RTVE/transcriptions/speaker017/speaker017_0125.txt,5,utf-8
3347,LIP-RTVE,speaker017_0126,204,../data/LIP-RTVE/WAVs/speaker017/speaker017_0126.wav,../data/LIP-RTVE/ROIs/speaker017/speaker017_0126.npz,../data/LIP-RTVE/transcriptions/speaker017/speaker017_0126.txt,5,utf-8
3348,LIP-RTVE,speaker017_0128,269,../data/LIP-RTVE/WAVs/speaker017/speaker017_0128.wav,../data/LIP-RTVE/ROIs/speaker017/speaker017_0128.npz,../data/LIP-RTVE/transcriptions/speaker017/speaker017_0128.txt,5,utf-8
3349,LIP-RTVE,speaker017_0129,156,../data/LIP-RTVE/WAVs/speaker017/speaker017_0129.wav,../data/LIP-RTVE/ROIs/speaker017/speaker017_0129.npz,../data/LIP-RTVE/transcriptions/speaker017/speaker017_0129.txt,5,utf-8
3350,LIP-RTVE,speaker017_0130,262,../data/LIP-RTVE/WAVs/speaker017/speaker017_0130.wav,../data/LIP-RTVE/ROIs/speaker017/speaker017_0130.npz,../data/LIP-RTVE/transcriptions/speaker017/speaker017_0130.txt,5,utf-8
3351,LIP-RTVE,speaker017_0135,139,../data/LIP-RTVE/WAVs/speaker017/speaker017_0135.wav,../data/LIP-RTVE/ROIs/speaker017/speaker017_0135.npz,../data/LIP-RTVE/transcriptions/speaker017/speaker017_0135.txt,5,utf-8
3352,LIP-RTVE,speaker017_0136,80,../data/LIP-RTVE/WAVs/speaker017/speaker017_0136.wav,../data/LIP-RTVE/ROIs/speaker017/speaker017_0136.npz,../data/LIP-RTVE/transcriptions/speaker017/speaker017_0136.txt,5,utf-8
3353,LIP-RTVE,speaker017_0138,179,../data/LIP-RTVE/WAVs/speaker017/speaker017_0138.wav,../data/LIP-RTVE/ROIs/speaker017/speaker017_0138.npz,../data/LIP-RTVE/transcriptions/speaker017/speaker017_0138.txt,5,utf-8
3354,LIP-RTVE,speaker017_0140,53,../data/LIP-RTVE/WAVs/speaker017/speaker017_0140.wav,../data/LIP-RTVE/ROIs/speaker017/speaker017_0140.npz,../data/LIP-RTVE/transcriptions/speaker017/speaker017_0140.txt,5,utf-8
3355,LIP-RTVE,speaker017_0141,130,../data/LIP-RTVE/WAVs/speaker017/speaker017_0141.wav,../data/LIP-RTVE/ROIs/speaker017/speaker017_0141.npz,../data/LIP-RTVE/transcriptions/speaker017/speaker017_0141.txt,5,utf-8
3356,LIP-RTVE,speaker017_0144,56,../data/LIP-RTVE/WAVs/speaker017/speaker017_0144.wav,../data/LIP-RTVE/ROIs/speaker017/speaker017_0144.npz,../data/LIP-RTVE/transcriptions/speaker017/speaker017_0144.txt,5,utf-8
3357,LIP-RTVE,speaker017_0145,64,../data/LIP-RTVE/WAVs/speaker017/speaker017_0145.wav,../data/LIP-RTVE/ROIs/speaker017/speaker017_0145.npz,../data/LIP-RTVE/transcriptions/speaker017/speaker017_0145.txt,5,utf-8
3358,LIP-RTVE,speaker017_0148,43,../data/LIP-RTVE/WAVs/speaker017/speaker017_0148.wav,../data/LIP-RTVE/ROIs/speaker017/speaker017_0148.npz,../data/LIP-RTVE/transcriptions/speaker017/speaker017_0148.txt,5,utf-8
3359,LIP-RTVE,speaker017_0149,59,../data/LIP-RTVE/WAVs/speaker017/speaker017_0149.wav,../data/LIP-RTVE/ROIs/speaker017/speaker017_0149.npz,../data/LIP-RTVE/transcriptions/speaker017/speaker017_0149.txt,5,utf-8
3360,LIP-RTVE,speaker017_0151,102,../data/LIP-RTVE/WAVs/speaker017/speaker017_0151.wav,../data/LIP-RTVE/ROIs/speaker017/speaker017_0151.npz,../data/LIP-RTVE/transcriptions/speaker017/speaker017_0151.txt,5,utf-8
3361,LIP-RTVE,speaker017_0152,152,../data/LIP-RTVE/WAVs/speaker017/speaker017_0152.wav,../data/LIP-RTVE/ROIs/speaker017/speaker017_0152.npz,../data/LIP-RTVE/transcriptions/speaker017/speaker017_0152.txt,5,utf-8
3362,LIP-RTVE,speaker017_0155,67,../data/LIP-RTVE/WAVs/speaker017/speaker017_0155.wav,../data/LIP-RTVE/ROIs/speaker017/speaker017_0155.npz,../data/LIP-RTVE/transcriptions/speaker017/speaker017_0155.txt,5,utf-8
3363,LIP-RTVE,speaker017_0158,210,../data/LIP-RTVE/WAVs/speaker017/speaker017_0158.wav,../data/LIP-RTVE/ROIs/speaker017/speaker017_0158.npz,../data/LIP-RTVE/transcriptions/speaker017/speaker017_0158.txt,5,utf-8
3364,LIP-RTVE,speaker017_0159,62,../data/LIP-RTVE/WAVs/speaker017/speaker017_0159.wav,../data/LIP-RTVE/ROIs/speaker017/speaker017_0159.npz,../data/LIP-RTVE/transcriptions/speaker017/speaker017_0159.txt,5,utf-8
3365,LIP-RTVE,speaker017_0160,156,../data/LIP-RTVE/WAVs/speaker017/speaker017_0160.wav,../data/LIP-RTVE/ROIs/speaker017/speaker017_0160.npz,../data/LIP-RTVE/transcriptions/speaker017/speaker017_0160.txt,5,utf-8
3366,LIP-RTVE,speaker017_0161,94,../data/LIP-RTVE/WAVs/speaker017/speaker017_0161.wav,../data/LIP-RTVE/ROIs/speaker017/speaker017_0161.npz,../data/LIP-RTVE/transcriptions/speaker017/speaker017_0161.txt,5,utf-8
3367,LIP-RTVE,speaker017_0162,132,../data/LIP-RTVE/WAVs/speaker017/speaker017_0162.wav,../data/LIP-RTVE/ROIs/speaker017/speaker017_0162.npz,../data/LIP-RTVE/transcriptions/speaker017/speaker017_0162.txt,5,utf-8
3368,LIP-RTVE,speaker017_0163,274,../data/LIP-RTVE/WAVs/speaker017/speaker017_0163.wav,../data/LIP-RTVE/ROIs/speaker017/speaker017_0163.npz,../data/LIP-RTVE/transcriptions/speaker017/speaker017_0163.txt,5,utf-8
3369,LIP-RTVE,speaker017_0164,187,../data/LIP-RTVE/WAVs/speaker017/speaker017_0164.wav,../data/LIP-RTVE/ROIs/speaker017/speaker017_0164.npz,../data/LIP-RTVE/transcriptions/speaker017/speaker017_0164.txt,5,utf-8
3370,LIP-RTVE,speaker017_0165,66,../data/LIP-RTVE/WAVs/speaker017/speaker017_0165.wav,../data/LIP-RTVE/ROIs/speaker017/speaker017_0165.npz,../data/LIP-RTVE/transcriptions/speaker017/speaker017_0165.txt,5,utf-8
3371,LIP-RTVE,speaker017_0166,215,../data/LIP-RTVE/WAVs/speaker017/speaker017_0166.wav,../data/LIP-RTVE/ROIs/speaker017/speaker017_0166.npz,../data/LIP-RTVE/transcriptions/speaker017/speaker017_0166.txt,5,utf-8
3372,LIP-RTVE,speaker018_0000,35,../data/LIP-RTVE/WAVs/speaker018/speaker018_0000.wav,../data/LIP-RTVE/ROIs/speaker018/speaker018_0000.npz,../data/LIP-RTVE/transcriptions/speaker018/speaker018_0000.txt,5,utf-8
3373,LIP-RTVE,speaker018_0002,54,../data/LIP-RTVE/WAVs/speaker018/speaker018_0002.wav,../data/LIP-RTVE/ROIs/speaker018/speaker018_0002.npz,../data/LIP-RTVE/transcriptions/speaker018/speaker018_0002.txt,5,utf-8
3374,LIP-RTVE,speaker018_0003,59,../data/LIP-RTVE/WAVs/speaker018/speaker018_0003.wav,../data/LIP-RTVE/ROIs/speaker018/speaker018_0003.npz,../data/LIP-RTVE/transcriptions/speaker018/speaker018_0003.txt,5,utf-8
3375,LIP-RTVE,speaker018_0004,84,../data/LIP-RTVE/WAVs/speaker018/speaker018_0004.wav,../data/LIP-RTVE/ROIs/speaker018/speaker018_0004.npz,../data/LIP-RTVE/transcriptions/speaker018/speaker018_0004.txt,5,utf-8
3376,LIP-RTVE,speaker018_0005,27,../data/LIP-RTVE/WAVs/speaker018/speaker018_0005.wav,../data/LIP-RTVE/ROIs/speaker018/speaker018_0005.npz,../data/LIP-RTVE/transcriptions/speaker018/speaker018_0005.txt,5,utf-8
3377,LIP-RTVE,speaker018_0008,143,../data/LIP-RTVE/WAVs/speaker018/speaker018_0008.wav,../data/LIP-RTVE/ROIs/speaker018/speaker018_0008.npz,../data/LIP-RTVE/transcriptions/speaker018/speaker018_0008.txt,5,utf-8
3378,LIP-RTVE,speaker018_0009,68,../data/LIP-RTVE/WAVs/speaker018/speaker018_0009.wav,../data/LIP-RTVE/ROIs/speaker018/speaker018_0009.npz,../data/LIP-RTVE/transcriptions/speaker018/speaker018_0009.txt,5,utf-8
3379,LIP-RTVE,speaker018_0010,36,../data/LIP-RTVE/WAVs/speaker018/speaker018_0010.wav,../data/LIP-RTVE/ROIs/speaker018/speaker018_0010.npz,../data/LIP-RTVE/transcriptions/speaker018/speaker018_0010.txt,5,utf-8
3380,LIP-RTVE,speaker018_0012,133,../data/LIP-RTVE/WAVs/speaker018/speaker018_0012.wav,../data/LIP-RTVE/ROIs/speaker018/speaker018_0012.npz,../data/LIP-RTVE/transcriptions/speaker018/speaker018_0012.txt,5,utf-8
3381,LIP-RTVE,speaker018_0013,198,../data/LIP-RTVE/WAVs/speaker018/speaker018_0013.wav,../data/LIP-RTVE/ROIs/speaker018/speaker018_0013.npz,../data/LIP-RTVE/transcriptions/speaker018/speaker018_0013.txt,5,utf-8
3382,LIP-RTVE,speaker018_0014,200,../data/LIP-RTVE/WAVs/speaker018/speaker018_0014.wav,../data/LIP-RTVE/ROIs/speaker018/speaker018_0014.npz,../data/LIP-RTVE/transcriptions/speaker018/speaker018_0014.txt,5,utf-8
3383,LIP-RTVE,speaker018_0015,118,../data/LIP-RTVE/WAVs/speaker018/speaker018_0015.wav,../data/LIP-RTVE/ROIs/speaker018/speaker018_0015.npz,../data/LIP-RTVE/transcriptions/speaker018/speaker018_0015.txt,5,utf-8
3384,LIP-RTVE,speaker018_0016,182,../data/LIP-RTVE/WAVs/speaker018/speaker018_0016.wav,../data/LIP-RTVE/ROIs/speaker018/speaker018_0016.npz,../data/LIP-RTVE/transcriptions/speaker018/speaker018_0016.txt,5,utf-8
3385,LIP-RTVE,speaker018_0017,154,../data/LIP-RTVE/WAVs/speaker018/speaker018_0017.wav,../data/LIP-RTVE/ROIs/speaker018/speaker018_0017.npz,../data/LIP-RTVE/transcriptions/speaker018/speaker018_0017.txt,5,utf-8
3386,LIP-RTVE,speaker018_0018,197,../data/LIP-RTVE/WAVs/speaker018/speaker018_0018.wav,../data/LIP-RTVE/ROIs/speaker018/speaker018_0018.npz,../data/LIP-RTVE/transcriptions/speaker018/speaker018_0018.txt,5,utf-8
3387,LIP-RTVE,speaker018_0020,285,../data/LIP-RTVE/WAVs/speaker018/speaker018_0020.wav,../data/LIP-RTVE/ROIs/speaker018/speaker018_0020.npz,../data/LIP-RTVE/transcriptions/speaker018/speaker018_0020.txt,5,utf-8
3388,LIP-RTVE,speaker018_0021,106,../data/LIP-RTVE/WAVs/speaker018/speaker018_0021.wav,../data/LIP-RTVE/ROIs/speaker018/speaker018_0021.npz,../data/LIP-RTVE/transcriptions/speaker018/speaker018_0021.txt,5,utf-8
3389,LIP-RTVE,speaker018_0022,35,../data/LIP-RTVE/WAVs/speaker018/speaker018_0022.wav,../data/LIP-RTVE/ROIs/speaker018/speaker018_0022.npz,../data/LIP-RTVE/transcriptions/speaker018/speaker018_0022.txt,5,utf-8
3390,LIP-RTVE,speaker019_0000,38,../data/LIP-RTVE/WAVs/speaker019/speaker019_0000.wav,../data/LIP-RTVE/ROIs/speaker019/speaker019_0000.npz,../data/LIP-RTVE/transcriptions/speaker019/speaker019_0000.txt,5,utf-8
3391,LIP-RTVE,speaker019_0002,305,../data/LIP-RTVE/WAVs/speaker019/speaker019_0002.wav,../data/LIP-RTVE/ROIs/speaker019/speaker019_0002.npz,../data/LIP-RTVE/transcriptions/speaker019/speaker019_0002.txt,5,utf-8
3392,LIP-RTVE,speaker019_0003,401,../data/LIP-RTVE/WAVs/speaker019/speaker019_0003.wav,../data/LIP-RTVE/ROIs/speaker019/speaker019_0003.npz,../data/LIP-RTVE/transcriptions/speaker019/speaker019_0003.txt,5,utf-8
3393,LIP-RTVE,speaker019_0004,78,../data/LIP-RTVE/WAVs/speaker019/speaker019_0004.wav,../data/LIP-RTVE/ROIs/speaker019/speaker019_0004.npz,../data/LIP-RTVE/transcriptions/speaker019/speaker019_0004.txt,5,utf-8
3394,LIP-RTVE,speaker019_0006,141,../data/LIP-RTVE/WAVs/speaker019/speaker019_0006.wav,../data/LIP-RTVE/ROIs/speaker019/speaker019_0006.npz,../data/LIP-RTVE/transcriptions/speaker019/speaker019_0006.txt,5,utf-8
3395,LIP-RTVE,speaker019_0007,242,../data/LIP-RTVE/WAVs/speaker019/speaker019_0007.wav,../data/LIP-RTVE/ROIs/speaker019/speaker019_0007.npz,../data/LIP-RTVE/transcriptions/speaker019/speaker019_0007.txt,5,utf-8
3396,LIP-RTVE,speaker019_0008,66,../data/LIP-RTVE/WAVs/speaker019/speaker019_0008.wav,../data/LIP-RTVE/ROIs/speaker019/speaker019_0008.npz,../data/LIP-RTVE/transcriptions/speaker019/speaker019_0008.txt,5,utf-8
3397,LIP-RTVE,speaker019_0009,168,../data/LIP-RTVE/WAVs/speaker019/speaker019_0009.wav,../data/LIP-RTVE/ROIs/speaker019/speaker019_0009.npz,../data/LIP-RTVE/transcriptions/speaker019/speaker019_0009.txt,5,utf-8
3398,LIP-RTVE,speaker019_0011,112,../data/LIP-RTVE/WAVs/speaker019/speaker019_0011.wav,../data/LIP-RTVE/ROIs/speaker019/speaker019_0011.npz,../data/LIP-RTVE/transcriptions/speaker019/speaker019_0011.txt,5,utf-8
3399,LIP-RTVE,speaker019_0012,143,../data/LIP-RTVE/WAVs/speaker019/speaker019_0012.wav,../data/LIP-RTVE/ROIs/speaker019/speaker019_0012.npz,../data/LIP-RTVE/transcriptions/speaker019/speaker019_0012.txt,5,utf-8
3400,LIP-RTVE,speaker019_0014,146,../data/LIP-RTVE/WAVs/speaker019/speaker019_0014.wav,../data/LIP-RTVE/ROIs/speaker019/speaker019_0014.npz,../data/LIP-RTVE/transcriptions/speaker019/speaker019_0014.txt,5,utf-8
3401,LIP-RTVE,speaker019_0015,114,../data/LIP-RTVE/WAVs/speaker019/speaker019_0015.wav,../data/LIP-RTVE/ROIs/speaker019/speaker019_0015.npz,../data/LIP-RTVE/transcriptions/speaker019/speaker019_0015.txt,5,utf-8
3402,LIP-RTVE,speaker019_0016,55,../data/LIP-RTVE/WAVs/speaker019/speaker019_0016.wav,../data/LIP-RTVE/ROIs/speaker019/speaker019_0016.npz,../data/LIP-RTVE/transcriptions/speaker019/speaker019_0016.txt,5,utf-8
3403,LIP-RTVE,speaker019_0021,58,../data/LIP-RTVE/WAVs/speaker019/speaker019_0021.wav,../data/LIP-RTVE/ROIs/speaker019/speaker019_0021.npz,../data/LIP-RTVE/transcriptions/speaker019/speaker019_0021.txt,5,utf-8
3404,LIP-RTVE,speaker019_0022,29,../data/LIP-RTVE/WAVs/speaker019/speaker019_0022.wav,../data/LIP-RTVE/ROIs/speaker019/speaker019_0022.npz,../data/LIP-RTVE/transcriptions/speaker019/speaker019_0022.txt,5,utf-8
3405,LIP-RTVE,speaker019_0024,61,../data/LIP-RTVE/WAVs/speaker019/speaker019_0024.wav,../data/LIP-RTVE/ROIs/speaker019/speaker019_0024.npz,../data/LIP-RTVE/transcriptions/speaker019/speaker019_0024.txt,5,utf-8
3406,LIP-RTVE,speaker019_0025,43,../data/LIP-RTVE/WAVs/speaker019/speaker019_0025.wav,../data/LIP-RTVE/ROIs/speaker019/speaker019_0025.npz,../data/LIP-RTVE/transcriptions/speaker019/speaker019_0025.txt,5,utf-8
3407,LIP-RTVE,speaker019_0027,259,../data/LIP-RTVE/WAVs/speaker019/speaker019_0027.wav,../data/LIP-RTVE/ROIs/speaker019/speaker019_0027.npz,../data/LIP-RTVE/transcriptions/speaker019/speaker019_0027.txt,5,utf-8
3408,LIP-RTVE,speaker019_0028,165,../data/LIP-RTVE/WAVs/speaker019/speaker019_0028.wav,../data/LIP-RTVE/ROIs/speaker019/speaker019_0028.npz,../data/LIP-RTVE/transcriptions/speaker019/speaker019_0028.txt,5,utf-8
3409,LIP-RTVE,speaker019_0029,51,../data/LIP-RTVE/WAVs/speaker019/speaker019_0029.wav,../data/LIP-RTVE/ROIs/speaker019/speaker019_0029.npz,../data/LIP-RTVE/transcriptions/speaker019/speaker019_0029.txt,5,utf-8
3410,LIP-RTVE,speaker019_0030,54,../data/LIP-RTVE/WAVs/speaker019/speaker019_0030.wav,../data/LIP-RTVE/ROIs/speaker019/speaker019_0030.npz,../data/LIP-RTVE/transcriptions/speaker019/speaker019_0030.txt,5,utf-8
3411,LIP-RTVE,speaker019_0034,122,../data/LIP-RTVE/WAVs/speaker019/speaker019_0034.wav,../data/LIP-RTVE/ROIs/speaker019/speaker019_0034.npz,../data/LIP-RTVE/transcriptions/speaker019/speaker019_0034.txt,5,utf-8
3412,LIP-RTVE,speaker019_0035,167,../data/LIP-RTVE/WAVs/speaker019/speaker019_0035.wav,../data/LIP-RTVE/ROIs/speaker019/speaker019_0035.npz,../data/LIP-RTVE/transcriptions/speaker019/speaker019_0035.txt,5,utf-8
3413,LIP-RTVE,speaker019_0036,32,../data/LIP-RTVE/WAVs/speaker019/speaker019_0036.wav,../data/LIP-RTVE/ROIs/speaker019/speaker019_0036.npz,../data/LIP-RTVE/transcriptions/speaker019/speaker019_0036.txt,5,utf-8
3414,LIP-RTVE,speaker019_0037,79,../data/LIP-RTVE/WAVs/speaker019/speaker019_0037.wav,../data/LIP-RTVE/ROIs/speaker019/speaker019_0037.npz,../data/LIP-RTVE/transcriptions/speaker019/speaker019_0037.txt,5,utf-8
3415,LIP-RTVE,speaker019_0039,56,../data/LIP-RTVE/WAVs/speaker019/speaker019_0039.wav,../data/LIP-RTVE/ROIs/speaker019/speaker019_0039.npz,../data/LIP-RTVE/transcriptions/speaker019/speaker019_0039.txt,5,utf-8
3416,LIP-RTVE,speaker019_0040,105,../data/LIP-RTVE/WAVs/speaker019/speaker019_0040.wav,../data/LIP-RTVE/ROIs/speaker019/speaker019_0040.npz,../data/LIP-RTVE/transcriptions/speaker019/speaker019_0040.txt,5,utf-8
3417,LIP-RTVE,speaker019_0042,130,../data/LIP-RTVE/WAVs/speaker019/speaker019_0042.wav,../data/LIP-RTVE/ROIs/speaker019/speaker019_0042.npz,../data/LIP-RTVE/transcriptions/speaker019/speaker019_0042.txt,5,utf-8
3418,LIP-RTVE,speaker019_0043,368,../data/LIP-RTVE/WAVs/speaker019/speaker019_0043.wav,../data/LIP-RTVE/ROIs/speaker019/speaker019_0043.npz,../data/LIP-RTVE/transcriptions/speaker019/speaker019_0043.txt,5,utf-8
3419,LIP-RTVE,speaker019_0044,69,../data/LIP-RTVE/WAVs/speaker019/speaker019_0044.wav,../data/LIP-RTVE/ROIs/speaker019/speaker019_0044.npz,../data/LIP-RTVE/transcriptions/speaker019/speaker019_0044.txt,5,utf-8
3420,LIP-RTVE,speaker019_0046,166,../data/LIP-RTVE/WAVs/speaker019/speaker019_0046.wav,../data/LIP-RTVE/ROIs/speaker019/speaker019_0046.npz,../data/LIP-RTVE/transcriptions/speaker019/speaker019_0046.txt,5,utf-8
3421,LIP-RTVE,speaker019_0047,186,../data/LIP-RTVE/WAVs/speaker019/speaker019_0047.wav,../data/LIP-RTVE/ROIs/speaker019/speaker019_0047.npz,../data/LIP-RTVE/transcriptions/speaker019/speaker019_0047.txt,5,utf-8
3422,LIP-RTVE,speaker019_0049,42,../data/LIP-RTVE/WAVs/speaker019/speaker019_0049.wav,../data/LIP-RTVE/ROIs/speaker019/speaker019_0049.npz,../data/LIP-RTVE/transcriptions/speaker019/speaker019_0049.txt,5,utf-8
3423,LIP-RTVE,speaker019_0050,149,../data/LIP-RTVE/WAVs/speaker019/speaker019_0050.wav,../data/LIP-RTVE/ROIs/speaker019/speaker019_0050.npz,../data/LIP-RTVE/transcriptions/speaker019/speaker019_0050.txt,5,utf-8
3424,LIP-RTVE,speaker019_0051,101,../data/LIP-RTVE/WAVs/speaker019/speaker019_0051.wav,../data/LIP-RTVE/ROIs/speaker019/speaker019_0051.npz,../data/LIP-RTVE/transcriptions/speaker019/speaker019_0051.txt,5,utf-8
3425,LIP-RTVE,speaker019_0052,62,../data/LIP-RTVE/WAVs/speaker019/speaker019_0052.wav,../data/LIP-RTVE/ROIs/speaker019/speaker019_0052.npz,../data/LIP-RTVE/transcriptions/speaker019/speaker019_0052.txt,5,utf-8
3426,LIP-RTVE,speaker019_0053,112,../data/LIP-RTVE/WAVs/speaker019/speaker019_0053.wav,../data/LIP-RTVE/ROIs/speaker019/speaker019_0053.npz,../data/LIP-RTVE/transcriptions/speaker019/speaker019_0053.txt,5,utf-8
3427,LIP-RTVE,speaker019_0054,47,../data/LIP-RTVE/WAVs/speaker019/speaker019_0054.wav,../data/LIP-RTVE/ROIs/speaker019/speaker019_0054.npz,../data/LIP-RTVE/transcriptions/speaker019/speaker019_0054.txt,5,utf-8
3428,LIP-RTVE,speaker019_0055,133,../data/LIP-RTVE/WAVs/speaker019/speaker019_0055.wav,../data/LIP-RTVE/ROIs/speaker019/speaker019_0055.npz,../data/LIP-RTVE/transcriptions/speaker019/speaker019_0055.txt,5,utf-8
3429,LIP-RTVE,speaker019_0056,88,../data/LIP-RTVE/WAVs/speaker019/speaker019_0056.wav,../data/LIP-RTVE/ROIs/speaker019/speaker019_0056.npz,../data/LIP-RTVE/transcriptions/speaker019/speaker019_0056.txt,5,utf-8
3430,LIP-RTVE,speaker019_0058,111,../data/LIP-RTVE/WAVs/speaker019/speaker019_0058.wav,../data/LIP-RTVE/ROIs/speaker019/speaker019_0058.npz,../data/LIP-RTVE/transcriptions/speaker019/speaker019_0058.txt,5,utf-8
3431,LIP-RTVE,speaker019_0060,51,../data/LIP-RTVE/WAVs/speaker019/speaker019_0060.wav,../data/LIP-RTVE/ROIs/speaker019/speaker019_0060.npz,../data/LIP-RTVE/transcriptions/speaker019/speaker019_0060.txt,5,utf-8
3432,LIP-RTVE,speaker019_0062,231,../data/LIP-RTVE/WAVs/speaker019/speaker019_0062.wav,../data/LIP-RTVE/ROIs/speaker019/speaker019_0062.npz,../data/LIP-RTVE/transcriptions/speaker019/speaker019_0062.txt,5,utf-8
3433,LIP-RTVE,speaker019_0063,167,../data/LIP-RTVE/WAVs/speaker019/speaker019_0063.wav,../data/LIP-RTVE/ROIs/speaker019/speaker019_0063.npz,../data/LIP-RTVE/transcriptions/speaker019/speaker019_0063.txt,5,utf-8
3434,LIP-RTVE,speaker019_0064,90,../data/LIP-RTVE/WAVs/speaker019/speaker019_0064.wav,../data/LIP-RTVE/ROIs/speaker019/speaker019_0064.npz,../data/LIP-RTVE/transcriptions/speaker019/speaker019_0064.txt,5,utf-8
3435,LIP-RTVE,speaker019_0065,218,../data/LIP-RTVE/WAVs/speaker019/speaker019_0065.wav,../data/LIP-RTVE/ROIs/speaker019/speaker019_0065.npz,../data/LIP-RTVE/transcriptions/speaker019/speaker019_0065.txt,5,utf-8
3436,LIP-RTVE,speaker019_0066,66,../data/LIP-RTVE/WAVs/speaker019/speaker019_0066.wav,../data/LIP-RTVE/ROIs/speaker019/speaker019_0066.npz,../data/LIP-RTVE/transcriptions/speaker019/speaker019_0066.txt,5,utf-8
3437,LIP-RTVE,speaker019_0067,116,../data/LIP-RTVE/WAVs/speaker019/speaker019_0067.wav,../data/LIP-RTVE/ROIs/speaker019/speaker019_0067.npz,../data/LIP-RTVE/transcriptions/speaker019/speaker019_0067.txt,5,utf-8
3438,LIP-RTVE,speaker019_0069,87,../data/LIP-RTVE/WAVs/speaker019/speaker019_0069.wav,../data/LIP-RTVE/ROIs/speaker019/speaker019_0069.npz,../data/LIP-RTVE/transcriptions/speaker019/speaker019_0069.txt,5,utf-8
3439,LIP-RTVE,speaker019_0072,165,../data/LIP-RTVE/WAVs/speaker019/speaker019_0072.wav,../data/LIP-RTVE/ROIs/speaker019/speaker019_0072.npz,../data/LIP-RTVE/transcriptions/speaker019/speaker019_0072.txt,5,utf-8
3440,LIP-RTVE,speaker019_0073,127,../data/LIP-RTVE/WAVs/speaker019/speaker019_0073.wav,../data/LIP-RTVE/ROIs/speaker019/speaker019_0073.npz,../data/LIP-RTVE/transcriptions/speaker019/speaker019_0073.txt,5,utf-8
3441,LIP-RTVE,speaker019_0074,183,../data/LIP-RTVE/WAVs/speaker019/speaker019_0074.wav,../data/LIP-RTVE/ROIs/speaker019/speaker019_0074.npz,../data/LIP-RTVE/transcriptions/speaker019/speaker019_0074.txt,5,utf-8
3442,LIP-RTVE,speaker019_0075,34,../data/LIP-RTVE/WAVs/speaker019/speaker019_0075.wav,../data/LIP-RTVE/ROIs/speaker019/speaker019_0075.npz,../data/LIP-RTVE/transcriptions/speaker019/speaker019_0075.txt,5,utf-8
3443,LIP-RTVE,speaker019_0076,100,../data/LIP-RTVE/WAVs/speaker019/speaker019_0076.wav,../data/LIP-RTVE/ROIs/speaker019/speaker019_0076.npz,../data/LIP-RTVE/transcriptions/speaker019/speaker019_0076.txt,5,utf-8
3444,LIP-RTVE,speaker019_0077,46,../data/LIP-RTVE/WAVs/speaker019/speaker019_0077.wav,../data/LIP-RTVE/ROIs/speaker019/speaker019_0077.npz,../data/LIP-RTVE/transcriptions/speaker019/speaker019_0077.txt,5,utf-8
3445,LIP-RTVE,speaker019_0079,108,../data/LIP-RTVE/WAVs/speaker019/speaker019_0079.wav,../data/LIP-RTVE/ROIs/speaker019/speaker019_0079.npz,../data/LIP-RTVE/transcriptions/speaker019/speaker019_0079.txt,5,utf-8
3446,LIP-RTVE,speaker019_0081,71,../data/LIP-RTVE/WAVs/speaker019/speaker019_0081.wav,../data/LIP-RTVE/ROIs/speaker019/speaker019_0081.npz,../data/LIP-RTVE/transcriptions/speaker019/speaker019_0081.txt,5,utf-8
3447,LIP-RTVE,speaker019_0082,218,../data/LIP-RTVE/WAVs/speaker019/speaker019_0082.wav,../data/LIP-RTVE/ROIs/speaker019/speaker019_0082.npz,../data/LIP-RTVE/transcriptions/speaker019/speaker019_0082.txt,5,utf-8
3448,LIP-RTVE,speaker019_0083,86,../data/LIP-RTVE/WAVs/speaker019/speaker019_0083.wav,../data/LIP-RTVE/ROIs/speaker019/speaker019_0083.npz,../data/LIP-RTVE/transcriptions/speaker019/speaker019_0083.txt,5,utf-8
3449,LIP-RTVE,speaker019_0084,83,../data/LIP-RTVE/WAVs/speaker019/speaker019_0084.wav,../data/LIP-RTVE/ROIs/speaker019/speaker019_0084.npz,../data/LIP-RTVE/transcriptions/speaker019/speaker019_0084.txt,5,utf-8
3450,LIP-RTVE,speaker019_0087,200,../data/LIP-RTVE/WAVs/speaker019/speaker019_0087.wav,../data/LIP-RTVE/ROIs/speaker019/speaker019_0087.npz,../data/LIP-RTVE/transcriptions/speaker019/speaker019_0087.txt,5,utf-8
3451,LIP-RTVE,speaker019_0088,133,../data/LIP-RTVE/WAVs/speaker019/speaker019_0088.wav,../data/LIP-RTVE/ROIs/speaker019/speaker019_0088.npz,../data/LIP-RTVE/transcriptions/speaker019/speaker019_0088.txt,5,utf-8
3452,LIP-RTVE,speaker019_0089,266,../data/LIP-RTVE/WAVs/speaker019/speaker019_0089.wav,../data/LIP-RTVE/ROIs/speaker019/speaker019_0089.npz,../data/LIP-RTVE/transcriptions/speaker019/speaker019_0089.txt,5,utf-8
3453,LIP-RTVE,speaker019_0090,109,../data/LIP-RTVE/WAVs/speaker019/speaker019_0090.wav,../data/LIP-RTVE/ROIs/speaker019/speaker019_0090.npz,../data/LIP-RTVE/transcriptions/speaker019/speaker019_0090.txt,5,utf-8
3454,LIP-RTVE,speaker019_0091,259,../data/LIP-RTVE/WAVs/speaker019/speaker019_0091.wav,../data/LIP-RTVE/ROIs/speaker019/speaker019_0091.npz,../data/LIP-RTVE/transcriptions/speaker019/speaker019_0091.txt,5,utf-8
3455,LIP-RTVE,speaker019_0092,69,../data/LIP-RTVE/WAVs/speaker019/speaker019_0092.wav,../data/LIP-RTVE/ROIs/speaker019/speaker019_0092.npz,../data/LIP-RTVE/transcriptions/speaker019/speaker019_0092.txt,5,utf-8
3456,LIP-RTVE,speaker019_0093,174,../data/LIP-RTVE/WAVs/speaker019/speaker019_0093.wav,../data/LIP-RTVE/ROIs/speaker019/speaker019_0093.npz,../data/LIP-RTVE/transcriptions/speaker019/speaker019_0093.txt,5,utf-8
3457,LIP-RTVE,speaker019_0095,189,../data/LIP-RTVE/WAVs/speaker019/speaker019_0095.wav,../data/LIP-RTVE/ROIs/speaker019/speaker019_0095.npz,../data/LIP-RTVE/transcriptions/speaker019/speaker019_0095.txt,5,utf-8
3458,LIP-RTVE,speaker019_0096,76,../data/LIP-RTVE/WAVs/speaker019/speaker019_0096.wav,../data/LIP-RTVE/ROIs/speaker019/speaker019_0096.npz,../data/LIP-RTVE/transcriptions/speaker019/speaker019_0096.txt,5,utf-8
3459,LIP-RTVE,speaker020_0000,41,../data/LIP-RTVE/WAVs/speaker020/speaker020_0000.wav,../data/LIP-RTVE/ROIs/speaker020/speaker020_0000.npz,../data/LIP-RTVE/transcriptions/speaker020/speaker020_0000.txt,5,utf-8
3460,LIP-RTVE,speaker020_0001,197,../data/LIP-RTVE/WAVs/speaker020/speaker020_0001.wav,../data/LIP-RTVE/ROIs/speaker020/speaker020_0001.npz,../data/LIP-RTVE/transcriptions/speaker020/speaker020_0001.txt,5,utf-8
3461,LIP-RTVE,speaker020_0002,347,../data/LIP-RTVE/WAVs/speaker020/speaker020_0002.wav,../data/LIP-RTVE/ROIs/speaker020/speaker020_0002.npz,../data/LIP-RTVE/transcriptions/speaker020/speaker020_0002.txt,5,utf-8
3462,LIP-RTVE,speaker020_0003,163,../data/LIP-RTVE/WAVs/speaker020/speaker020_0003.wav,../data/LIP-RTVE/ROIs/speaker020/speaker020_0003.npz,../data/LIP-RTVE/transcriptions/speaker020/speaker020_0003.txt,5,utf-8
3463,LIP-RTVE,speaker020_0004,140,../data/LIP-RTVE/WAVs/speaker020/speaker020_0004.wav,../data/LIP-RTVE/ROIs/speaker020/speaker020_0004.npz,../data/LIP-RTVE/transcriptions/speaker020/speaker020_0004.txt,5,utf-8
3464,LIP-RTVE,speaker020_0005,289,../data/LIP-RTVE/WAVs/speaker020/speaker020_0005.wav,../data/LIP-RTVE/ROIs/speaker020/speaker020_0005.npz,../data/LIP-RTVE/transcriptions/speaker020/speaker020_0005.txt,5,utf-8
3465,LIP-RTVE,speaker020_0006,39,../data/LIP-RTVE/WAVs/speaker020/speaker020_0006.wav,../data/LIP-RTVE/ROIs/speaker020/speaker020_0006.npz,../data/LIP-RTVE/transcriptions/speaker020/speaker020_0006.txt,5,utf-8
3466,LIP-RTVE,speaker020_0009,99,../data/LIP-RTVE/WAVs/speaker020/speaker020_0009.wav,../data/LIP-RTVE/ROIs/speaker020/speaker020_0009.npz,../data/LIP-RTVE/transcriptions/speaker020/speaker020_0009.txt,5,utf-8
3467,LIP-RTVE,speaker020_0012,129,../data/LIP-RTVE/WAVs/speaker020/speaker020_0012.wav,../data/LIP-RTVE/ROIs/speaker020/speaker020_0012.npz,../data/LIP-RTVE/transcriptions/speaker020/speaker020_0012.txt,5,utf-8
3468,LIP-RTVE,speaker020_0014,53,../data/LIP-RTVE/WAVs/speaker020/speaker020_0014.wav,../data/LIP-RTVE/ROIs/speaker020/speaker020_0014.npz,../data/LIP-RTVE/transcriptions/speaker020/speaker020_0014.txt,5,utf-8
3469,LIP-RTVE,speaker020_0015,88,../data/LIP-RTVE/WAVs/speaker020/speaker020_0015.wav,../data/LIP-RTVE/ROIs/speaker020/speaker020_0015.npz,../data/LIP-RTVE/transcriptions/speaker020/speaker020_0015.txt,5,utf-8
3470,LIP-RTVE,speaker020_0016,37,../data/LIP-RTVE/WAVs/speaker020/speaker020_0016.wav,../data/LIP-RTVE/ROIs/speaker020/speaker020_0016.npz,../data/LIP-RTVE/transcriptions/speaker020/speaker020_0016.txt,5,utf-8
3471,LIP-RTVE,speaker020_0018,45,../data/LIP-RTVE/WAVs/speaker020/speaker020_0018.wav,../data/LIP-RTVE/ROIs/speaker020/speaker020_0018.npz,../data/LIP-RTVE/transcriptions/speaker020/speaker020_0018.txt,5,utf-8
3472,LIP-RTVE,speaker020_0019,64,../data/LIP-RTVE/WAVs/speaker020/speaker020_0019.wav,../data/LIP-RTVE/ROIs/speaker020/speaker020_0019.npz,../data/LIP-RTVE/transcriptions/speaker020/speaker020_0019.txt,5,utf-8
3473,LIP-RTVE,speaker020_0020,114,../data/LIP-RTVE/WAVs/speaker020/speaker020_0020.wav,../data/LIP-RTVE/ROIs/speaker020/speaker020_0020.npz,../data/LIP-RTVE/transcriptions/speaker020/speaker020_0020.txt,5,utf-8
3474,LIP-RTVE,speaker020_0021,126,../data/LIP-RTVE/WAVs/speaker020/speaker020_0021.wav,../data/LIP-RTVE/ROIs/speaker020/speaker020_0021.npz,../data/LIP-RTVE/transcriptions/speaker020/speaker020_0021.txt,5,utf-8
3475,LIP-RTVE,speaker020_0022,184,../data/LIP-RTVE/WAVs/speaker020/speaker020_0022.wav,../data/LIP-RTVE/ROIs/speaker020/speaker020_0022.npz,../data/LIP-RTVE/transcriptions/speaker020/speaker020_0022.txt,5,utf-8
3476,LIP-RTVE,speaker020_0023,65,../data/LIP-RTVE/WAVs/speaker020/speaker020_0023.wav,../data/LIP-RTVE/ROIs/speaker020/speaker020_0023.npz,../data/LIP-RTVE/transcriptions/speaker020/speaker020_0023.txt,5,utf-8
3477,LIP-RTVE,speaker020_0024,151,../data/LIP-RTVE/WAVs/speaker020/speaker020_0024.wav,../data/LIP-RTVE/ROIs/speaker020/speaker020_0024.npz,../data/LIP-RTVE/transcriptions/speaker020/speaker020_0024.txt,5,utf-8
3478,LIP-RTVE,speaker020_0026,231,../data/LIP-RTVE/WAVs/speaker020/speaker020_0026.wav,../data/LIP-RTVE/ROIs/speaker020/speaker020_0026.npz,../data/LIP-RTVE/transcriptions/speaker020/speaker020_0026.txt,5,utf-8
3479,LIP-RTVE,speaker020_0027,176,../data/LIP-RTVE/WAVs/speaker020/speaker020_0027.wav,../data/LIP-RTVE/ROIs/speaker020/speaker020_0027.npz,../data/LIP-RTVE/transcriptions/speaker020/speaker020_0027.txt,5,utf-8
3480,LIP-RTVE,speaker020_0028,107,../data/LIP-RTVE/WAVs/speaker020/speaker020_0028.wav,../data/LIP-RTVE/ROIs/speaker020/speaker020_0028.npz,../data/LIP-RTVE/transcriptions/speaker020/speaker020_0028.txt,5,utf-8
3481,LIP-RTVE,speaker020_0029,195,../data/LIP-RTVE/WAVs/speaker020/speaker020_0029.wav,../data/LIP-RTVE/ROIs/speaker020/speaker020_0029.npz,../data/LIP-RTVE/transcriptions/speaker020/speaker020_0029.txt,5,utf-8
3482,LIP-RTVE,speaker020_0030,263,../data/LIP-RTVE/WAVs/speaker020/speaker020_0030.wav,../data/LIP-RTVE/ROIs/speaker020/speaker020_0030.npz,../data/LIP-RTVE/transcriptions/speaker020/speaker020_0030.txt,5,utf-8
3483,LIP-RTVE,speaker020_0031,91,../data/LIP-RTVE/WAVs/speaker020/speaker020_0031.wav,../data/LIP-RTVE/ROIs/speaker020/speaker020_0031.npz,../data/LIP-RTVE/transcriptions/speaker020/speaker020_0031.txt,5,utf-8
3484,LIP-RTVE,speaker020_0032,27,../data/LIP-RTVE/WAVs/speaker020/speaker020_0032.wav,../data/LIP-RTVE/ROIs/speaker020/speaker020_0032.npz,../data/LIP-RTVE/transcriptions/speaker020/speaker020_0032.txt,5,utf-8
3485,LIP-RTVE,speaker020_0034,39,../data/LIP-RTVE/WAVs/speaker020/speaker020_0034.wav,../data/LIP-RTVE/ROIs/speaker020/speaker020_0034.npz,../data/LIP-RTVE/transcriptions/speaker020/speaker020_0034.txt,5,utf-8
3486,LIP-RTVE,speaker020_0035,62,../data/LIP-RTVE/WAVs/speaker020/speaker020_0035.wav,../data/LIP-RTVE/ROIs/speaker020/speaker020_0035.npz,../data/LIP-RTVE/transcriptions/speaker020/speaker020_0035.txt,5,utf-8
3487,LIP-RTVE,speaker020_0036,95,../data/LIP-RTVE/WAVs/speaker020/speaker020_0036.wav,../data/LIP-RTVE/ROIs/speaker020/speaker020_0036.npz,../data/LIP-RTVE/transcriptions/speaker020/speaker020_0036.txt,5,utf-8
3488,LIP-RTVE,speaker020_0037,52,../data/LIP-RTVE/WAVs/speaker020/speaker020_0037.wav,../data/LIP-RTVE/ROIs/speaker020/speaker020_0037.npz,../data/LIP-RTVE/transcriptions/speaker020/speaker020_0037.txt,5,utf-8
3489,LIP-RTVE,speaker020_0042,57,../data/LIP-RTVE/WAVs/speaker020/speaker020_0042.wav,../data/LIP-RTVE/ROIs/speaker020/speaker020_0042.npz,../data/LIP-RTVE/transcriptions/speaker020/speaker020_0042.txt,5,utf-8
3490,LIP-RTVE,speaker020_0043,50,../data/LIP-RTVE/WAVs/speaker020/speaker020_0043.wav,../data/LIP-RTVE/ROIs/speaker020/speaker020_0043.npz,../data/LIP-RTVE/transcriptions/speaker020/speaker020_0043.txt,5,utf-8
3491,LIP-RTVE,speaker020_0045,111,../data/LIP-RTVE/WAVs/speaker020/speaker020_0045.wav,../data/LIP-RTVE/ROIs/speaker020/speaker020_0045.npz,../data/LIP-RTVE/transcriptions/speaker020/speaker020_0045.txt,5,utf-8
3492,LIP-RTVE,speaker020_0046,49,../data/LIP-RTVE/WAVs/speaker020/speaker020_0046.wav,../data/LIP-RTVE/ROIs/speaker020/speaker020_0046.npz,../data/LIP-RTVE/transcriptions/speaker020/speaker020_0046.txt,5,utf-8
3493,LIP-RTVE,speaker020_0047,87,../data/LIP-RTVE/WAVs/speaker020/speaker020_0047.wav,../data/LIP-RTVE/ROIs/speaker020/speaker020_0047.npz,../data/LIP-RTVE/transcriptions/speaker020/speaker020_0047.txt,5,utf-8
3494,LIP-RTVE,speaker020_0048,117,../data/LIP-RTVE/WAVs/speaker020/speaker020_0048.wav,../data/LIP-RTVE/ROIs/speaker020/speaker020_0048.npz,../data/LIP-RTVE/transcriptions/speaker020/speaker020_0048.txt,5,utf-8
3495,LIP-RTVE,speaker020_0049,60,../data/LIP-RTVE/WAVs/speaker020/speaker020_0049.wav,../data/LIP-RTVE/ROIs/speaker020/speaker020_0049.npz,../data/LIP-RTVE/transcriptions/speaker020/speaker020_0049.txt,5,utf-8
3496,LIP-RTVE,speaker020_0051,112,../data/LIP-RTVE/WAVs/speaker020/speaker020_0051.wav,../data/LIP-RTVE/ROIs/speaker020/speaker020_0051.npz,../data/LIP-RTVE/transcriptions/speaker020/speaker020_0051.txt,5,utf-8
3497,LIP-RTVE,speaker020_0052,50,../data/LIP-RTVE/WAVs/speaker020/speaker020_0052.wav,../data/LIP-RTVE/ROIs/speaker020/speaker020_0052.npz,../data/LIP-RTVE/transcriptions/speaker020/speaker020_0052.txt,5,utf-8
3498,LIP-RTVE,speaker020_0054,66,../data/LIP-RTVE/WAVs/speaker020/speaker020_0054.wav,../data/LIP-RTVE/ROIs/speaker020/speaker020_0054.npz,../data/LIP-RTVE/transcriptions/speaker020/speaker020_0054.txt,5,utf-8
3499,LIP-RTVE,speaker020_0055,243,../data/LIP-RTVE/WAVs/speaker020/speaker020_0055.wav,../data/LIP-RTVE/ROIs/speaker020/speaker020_0055.npz,../data/LIP-RTVE/transcriptions/speaker020/speaker020_0055.txt,5,utf-8
3500,LIP-RTVE,speaker020_0056,218,../data/LIP-RTVE/WAVs/speaker020/speaker020_0056.wav,../data/LIP-RTVE/ROIs/speaker020/speaker020_0056.npz,../data/LIP-RTVE/transcriptions/speaker020/speaker020_0056.txt,5,utf-8
3501,LIP-RTVE,speaker020_0057,70,../data/LIP-RTVE/WAVs/speaker020/speaker020_0057.wav,../data/LIP-RTVE/ROIs/speaker020/speaker020_0057.npz,../data/LIP-RTVE/transcriptions/speaker020/speaker020_0057.txt,5,utf-8
3502,LIP-RTVE,speaker020_0058,180,../data/LIP-RTVE/WAVs/speaker020/speaker020_0058.wav,../data/LIP-RTVE/ROIs/speaker020/speaker020_0058.npz,../data/LIP-RTVE/transcriptions/speaker020/speaker020_0058.txt,5,utf-8
3503,LIP-RTVE,speaker020_0060,142,../data/LIP-RTVE/WAVs/speaker020/speaker020_0060.wav,../data/LIP-RTVE/ROIs/speaker020/speaker020_0060.npz,../data/LIP-RTVE/transcriptions/speaker020/speaker020_0060.txt,5,utf-8
3504,LIP-RTVE,speaker020_0061,84,../data/LIP-RTVE/WAVs/speaker020/speaker020_0061.wav,../data/LIP-RTVE/ROIs/speaker020/speaker020_0061.npz,../data/LIP-RTVE/transcriptions/speaker020/speaker020_0061.txt,5,utf-8
3505,LIP-RTVE,speaker020_0062,52,../data/LIP-RTVE/WAVs/speaker020/speaker020_0062.wav,../data/LIP-RTVE/ROIs/speaker020/speaker020_0062.npz,../data/LIP-RTVE/transcriptions/speaker020/speaker020_0062.txt,5,utf-8
3506,LIP-RTVE,speaker020_0065,58,../data/LIP-RTVE/WAVs/speaker020/speaker020_0065.wav,../data/LIP-RTVE/ROIs/speaker020/speaker020_0065.npz,../data/LIP-RTVE/transcriptions/speaker020/speaker020_0065.txt,5,utf-8
3507,LIP-RTVE,speaker020_0066,96,../data/LIP-RTVE/WAVs/speaker020/speaker020_0066.wav,../data/LIP-RTVE/ROIs/speaker020/speaker020_0066.npz,../data/LIP-RTVE/transcriptions/speaker020/speaker020_0066.txt,5,utf-8
3508,LIP-RTVE,speaker020_0067,61,../data/LIP-RTVE/WAVs/speaker020/speaker020_0067.wav,../data/LIP-RTVE/ROIs/speaker020/speaker020_0067.npz,../data/LIP-RTVE/transcriptions/speaker020/speaker020_0067.txt,5,utf-8
3509,LIP-RTVE,speaker020_0068,57,../data/LIP-RTVE/WAVs/speaker020/speaker020_0068.wav,../data/LIP-RTVE/ROIs/speaker020/speaker020_0068.npz,../data/LIP-RTVE/transcriptions/speaker020/speaker020_0068.txt,5,utf-8
3510,LIP-RTVE,speaker020_0069,42,../data/LIP-RTVE/WAVs/speaker020/speaker020_0069.wav,../data/LIP-RTVE/ROIs/speaker020/speaker020_0069.npz,../data/LIP-RTVE/transcriptions/speaker020/speaker020_0069.txt,5,utf-8
3511,LIP-RTVE,speaker020_0071,42,../data/LIP-RTVE/WAVs/speaker020/speaker020_0071.wav,../data/LIP-RTVE/ROIs/speaker020/speaker020_0071.npz,../data/LIP-RTVE/transcriptions/speaker020/speaker020_0071.txt,5,utf-8
3512,LIP-RTVE,speaker020_0072,43,../data/LIP-RTVE/WAVs/speaker020/speaker020_0072.wav,../data/LIP-RTVE/ROIs/speaker020/speaker020_0072.npz,../data/LIP-RTVE/transcriptions/speaker020/speaker020_0072.txt,5,utf-8
3513,LIP-RTVE,speaker020_0074,31,../data/LIP-RTVE/WAVs/speaker020/speaker020_0074.wav,../data/LIP-RTVE/ROIs/speaker020/speaker020_0074.npz,../data/LIP-RTVE/transcriptions/speaker020/speaker020_0074.txt,5,utf-8
3514,LIP-RTVE,speaker020_0075,53,../data/LIP-RTVE/WAVs/speaker020/speaker020_0075.wav,../data/LIP-RTVE/ROIs/speaker020/speaker020_0075.npz,../data/LIP-RTVE/transcriptions/speaker020/speaker020_0075.txt,5,utf-8
3515,LIP-RTVE,speaker020_0076,93,../data/LIP-RTVE/WAVs/speaker020/speaker020_0076.wav,../data/LIP-RTVE/ROIs/speaker020/speaker020_0076.npz,../data/LIP-RTVE/transcriptions/speaker020/speaker020_0076.txt,5,utf-8
3516,LIP-RTVE,speaker020_0077,75,../data/LIP-RTVE/WAVs/speaker020/speaker020_0077.wav,../data/LIP-RTVE/ROIs/speaker020/speaker020_0077.npz,../data/LIP-RTVE/transcriptions/speaker020/speaker020_0077.txt,5,utf-8
3517,LIP-RTVE,speaker020_0078,43,../data/LIP-RTVE/WAVs/speaker020/speaker020_0078.wav,../data/LIP-RTVE/ROIs/speaker020/speaker020_0078.npz,../data/LIP-RTVE/transcriptions/speaker020/speaker020_0078.txt,5,utf-8
3518,LIP-RTVE,speaker020_0079,27,../data/LIP-RTVE/WAVs/speaker020/speaker020_0079.wav,../data/LIP-RTVE/ROIs/speaker020/speaker020_0079.npz,../data/LIP-RTVE/transcriptions/speaker020/speaker020_0079.txt,5,utf-8
3519,LIP-RTVE,speaker020_0080,208,../data/LIP-RTVE/WAVs/speaker020/speaker020_0080.wav,../data/LIP-RTVE/ROIs/speaker020/speaker020_0080.npz,../data/LIP-RTVE/transcriptions/speaker020/speaker020_0080.txt,5,utf-8
3520,LIP-RTVE,speaker020_0081,100,../data/LIP-RTVE/WAVs/speaker020/speaker020_0081.wav,../data/LIP-RTVE/ROIs/speaker020/speaker020_0081.npz,../data/LIP-RTVE/transcriptions/speaker020/speaker020_0081.txt,5,utf-8
3521,LIP-RTVE,speaker020_0085,74,../data/LIP-RTVE/WAVs/speaker020/speaker020_0085.wav,../data/LIP-RTVE/ROIs/speaker020/speaker020_0085.npz,../data/LIP-RTVE/transcriptions/speaker020/speaker020_0085.txt,5,utf-8
3522,LIP-RTVE,speaker020_0088,226,../data/LIP-RTVE/WAVs/speaker020/speaker020_0088.wav,../data/LIP-RTVE/ROIs/speaker020/speaker020_0088.npz,../data/LIP-RTVE/transcriptions/speaker020/speaker020_0088.txt,5,utf-8
3523,LIP-RTVE,speaker020_0089,59,../data/LIP-RTVE/WAVs/speaker020/speaker020_0089.wav,../data/LIP-RTVE/ROIs/speaker020/speaker020_0089.npz,../data/LIP-RTVE/transcriptions/speaker020/speaker020_0089.txt,5,utf-8
3524,LIP-RTVE,speaker021_0000,63,../data/LIP-RTVE/WAVs/speaker021/speaker021_0000.wav,../data/LIP-RTVE/ROIs/speaker021/speaker021_0000.npz,../data/LIP-RTVE/transcriptions/speaker021/speaker021_0000.txt,5,utf-8
3525,LIP-RTVE,speaker021_0001,217,../data/LIP-RTVE/WAVs/speaker021/speaker021_0001.wav,../data/LIP-RTVE/ROIs/speaker021/speaker021_0001.npz,../data/LIP-RTVE/transcriptions/speaker021/speaker021_0001.txt,5,utf-8
3526,LIP-RTVE,speaker021_0003,103,../data/LIP-RTVE/WAVs/speaker021/speaker021_0003.wav,../data/LIP-RTVE/ROIs/speaker021/speaker021_0003.npz,../data/LIP-RTVE/transcriptions/speaker021/speaker021_0003.txt,5,utf-8
3527,LIP-RTVE,speaker021_0006,191,../data/LIP-RTVE/WAVs/speaker021/speaker021_0006.wav,../data/LIP-RTVE/ROIs/speaker021/speaker021_0006.npz,../data/LIP-RTVE/transcriptions/speaker021/speaker021_0006.txt,5,utf-8
3528,LIP-RTVE,speaker021_0007,90,../data/LIP-RTVE/WAVs/speaker021/speaker021_0007.wav,../data/LIP-RTVE/ROIs/speaker021/speaker021_0007.npz,../data/LIP-RTVE/transcriptions/speaker021/speaker021_0007.txt,5,utf-8
3529,LIP-RTVE,speaker022_0000,36,../data/LIP-RTVE/WAVs/speaker022/speaker022_0000.wav,../data/LIP-RTVE/ROIs/speaker022/speaker022_0000.npz,../data/LIP-RTVE/transcriptions/speaker022/speaker022_0000.txt,5,utf-8
3530,LIP-RTVE,speaker022_0001,146,../data/LIP-RTVE/WAVs/speaker022/speaker022_0001.wav,../data/LIP-RTVE/ROIs/speaker022/speaker022_0001.npz,../data/LIP-RTVE/transcriptions/speaker022/speaker022_0001.txt,5,utf-8
3531,LIP-RTVE,speaker022_0003,261,../data/LIP-RTVE/WAVs/speaker022/speaker022_0003.wav,../data/LIP-RTVE/ROIs/speaker022/speaker022_0003.npz,../data/LIP-RTVE/transcriptions/speaker022/speaker022_0003.txt,5,utf-8
3532,LIP-RTVE,speaker022_0004,215,../data/LIP-RTVE/WAVs/speaker022/speaker022_0004.wav,../data/LIP-RTVE/ROIs/speaker022/speaker022_0004.npz,../data/LIP-RTVE/transcriptions/speaker022/speaker022_0004.txt,5,utf-8
3533,LIP-RTVE,speaker022_0005,147,../data/LIP-RTVE/WAVs/speaker022/speaker022_0005.wav,../data/LIP-RTVE/ROIs/speaker022/speaker022_0005.npz,../data/LIP-RTVE/transcriptions/speaker022/speaker022_0005.txt,5,utf-8
3534,LIP-RTVE,speaker022_0008,116,../data/LIP-RTVE/WAVs/speaker022/speaker022_0008.wav,../data/LIP-RTVE/ROIs/speaker022/speaker022_0008.npz,../data/LIP-RTVE/transcriptions/speaker022/speaker022_0008.txt,5,utf-8
3535,LIP-RTVE,speaker022_0009,229,../data/LIP-RTVE/WAVs/speaker022/speaker022_0009.wav,../data/LIP-RTVE/ROIs/speaker022/speaker022_0009.npz,../data/LIP-RTVE/transcriptions/speaker022/speaker022_0009.txt,5,utf-8
3536,LIP-RTVE,speaker022_0010,132,../data/LIP-RTVE/WAVs/speaker022/speaker022_0010.wav,../data/LIP-RTVE/ROIs/speaker022/speaker022_0010.npz,../data/LIP-RTVE/transcriptions/speaker022/speaker022_0010.txt,5,utf-8
3537,LIP-RTVE,speaker022_0011,147,../data/LIP-RTVE/WAVs/speaker022/speaker022_0011.wav,../data/LIP-RTVE/ROIs/speaker022/speaker022_0011.npz,../data/LIP-RTVE/transcriptions/speaker022/speaker022_0011.txt,5,utf-8
3538,LIP-RTVE,speaker022_0012,206,../data/LIP-RTVE/WAVs/speaker022/speaker022_0012.wav,../data/LIP-RTVE/ROIs/speaker022/speaker022_0012.npz,../data/LIP-RTVE/transcriptions/speaker022/speaker022_0012.txt,5,utf-8
3539,LIP-RTVE,speaker022_0014,26,../data/LIP-RTVE/WAVs/speaker022/speaker022_0014.wav,../data/LIP-RTVE/ROIs/speaker022/speaker022_0014.npz,../data/LIP-RTVE/transcriptions/speaker022/speaker022_0014.txt,5,utf-8
3540,LIP-RTVE,speaker022_0016,182,../data/LIP-RTVE/WAVs/speaker022/speaker022_0016.wav,../data/LIP-RTVE/ROIs/speaker022/speaker022_0016.npz,../data/LIP-RTVE/transcriptions/speaker022/speaker022_0016.txt,5,utf-8
3541,LIP-RTVE,speaker022_0017,131,../data/LIP-RTVE/WAVs/speaker022/speaker022_0017.wav,../data/LIP-RTVE/ROIs/speaker022/speaker022_0017.npz,../data/LIP-RTVE/transcriptions/speaker022/speaker022_0017.txt,5,utf-8
3542,LIP-RTVE,speaker022_0018,90,../data/LIP-RTVE/WAVs/speaker022/speaker022_0018.wav,../data/LIP-RTVE/ROIs/speaker022/speaker022_0018.npz,../data/LIP-RTVE/transcriptions/speaker022/speaker022_0018.txt,5,utf-8
3543,LIP-RTVE,speaker022_0019,143,../data/LIP-RTVE/WAVs/speaker022/speaker022_0019.wav,../data/LIP-RTVE/ROIs/speaker022/speaker022_0019.npz,../data/LIP-RTVE/transcriptions/speaker022/speaker022_0019.txt,5,utf-8
3544,LIP-RTVE,speaker022_0020,92,../data/LIP-RTVE/WAVs/speaker022/speaker022_0020.wav,../data/LIP-RTVE/ROIs/speaker022/speaker022_0020.npz,../data/LIP-RTVE/transcriptions/speaker022/speaker022_0020.txt,5,utf-8
3545,LIP-RTVE,speaker022_0021,114,../data/LIP-RTVE/WAVs/speaker022/speaker022_0021.wav,../data/LIP-RTVE/ROIs/speaker022/speaker022_0021.npz,../data/LIP-RTVE/transcriptions/speaker022/speaker022_0021.txt,5,utf-8
3546,LIP-RTVE,speaker022_0022,51,../data/LIP-RTVE/WAVs/speaker022/speaker022_0022.wav,../data/LIP-RTVE/ROIs/speaker022/speaker022_0022.npz,../data/LIP-RTVE/transcriptions/speaker022/speaker022_0022.txt,5,utf-8
3547,LIP-RTVE,speaker022_0023,194,../data/LIP-RTVE/WAVs/speaker022/speaker022_0023.wav,../data/LIP-RTVE/ROIs/speaker022/speaker022_0023.npz,../data/LIP-RTVE/transcriptions/speaker022/speaker022_0023.txt,5,utf-8
3548,LIP-RTVE,speaker022_0024,151,../data/LIP-RTVE/WAVs/speaker022/speaker022_0024.wav,../data/LIP-RTVE/ROIs/speaker022/speaker022_0024.npz,../data/LIP-RTVE/transcriptions/speaker022/speaker022_0024.txt,5,utf-8
3549,LIP-RTVE,speaker022_0025,118,../data/LIP-RTVE/WAVs/speaker022/speaker022_0025.wav,../data/LIP-RTVE/ROIs/speaker022/speaker022_0025.npz,../data/LIP-RTVE/transcriptions/speaker022/speaker022_0025.txt,5,utf-8
3550,LIP-RTVE,speaker022_0027,103,../data/LIP-RTVE/WAVs/speaker022/speaker022_0027.wav,../data/LIP-RTVE/ROIs/speaker022/speaker022_0027.npz,../data/LIP-RTVE/transcriptions/speaker022/speaker022_0027.txt,5,utf-8
3551,LIP-RTVE,speaker022_0029,38,../data/LIP-RTVE/WAVs/speaker022/speaker022_0029.wav,../data/LIP-RTVE/ROIs/speaker022/speaker022_0029.npz,../data/LIP-RTVE/transcriptions/speaker022/speaker022_0029.txt,5,utf-8
3552,LIP-RTVE,speaker022_0030,80,../data/LIP-RTVE/WAVs/speaker022/speaker022_0030.wav,../data/LIP-RTVE/ROIs/speaker022/speaker022_0030.npz,../data/LIP-RTVE/transcriptions/speaker022/speaker022_0030.txt,5,utf-8
3553,LIP-RTVE,speaker022_0031,189,../data/LIP-RTVE/WAVs/speaker022/speaker022_0031.wav,../data/LIP-RTVE/ROIs/speaker022/speaker022_0031.npz,../data/LIP-RTVE/transcriptions/speaker022/speaker022_0031.txt,5,utf-8
3554,LIP-RTVE,speaker022_0034,174,../data/LIP-RTVE/WAVs/speaker022/speaker022_0034.wav,../data/LIP-RTVE/ROIs/speaker022/speaker022_0034.npz,../data/LIP-RTVE/transcriptions/speaker022/speaker022_0034.txt,5,utf-8
3555,LIP-RTVE,speaker022_0036,144,../data/LIP-RTVE/WAVs/speaker022/speaker022_0036.wav,../data/LIP-RTVE/ROIs/speaker022/speaker022_0036.npz,../data/LIP-RTVE/transcriptions/speaker022/speaker022_0036.txt,5,utf-8
3556,LIP-RTVE,speaker022_0037,40,../data/LIP-RTVE/WAVs/speaker022/speaker022_0037.wav,../data/LIP-RTVE/ROIs/speaker022/speaker022_0037.npz,../data/LIP-RTVE/transcriptions/speaker022/speaker022_0037.txt,5,utf-8
3557,LIP-RTVE,speaker022_0038,88,../data/LIP-RTVE/WAVs/speaker022/speaker022_0038.wav,../data/LIP-RTVE/ROIs/speaker022/speaker022_0038.npz,../data/LIP-RTVE/transcriptions/speaker022/speaker022_0038.txt,5,utf-8
3558,LIP-RTVE,speaker022_0039,204,../data/LIP-RTVE/WAVs/speaker022/speaker022_0039.wav,../data/LIP-RTVE/ROIs/speaker022/speaker022_0039.npz,../data/LIP-RTVE/transcriptions/speaker022/speaker022_0039.txt,5,utf-8
3559,LIP-RTVE,speaker022_0040,128,../data/LIP-RTVE/WAVs/speaker022/speaker022_0040.wav,../data/LIP-RTVE/ROIs/speaker022/speaker022_0040.npz,../data/LIP-RTVE/transcriptions/speaker022/speaker022_0040.txt,5,utf-8
3560,LIP-RTVE,speaker022_0045,115,../data/LIP-RTVE/WAVs/speaker022/speaker022_0045.wav,../data/LIP-RTVE/ROIs/speaker022/speaker022_0045.npz,../data/LIP-RTVE/transcriptions/speaker022/speaker022_0045.txt,5,utf-8
3561,LIP-RTVE,speaker022_0046,105,../data/LIP-RTVE/WAVs/speaker022/speaker022_0046.wav,../data/LIP-RTVE/ROIs/speaker022/speaker022_0046.npz,../data/LIP-RTVE/transcriptions/speaker022/speaker022_0046.txt,5,utf-8
3562,LIP-RTVE,speaker022_0047,32,../data/LIP-RTVE/WAVs/speaker022/speaker022_0047.wav,../data/LIP-RTVE/ROIs/speaker022/speaker022_0047.npz,../data/LIP-RTVE/transcriptions/speaker022/speaker022_0047.txt,5,utf-8
3563,LIP-RTVE,speaker022_0049,83,../data/LIP-RTVE/WAVs/speaker022/speaker022_0049.wav,../data/LIP-RTVE/ROIs/speaker022/speaker022_0049.npz,../data/LIP-RTVE/transcriptions/speaker022/speaker022_0049.txt,5,utf-8
3564,LIP-RTVE,speaker022_0050,28,../data/LIP-RTVE/WAVs/speaker022/speaker022_0050.wav,../data/LIP-RTVE/ROIs/speaker022/speaker022_0050.npz,../data/LIP-RTVE/transcriptions/speaker022/speaker022_0050.txt,5,utf-8
3565,LIP-RTVE,speaker022_0051,42,../data/LIP-RTVE/WAVs/speaker022/speaker022_0051.wav,../data/LIP-RTVE/ROIs/speaker022/speaker022_0051.npz,../data/LIP-RTVE/transcriptions/speaker022/speaker022_0051.txt,5,utf-8
3566,LIP-RTVE,speaker022_0052,91,../data/LIP-RTVE/WAVs/speaker022/speaker022_0052.wav,../data/LIP-RTVE/ROIs/speaker022/speaker022_0052.npz,../data/LIP-RTVE/transcriptions/speaker022/speaker022_0052.txt,5,utf-8
3567,LIP-RTVE,speaker022_0054,47,../data/LIP-RTVE/WAVs/speaker022/speaker022_0054.wav,../data/LIP-RTVE/ROIs/speaker022/speaker022_0054.npz,../data/LIP-RTVE/transcriptions/speaker022/speaker022_0054.txt,5,utf-8
3568,LIP-RTVE,speaker022_0055,106,../data/LIP-RTVE/WAVs/speaker022/speaker022_0055.wav,../data/LIP-RTVE/ROIs/speaker022/speaker022_0055.npz,../data/LIP-RTVE/transcriptions/speaker022/speaker022_0055.txt,5,utf-8
3569,LIP-RTVE,speaker022_0056,60,../data/LIP-RTVE/WAVs/speaker022/speaker022_0056.wav,../data/LIP-RTVE/ROIs/speaker022/speaker022_0056.npz,../data/LIP-RTVE/transcriptions/speaker022/speaker022_0056.txt,5,utf-8
3570,LIP-RTVE,speaker022_0058,29,../data/LIP-RTVE/WAVs/speaker022/speaker022_0058.wav,../data/LIP-RTVE/ROIs/speaker022/speaker022_0058.npz,../data/LIP-RTVE/transcriptions/speaker022/speaker022_0058.txt,5,utf-8
3571,LIP-RTVE,speaker022_0059,104,../data/LIP-RTVE/WAVs/speaker022/speaker022_0059.wav,../data/LIP-RTVE/ROIs/speaker022/speaker022_0059.npz,../data/LIP-RTVE/transcriptions/speaker022/speaker022_0059.txt,5,utf-8
3572,LIP-RTVE,speaker022_0060,50,../data/LIP-RTVE/WAVs/speaker022/speaker022_0060.wav,../data/LIP-RTVE/ROIs/speaker022/speaker022_0060.npz,../data/LIP-RTVE/transcriptions/speaker022/speaker022_0060.txt,5,utf-8
3573,LIP-RTVE,speaker022_0061,84,../data/LIP-RTVE/WAVs/speaker022/speaker022_0061.wav,../data/LIP-RTVE/ROIs/speaker022/speaker022_0061.npz,../data/LIP-RTVE/transcriptions/speaker022/speaker022_0061.txt,5,utf-8
3574,LIP-RTVE,speaker022_0062,158,../data/LIP-RTVE/WAVs/speaker022/speaker022_0062.wav,../data/LIP-RTVE/ROIs/speaker022/speaker022_0062.npz,../data/LIP-RTVE/transcriptions/speaker022/speaker022_0062.txt,5,utf-8
3575,LIP-RTVE,speaker022_0064,147,../data/LIP-RTVE/WAVs/speaker022/speaker022_0064.wav,../data/LIP-RTVE/ROIs/speaker022/speaker022_0064.npz,../data/LIP-RTVE/transcriptions/speaker022/speaker022_0064.txt,5,utf-8
3576,LIP-RTVE,speaker022_0065,92,../data/LIP-RTVE/WAVs/speaker022/speaker022_0065.wav,../data/LIP-RTVE/ROIs/speaker022/speaker022_0065.npz,../data/LIP-RTVE/transcriptions/speaker022/speaker022_0065.txt,5,utf-8
3577,LIP-RTVE,speaker022_0066,75,../data/LIP-RTVE/WAVs/speaker022/speaker022_0066.wav,../data/LIP-RTVE/ROIs/speaker022/speaker022_0066.npz,../data/LIP-RTVE/transcriptions/speaker022/speaker022_0066.txt,5,utf-8
3578,LIP-RTVE,speaker022_0067,56,../data/LIP-RTVE/WAVs/speaker022/speaker022_0067.wav,../data/LIP-RTVE/ROIs/speaker022/speaker022_0067.npz,../data/LIP-RTVE/transcriptions/speaker022/speaker022_0067.txt,5,utf-8
3579,LIP-RTVE,speaker022_0068,81,../data/LIP-RTVE/WAVs/speaker022/speaker022_0068.wav,../data/LIP-RTVE/ROIs/speaker022/speaker022_0068.npz,../data/LIP-RTVE/transcriptions/speaker022/speaker022_0068.txt,5,utf-8
3580,LIP-RTVE,speaker022_0069,109,../data/LIP-RTVE/WAVs/speaker022/speaker022_0069.wav,../data/LIP-RTVE/ROIs/speaker022/speaker022_0069.npz,../data/LIP-RTVE/transcriptions/speaker022/speaker022_0069.txt,5,utf-8
3581,LIP-RTVE,speaker022_0070,30,../data/LIP-RTVE/WAVs/speaker022/speaker022_0070.wav,../data/LIP-RTVE/ROIs/speaker022/speaker022_0070.npz,../data/LIP-RTVE/transcriptions/speaker022/speaker022_0070.txt,5,utf-8
3582,LIP-RTVE,speaker022_0071,67,../data/LIP-RTVE/WAVs/speaker022/speaker022_0071.wav,../data/LIP-RTVE/ROIs/speaker022/speaker022_0071.npz,../data/LIP-RTVE/transcriptions/speaker022/speaker022_0071.txt,5,utf-8
3583,LIP-RTVE,speaker022_0073,57,../data/LIP-RTVE/WAVs/speaker022/speaker022_0073.wav,../data/LIP-RTVE/ROIs/speaker022/speaker022_0073.npz,../data/LIP-RTVE/transcriptions/speaker022/speaker022_0073.txt,5,utf-8
3584,LIP-RTVE,speaker022_0074,87,../data/LIP-RTVE/WAVs/speaker022/speaker022_0074.wav,../data/LIP-RTVE/ROIs/speaker022/speaker022_0074.npz,../data/LIP-RTVE/transcriptions/speaker022/speaker022_0074.txt,5,utf-8
3585,LIP-RTVE,speaker022_0076,107,../data/LIP-RTVE/WAVs/speaker022/speaker022_0076.wav,../data/LIP-RTVE/ROIs/speaker022/speaker022_0076.npz,../data/LIP-RTVE/transcriptions/speaker022/speaker022_0076.txt,5,utf-8
3586,LIP-RTVE,speaker022_0077,60,../data/LIP-RTVE/WAVs/speaker022/speaker022_0077.wav,../data/LIP-RTVE/ROIs/speaker022/speaker022_0077.npz,../data/LIP-RTVE/transcriptions/speaker022/speaker022_0077.txt,5,utf-8
3587,LIP-RTVE,speaker022_0078,124,../data/LIP-RTVE/WAVs/speaker022/speaker022_0078.wav,../data/LIP-RTVE/ROIs/speaker022/speaker022_0078.npz,../data/LIP-RTVE/transcriptions/speaker022/speaker022_0078.txt,5,utf-8
3588,LIP-RTVE,speaker022_0079,171,../data/LIP-RTVE/WAVs/speaker022/speaker022_0079.wav,../data/LIP-RTVE/ROIs/speaker022/speaker022_0079.npz,../data/LIP-RTVE/transcriptions/speaker022/speaker022_0079.txt,5,utf-8
3589,LIP-RTVE,speaker022_0080,38,../data/LIP-RTVE/WAVs/speaker022/speaker022_0080.wav,../data/LIP-RTVE/ROIs/speaker022/speaker022_0080.npz,../data/LIP-RTVE/transcriptions/speaker022/speaker022_0080.txt,5,utf-8
3590,LIP-RTVE,speaker022_0081,160,../data/LIP-RTVE/WAVs/speaker022/speaker022_0081.wav,../data/LIP-RTVE/ROIs/speaker022/speaker022_0081.npz,../data/LIP-RTVE/transcriptions/speaker022/speaker022_0081.txt,5,utf-8
3591,LIP-RTVE,speaker022_0082,52,../data/LIP-RTVE/WAVs/speaker022/speaker022_0082.wav,../data/LIP-RTVE/ROIs/speaker022/speaker022_0082.npz,../data/LIP-RTVE/transcriptions/speaker022/speaker022_0082.txt,5,utf-8
3592,LIP-RTVE,speaker022_0083,112,../data/LIP-RTVE/WAVs/speaker022/speaker022_0083.wav,../data/LIP-RTVE/ROIs/speaker022/speaker022_0083.npz,../data/LIP-RTVE/transcriptions/speaker022/speaker022_0083.txt,5,utf-8
3593,LIP-RTVE,speaker022_0084,59,../data/LIP-RTVE/WAVs/speaker022/speaker022_0084.wav,../data/LIP-RTVE/ROIs/speaker022/speaker022_0084.npz,../data/LIP-RTVE/transcriptions/speaker022/speaker022_0084.txt,5,utf-8
3594,LIP-RTVE,speaker022_0085,26,../data/LIP-RTVE/WAVs/speaker022/speaker022_0085.wav,../data/LIP-RTVE/ROIs/speaker022/speaker022_0085.npz,../data/LIP-RTVE/transcriptions/speaker022/speaker022_0085.txt,5,utf-8
3595,LIP-RTVE,speaker022_0086,37,../data/LIP-RTVE/WAVs/speaker022/speaker022_0086.wav,../data/LIP-RTVE/ROIs/speaker022/speaker022_0086.npz,../data/LIP-RTVE/transcriptions/speaker022/speaker022_0086.txt,5,utf-8
3596,LIP-RTVE,speaker022_0087,109,../data/LIP-RTVE/WAVs/speaker022/speaker022_0087.wav,../data/LIP-RTVE/ROIs/speaker022/speaker022_0087.npz,../data/LIP-RTVE/transcriptions/speaker022/speaker022_0087.txt,5,utf-8
3597,LIP-RTVE,speaker022_0089,141,../data/LIP-RTVE/WAVs/speaker022/speaker022_0089.wav,../data/LIP-RTVE/ROIs/speaker022/speaker022_0089.npz,../data/LIP-RTVE/transcriptions/speaker022/speaker022_0089.txt,5,utf-8
3598,LIP-RTVE,speaker022_0090,88,../data/LIP-RTVE/WAVs/speaker022/speaker022_0090.wav,../data/LIP-RTVE/ROIs/speaker022/speaker022_0090.npz,../data/LIP-RTVE/transcriptions/speaker022/speaker022_0090.txt,5,utf-8
3599,LIP-RTVE,speaker022_0091,63,../data/LIP-RTVE/WAVs/speaker022/speaker022_0091.wav,../data/LIP-RTVE/ROIs/speaker022/speaker022_0091.npz,../data/LIP-RTVE/transcriptions/speaker022/speaker022_0091.txt,5,utf-8
3600,LIP-RTVE,speaker022_0092,27,../data/LIP-RTVE/WAVs/speaker022/speaker022_0092.wav,../data/LIP-RTVE/ROIs/speaker022/speaker022_0092.npz,../data/LIP-RTVE/transcriptions/speaker022/speaker022_0092.txt,5,utf-8
3601,LIP-RTVE,speaker022_0093,38,../data/LIP-RTVE/WAVs/speaker022/speaker022_0093.wav,../data/LIP-RTVE/ROIs/speaker022/speaker022_0093.npz,../data/LIP-RTVE/transcriptions/speaker022/speaker022_0093.txt,5,utf-8
3602,LIP-RTVE,speaker022_0094,56,../data/LIP-RTVE/WAVs/speaker022/speaker022_0094.wav,../data/LIP-RTVE/ROIs/speaker022/speaker022_0094.npz,../data/LIP-RTVE/transcriptions/speaker022/speaker022_0094.txt,5,utf-8
3603,LIP-RTVE,speaker022_0095,27,../data/LIP-RTVE/WAVs/speaker022/speaker022_0095.wav,../data/LIP-RTVE/ROIs/speaker022/speaker022_0095.npz,../data/LIP-RTVE/transcriptions/speaker022/speaker022_0095.txt,5,utf-8
3604,LIP-RTVE,speaker022_0098,26,../data/LIP-RTVE/WAVs/speaker022/speaker022_0098.wav,../data/LIP-RTVE/ROIs/speaker022/speaker022_0098.npz,../data/LIP-RTVE/transcriptions/speaker022/speaker022_0098.txt,5,utf-8
3605,LIP-RTVE,speaker022_0099,116,../data/LIP-RTVE/WAVs/speaker022/speaker022_0099.wav,../data/LIP-RTVE/ROIs/speaker022/speaker022_0099.npz,../data/LIP-RTVE/transcriptions/speaker022/speaker022_0099.txt,5,utf-8
3606,LIP-RTVE,speaker022_0100,82,../data/LIP-RTVE/WAVs/speaker022/speaker022_0100.wav,../data/LIP-RTVE/ROIs/speaker022/speaker022_0100.npz,../data/LIP-RTVE/transcriptions/speaker022/speaker022_0100.txt,5,utf-8
3607,LIP-RTVE,speaker022_0102,109,../data/LIP-RTVE/WAVs/speaker022/speaker022_0102.wav,../data/LIP-RTVE/ROIs/speaker022/speaker022_0102.npz,../data/LIP-RTVE/transcriptions/speaker022/speaker022_0102.txt,5,utf-8
3608,LIP-RTVE,speaker022_0103,142,../data/LIP-RTVE/WAVs/speaker022/speaker022_0103.wav,../data/LIP-RTVE/ROIs/speaker022/speaker022_0103.npz,../data/LIP-RTVE/transcriptions/speaker022/speaker022_0103.txt,5,utf-8
3609,LIP-RTVE,speaker022_0104,31,../data/LIP-RTVE/WAVs/speaker022/speaker022_0104.wav,../data/LIP-RTVE/ROIs/speaker022/speaker022_0104.npz,../data/LIP-RTVE/transcriptions/speaker022/speaker022_0104.txt,5,utf-8
3610,LIP-RTVE,speaker022_0106,41,../data/LIP-RTVE/WAVs/speaker022/speaker022_0106.wav,../data/LIP-RTVE/ROIs/speaker022/speaker022_0106.npz,../data/LIP-RTVE/transcriptions/speaker022/speaker022_0106.txt,5,utf-8
3611,LIP-RTVE,speaker022_0107,29,../data/LIP-RTVE/WAVs/speaker022/speaker022_0107.wav,../data/LIP-RTVE/ROIs/speaker022/speaker022_0107.npz,../data/LIP-RTVE/transcriptions/speaker022/speaker022_0107.txt,5,utf-8
3612,LIP-RTVE,speaker022_0110,39,../data/LIP-RTVE/WAVs/speaker022/speaker022_0110.wav,../data/LIP-RTVE/ROIs/speaker022/speaker022_0110.npz,../data/LIP-RTVE/transcriptions/speaker022/speaker022_0110.txt,5,utf-8
3613,LIP-RTVE,speaker022_0111,83,../data/LIP-RTVE/WAVs/speaker022/speaker022_0111.wav,../data/LIP-RTVE/ROIs/speaker022/speaker022_0111.npz,../data/LIP-RTVE/transcriptions/speaker022/speaker022_0111.txt,5,utf-8
3614,LIP-RTVE,speaker022_0112,51,../data/LIP-RTVE/WAVs/speaker022/speaker022_0112.wav,../data/LIP-RTVE/ROIs/speaker022/speaker022_0112.npz,../data/LIP-RTVE/transcriptions/speaker022/speaker022_0112.txt,5,utf-8
3615,LIP-RTVE,speaker022_0113,54,../data/LIP-RTVE/WAVs/speaker022/speaker022_0113.wav,../data/LIP-RTVE/ROIs/speaker022/speaker022_0113.npz,../data/LIP-RTVE/transcriptions/speaker022/speaker022_0113.txt,5,utf-8
3616,LIP-RTVE,speaker022_0114,36,../data/LIP-RTVE/WAVs/speaker022/speaker022_0114.wav,../data/LIP-RTVE/ROIs/speaker022/speaker022_0114.npz,../data/LIP-RTVE/transcriptions/speaker022/speaker022_0114.txt,5,utf-8
3617,LIP-RTVE,speaker022_0116,63,../data/LIP-RTVE/WAVs/speaker022/speaker022_0116.wav,../data/LIP-RTVE/ROIs/speaker022/speaker022_0116.npz,../data/LIP-RTVE/transcriptions/speaker022/speaker022_0116.txt,5,utf-8
3618,LIP-RTVE,speaker022_0117,26,../data/LIP-RTVE/WAVs/speaker022/speaker022_0117.wav,../data/LIP-RTVE/ROIs/speaker022/speaker022_0117.npz,../data/LIP-RTVE/transcriptions/speaker022/speaker022_0117.txt,5,utf-8
3619,LIP-RTVE,speaker022_0118,64,../data/LIP-RTVE/WAVs/speaker022/speaker022_0118.wav,../data/LIP-RTVE/ROIs/speaker022/speaker022_0118.npz,../data/LIP-RTVE/transcriptions/speaker022/speaker022_0118.txt,5,utf-8
3620,LIP-RTVE,speaker022_0120,36,../data/LIP-RTVE/WAVs/speaker022/speaker022_0120.wav,../data/LIP-RTVE/ROIs/speaker022/speaker022_0120.npz,../data/LIP-RTVE/transcriptions/speaker022/speaker022_0120.txt,5,utf-8
3621,LIP-RTVE,speaker022_0121,27,../data/LIP-RTVE/WAVs/speaker022/speaker022_0121.wav,../data/LIP-RTVE/ROIs/speaker022/speaker022_0121.npz,../data/LIP-RTVE/transcriptions/speaker022/speaker022_0121.txt,5,utf-8
3622,LIP-RTVE,speaker022_0122,46,../data/LIP-RTVE/WAVs/speaker022/speaker022_0122.wav,../data/LIP-RTVE/ROIs/speaker022/speaker022_0122.npz,../data/LIP-RTVE/transcriptions/speaker022/speaker022_0122.txt,5,utf-8
3623,LIP-RTVE,speaker022_0123,78,../data/LIP-RTVE/WAVs/speaker022/speaker022_0123.wav,../data/LIP-RTVE/ROIs/speaker022/speaker022_0123.npz,../data/LIP-RTVE/transcriptions/speaker022/speaker022_0123.txt,5,utf-8
3624,LIP-RTVE,speaker022_0125,72,../data/LIP-RTVE/WAVs/speaker022/speaker022_0125.wav,../data/LIP-RTVE/ROIs/speaker022/speaker022_0125.npz,../data/LIP-RTVE/transcriptions/speaker022/speaker022_0125.txt,5,utf-8
3625,LIP-RTVE,speaker022_0128,152,../data/LIP-RTVE/WAVs/speaker022/speaker022_0128.wav,../data/LIP-RTVE/ROIs/speaker022/speaker022_0128.npz,../data/LIP-RTVE/transcriptions/speaker022/speaker022_0128.txt,5,utf-8
3626,LIP-RTVE,speaker022_0130,43,../data/LIP-RTVE/WAVs/speaker022/speaker022_0130.wav,../data/LIP-RTVE/ROIs/speaker022/speaker022_0130.npz,../data/LIP-RTVE/transcriptions/speaker022/speaker022_0130.txt,5,utf-8
3627,LIP-RTVE,speaker022_0133,47,../data/LIP-RTVE/WAVs/speaker022/speaker022_0133.wav,../data/LIP-RTVE/ROIs/speaker022/speaker022_0133.npz,../data/LIP-RTVE/transcriptions/speaker022/speaker022_0133.txt,5,utf-8
3628,LIP-RTVE,speaker022_0136,53,../data/LIP-RTVE/WAVs/speaker022/speaker022_0136.wav,../data/LIP-RTVE/ROIs/speaker022/speaker022_0136.npz,../data/LIP-RTVE/transcriptions/speaker022/speaker022_0136.txt,5,utf-8
3629,LIP-RTVE,speaker022_0137,51,../data/LIP-RTVE/WAVs/speaker022/speaker022_0137.wav,../data/LIP-RTVE/ROIs/speaker022/speaker022_0137.npz,../data/LIP-RTVE/transcriptions/speaker022/speaker022_0137.txt,5,utf-8
3630,LIP-RTVE,speaker022_0138,32,../data/LIP-RTVE/WAVs/speaker022/speaker022_0138.wav,../data/LIP-RTVE/ROIs/speaker022/speaker022_0138.npz,../data/LIP-RTVE/transcriptions/speaker022/speaker022_0138.txt,5,utf-8
3631,LIP-RTVE,speaker022_0139,63,../data/LIP-RTVE/WAVs/speaker022/speaker022_0139.wav,../data/LIP-RTVE/ROIs/speaker022/speaker022_0139.npz,../data/LIP-RTVE/transcriptions/speaker022/speaker022_0139.txt,5,utf-8
3632,LIP-RTVE,speaker022_0140,112,../data/LIP-RTVE/WAVs/speaker022/speaker022_0140.wav,../data/LIP-RTVE/ROIs/speaker022/speaker022_0140.npz,../data/LIP-RTVE/transcriptions/speaker022/speaker022_0140.txt,5,utf-8
3633,LIP-RTVE,speaker022_0141,49,../data/LIP-RTVE/WAVs/speaker022/speaker022_0141.wav,../data/LIP-RTVE/ROIs/speaker022/speaker022_0141.npz,../data/LIP-RTVE/transcriptions/speaker022/speaker022_0141.txt,5,utf-8
3634,LIP-RTVE,speaker022_0142,83,../data/LIP-RTVE/WAVs/speaker022/speaker022_0142.wav,../data/LIP-RTVE/ROIs/speaker022/speaker022_0142.npz,../data/LIP-RTVE/transcriptions/speaker022/speaker022_0142.txt,5,utf-8
3635,LIP-RTVE,speaker022_0144,88,../data/LIP-RTVE/WAVs/speaker022/speaker022_0144.wav,../data/LIP-RTVE/ROIs/speaker022/speaker022_0144.npz,../data/LIP-RTVE/transcriptions/speaker022/speaker022_0144.txt,5,utf-8
3636,LIP-RTVE,speaker022_0145,134,../data/LIP-RTVE/WAVs/speaker022/speaker022_0145.wav,../data/LIP-RTVE/ROIs/speaker022/speaker022_0145.npz,../data/LIP-RTVE/transcriptions/speaker022/speaker022_0145.txt,5,utf-8
3637,LIP-RTVE,speaker022_0146,110,../data/LIP-RTVE/WAVs/speaker022/speaker022_0146.wav,../data/LIP-RTVE/ROIs/speaker022/speaker022_0146.npz,../data/LIP-RTVE/transcriptions/speaker022/speaker022_0146.txt,5,utf-8
3638,LIP-RTVE,speaker022_0147,117,../data/LIP-RTVE/WAVs/speaker022/speaker022_0147.wav,../data/LIP-RTVE/ROIs/speaker022/speaker022_0147.npz,../data/LIP-RTVE/transcriptions/speaker022/speaker022_0147.txt,5,utf-8
3639,LIP-RTVE,speaker022_0150,113,../data/LIP-RTVE/WAVs/speaker022/speaker022_0150.wav,../data/LIP-RTVE/ROIs/speaker022/speaker022_0150.npz,../data/LIP-RTVE/transcriptions/speaker022/speaker022_0150.txt,5,utf-8
3640,LIP-RTVE,speaker022_0151,45,../data/LIP-RTVE/WAVs/speaker022/speaker022_0151.wav,../data/LIP-RTVE/ROIs/speaker022/speaker022_0151.npz,../data/LIP-RTVE/transcriptions/speaker022/speaker022_0151.txt,5,utf-8
3641,LIP-RTVE,speaker022_0152,68,../data/LIP-RTVE/WAVs/speaker022/speaker022_0152.wav,../data/LIP-RTVE/ROIs/speaker022/speaker022_0152.npz,../data/LIP-RTVE/transcriptions/speaker022/speaker022_0152.txt,5,utf-8
3642,LIP-RTVE,speaker022_0153,197,../data/LIP-RTVE/WAVs/speaker022/speaker022_0153.wav,../data/LIP-RTVE/ROIs/speaker022/speaker022_0153.npz,../data/LIP-RTVE/transcriptions/speaker022/speaker022_0153.txt,5,utf-8
3643,LIP-RTVE,speaker022_0154,53,../data/LIP-RTVE/WAVs/speaker022/speaker022_0154.wav,../data/LIP-RTVE/ROIs/speaker022/speaker022_0154.npz,../data/LIP-RTVE/transcriptions/speaker022/speaker022_0154.txt,5,utf-8
3644,LIP-RTVE,speaker022_0155,101,../data/LIP-RTVE/WAVs/speaker022/speaker022_0155.wav,../data/LIP-RTVE/ROIs/speaker022/speaker022_0155.npz,../data/LIP-RTVE/transcriptions/speaker022/speaker022_0155.txt,5,utf-8
3645,LIP-RTVE,speaker022_0157,192,../data/LIP-RTVE/WAVs/speaker022/speaker022_0157.wav,../data/LIP-RTVE/ROIs/speaker022/speaker022_0157.npz,../data/LIP-RTVE/transcriptions/speaker022/speaker022_0157.txt,5,utf-8
3646,LIP-RTVE,speaker022_0158,88,../data/LIP-RTVE/WAVs/speaker022/speaker022_0158.wav,../data/LIP-RTVE/ROIs/speaker022/speaker022_0158.npz,../data/LIP-RTVE/transcriptions/speaker022/speaker022_0158.txt,5,utf-8
3647,LIP-RTVE,speaker022_0160,132,../data/LIP-RTVE/WAVs/speaker022/speaker022_0160.wav,../data/LIP-RTVE/ROIs/speaker022/speaker022_0160.npz,../data/LIP-RTVE/transcriptions/speaker022/speaker022_0160.txt,5,utf-8
3648,LIP-RTVE,speaker022_0163,54,../data/LIP-RTVE/WAVs/speaker022/speaker022_0163.wav,../data/LIP-RTVE/ROIs/speaker022/speaker022_0163.npz,../data/LIP-RTVE/transcriptions/speaker022/speaker022_0163.txt,5,utf-8
3649,LIP-RTVE,speaker022_0164,160,../data/LIP-RTVE/WAVs/speaker022/speaker022_0164.wav,../data/LIP-RTVE/ROIs/speaker022/speaker022_0164.npz,../data/LIP-RTVE/transcriptions/speaker022/speaker022_0164.txt,5,utf-8
3650,LIP-RTVE,speaker022_0165,62,../data/LIP-RTVE/WAVs/speaker022/speaker022_0165.wav,../data/LIP-RTVE/ROIs/speaker022/speaker022_0165.npz,../data/LIP-RTVE/transcriptions/speaker022/speaker022_0165.txt,5,utf-8
3651,LIP-RTVE,speaker022_0166,170,../data/LIP-RTVE/WAVs/speaker022/speaker022_0166.wav,../data/LIP-RTVE/ROIs/speaker022/speaker022_0166.npz,../data/LIP-RTVE/transcriptions/speaker022/speaker022_0166.txt,5,utf-8
3652,LIP-RTVE,speaker022_0167,98,../data/LIP-RTVE/WAVs/speaker022/speaker022_0167.wav,../data/LIP-RTVE/ROIs/speaker022/speaker022_0167.npz,../data/LIP-RTVE/transcriptions/speaker022/speaker022_0167.txt,5,utf-8
3653,LIP-RTVE,speaker022_0168,71,../data/LIP-RTVE/WAVs/speaker022/speaker022_0168.wav,../data/LIP-RTVE/ROIs/speaker022/speaker022_0168.npz,../data/LIP-RTVE/transcriptions/speaker022/speaker022_0168.txt,5,utf-8
3654,LIP-RTVE,speaker022_0170,122,../data/LIP-RTVE/WAVs/speaker022/speaker022_0170.wav,../data/LIP-RTVE/ROIs/speaker022/speaker022_0170.npz,../data/LIP-RTVE/transcriptions/speaker022/speaker022_0170.txt,5,utf-8
3655,LIP-RTVE,speaker022_0171,75,../data/LIP-RTVE/WAVs/speaker022/speaker022_0171.wav,../data/LIP-RTVE/ROIs/speaker022/speaker022_0171.npz,../data/LIP-RTVE/transcriptions/speaker022/speaker022_0171.txt,5,utf-8
3656,LIP-RTVE,speaker022_0172,188,../data/LIP-RTVE/WAVs/speaker022/speaker022_0172.wav,../data/LIP-RTVE/ROIs/speaker022/speaker022_0172.npz,../data/LIP-RTVE/transcriptions/speaker022/speaker022_0172.txt,5,utf-8
3657,LIP-RTVE,speaker022_0176,219,../data/LIP-RTVE/WAVs/speaker022/speaker022_0176.wav,../data/LIP-RTVE/ROIs/speaker022/speaker022_0176.npz,../data/LIP-RTVE/transcriptions/speaker022/speaker022_0176.txt,5,utf-8
3658,LIP-RTVE,speaker022_0179,140,../data/LIP-RTVE/WAVs/speaker022/speaker022_0179.wav,../data/LIP-RTVE/ROIs/speaker022/speaker022_0179.npz,../data/LIP-RTVE/transcriptions/speaker022/speaker022_0179.txt,5,utf-8
3659,LIP-RTVE,speaker022_0180,76,../data/LIP-RTVE/WAVs/speaker022/speaker022_0180.wav,../data/LIP-RTVE/ROIs/speaker022/speaker022_0180.npz,../data/LIP-RTVE/transcriptions/speaker022/speaker022_0180.txt,5,utf-8
3660,LIP-RTVE,speaker022_0184,46,../data/LIP-RTVE/WAVs/speaker022/speaker022_0184.wav,../data/LIP-RTVE/ROIs/speaker022/speaker022_0184.npz,../data/LIP-RTVE/transcriptions/speaker022/speaker022_0184.txt,5,utf-8
3661,LIP-RTVE,speaker022_0185,139,../data/LIP-RTVE/WAVs/speaker022/speaker022_0185.wav,../data/LIP-RTVE/ROIs/speaker022/speaker022_0185.npz,../data/LIP-RTVE/transcriptions/speaker022/speaker022_0185.txt,5,utf-8
3662,LIP-RTVE,speaker022_0186,95,../data/LIP-RTVE/WAVs/speaker022/speaker022_0186.wav,../data/LIP-RTVE/ROIs/speaker022/speaker022_0186.npz,../data/LIP-RTVE/transcriptions/speaker022/speaker022_0186.txt,5,utf-8
3663,LIP-RTVE,speaker022_0187,71,../data/LIP-RTVE/WAVs/speaker022/speaker022_0187.wav,../data/LIP-RTVE/ROIs/speaker022/speaker022_0187.npz,../data/LIP-RTVE/transcriptions/speaker022/speaker022_0187.txt,5,utf-8
3664,LIP-RTVE,speaker022_0188,184,../data/LIP-RTVE/WAVs/speaker022/speaker022_0188.wav,../data/LIP-RTVE/ROIs/speaker022/speaker022_0188.npz,../data/LIP-RTVE/transcriptions/speaker022/speaker022_0188.txt,5,utf-8
3665,LIP-RTVE,speaker022_0189,113,../data/LIP-RTVE/WAVs/speaker022/speaker022_0189.wav,../data/LIP-RTVE/ROIs/speaker022/speaker022_0189.npz,../data/LIP-RTVE/transcriptions/speaker022/speaker022_0189.txt,5,utf-8
3666,LIP-RTVE,speaker022_0190,86,../data/LIP-RTVE/WAVs/speaker022/speaker022_0190.wav,../data/LIP-RTVE/ROIs/speaker022/speaker022_0190.npz,../data/LIP-RTVE/transcriptions/speaker022/speaker022_0190.txt,5,utf-8
3667,LIP-RTVE,speaker022_0191,44,../data/LIP-RTVE/WAVs/speaker022/speaker022_0191.wav,../data/LIP-RTVE/ROIs/speaker022/speaker022_0191.npz,../data/LIP-RTVE/transcriptions/speaker022/speaker022_0191.txt,5,utf-8
3668,LIP-RTVE,speaker022_0192,42,../data/LIP-RTVE/WAVs/speaker022/speaker022_0192.wav,../data/LIP-RTVE/ROIs/speaker022/speaker022_0192.npz,../data/LIP-RTVE/transcriptions/speaker022/speaker022_0192.txt,5,utf-8
3669,LIP-RTVE,speaker022_0193,26,../data/LIP-RTVE/WAVs/speaker022/speaker022_0193.wav,../data/LIP-RTVE/ROIs/speaker022/speaker022_0193.npz,../data/LIP-RTVE/transcriptions/speaker022/speaker022_0193.txt,5,utf-8
3670,LIP-RTVE,speaker022_0194,208,../data/LIP-RTVE/WAVs/speaker022/speaker022_0194.wav,../data/LIP-RTVE/ROIs/speaker022/speaker022_0194.npz,../data/LIP-RTVE/transcriptions/speaker022/speaker022_0194.txt,5,utf-8
3671,LIP-RTVE,speaker022_0195,88,../data/LIP-RTVE/WAVs/speaker022/speaker022_0195.wav,../data/LIP-RTVE/ROIs/speaker022/speaker022_0195.npz,../data/LIP-RTVE/transcriptions/speaker022/speaker022_0195.txt,5,utf-8
3672,LIP-RTVE,speaker022_0199,191,../data/LIP-RTVE/WAVs/speaker022/speaker022_0199.wav,../data/LIP-RTVE/ROIs/speaker022/speaker022_0199.npz,../data/LIP-RTVE/transcriptions/speaker022/speaker022_0199.txt,5,utf-8
3673,LIP-RTVE,speaker022_0202,144,../data/LIP-RTVE/WAVs/speaker022/speaker022_0202.wav,../data/LIP-RTVE/ROIs/speaker022/speaker022_0202.npz,../data/LIP-RTVE/transcriptions/speaker022/speaker022_0202.txt,5,utf-8
3674,LIP-RTVE,speaker022_0203,76,../data/LIP-RTVE/WAVs/speaker022/speaker022_0203.wav,../data/LIP-RTVE/ROIs/speaker022/speaker022_0203.npz,../data/LIP-RTVE/transcriptions/speaker022/speaker022_0203.txt,5,utf-8
3675,LIP-RTVE,speaker022_0204,227,../data/LIP-RTVE/WAVs/speaker022/speaker022_0204.wav,../data/LIP-RTVE/ROIs/speaker022/speaker022_0204.npz,../data/LIP-RTVE/transcriptions/speaker022/speaker022_0204.txt,5,utf-8
3676,LIP-RTVE,speaker022_0206,129,../data/LIP-RTVE/WAVs/speaker022/speaker022_0206.wav,../data/LIP-RTVE/ROIs/speaker022/speaker022_0206.npz,../data/LIP-RTVE/transcriptions/speaker022/speaker022_0206.txt,5,utf-8
3677,LIP-RTVE,speaker022_0207,254,../data/LIP-RTVE/WAVs/speaker022/speaker022_0207.wav,../data/LIP-RTVE/ROIs/speaker022/speaker022_0207.npz,../data/LIP-RTVE/transcriptions/speaker022/speaker022_0207.txt,5,utf-8
3678,LIP-RTVE,speaker022_0208,141,../data/LIP-RTVE/WAVs/speaker022/speaker022_0208.wav,../data/LIP-RTVE/ROIs/speaker022/speaker022_0208.npz,../data/LIP-RTVE/transcriptions/speaker022/speaker022_0208.txt,5,utf-8
3679,LIP-RTVE,speaker022_0209,230,../data/LIP-RTVE/WAVs/speaker022/speaker022_0209.wav,../data/LIP-RTVE/ROIs/speaker022/speaker022_0209.npz,../data/LIP-RTVE/transcriptions/speaker022/speaker022_0209.txt,5,utf-8
3680,LIP-RTVE,speaker022_0210,263,../data/LIP-RTVE/WAVs/speaker022/speaker022_0210.wav,../data/LIP-RTVE/ROIs/speaker022/speaker022_0210.npz,../data/LIP-RTVE/transcriptions/speaker022/speaker022_0210.txt,5,utf-8
3681,LIP-RTVE,speaker022_0211,69,../data/LIP-RTVE/WAVs/speaker022/speaker022_0211.wav,../data/LIP-RTVE/ROIs/speaker022/speaker022_0211.npz,../data/LIP-RTVE/transcriptions/speaker022/speaker022_0211.txt,5,utf-8
3682,LIP-RTVE,speaker022_0212,192,../data/LIP-RTVE/WAVs/speaker022/speaker022_0212.wav,../data/LIP-RTVE/ROIs/speaker022/speaker022_0212.npz,../data/LIP-RTVE/transcriptions/speaker022/speaker022_0212.txt,5,utf-8
3683,LIP-RTVE,speaker022_0213,28,../data/LIP-RTVE/WAVs/speaker022/speaker022_0213.wav,../data/LIP-RTVE/ROIs/speaker022/speaker022_0213.npz,../data/LIP-RTVE/transcriptions/speaker022/speaker022_0213.txt,5,utf-8
3684,LIP-RTVE,speaker022_0214,137,../data/LIP-RTVE/WAVs/speaker022/speaker022_0214.wav,../data/LIP-RTVE/ROIs/speaker022/speaker022_0214.npz,../data/LIP-RTVE/transcriptions/speaker022/speaker022_0214.txt,5,utf-8
3685,LIP-RTVE,speaker022_0216,165,../data/LIP-RTVE/WAVs/speaker022/speaker022_0216.wav,../data/LIP-RTVE/ROIs/speaker022/speaker022_0216.npz,../data/LIP-RTVE/transcriptions/speaker022/speaker022_0216.txt,5,utf-8
3686,LIP-RTVE,speaker022_0218,115,../data/LIP-RTVE/WAVs/speaker022/speaker022_0218.wav,../data/LIP-RTVE/ROIs/speaker022/speaker022_0218.npz,../data/LIP-RTVE/transcriptions/speaker022/speaker022_0218.txt,5,utf-8
3687,LIP-RTVE,speaker022_0219,243,../data/LIP-RTVE/WAVs/speaker022/speaker022_0219.wav,../data/LIP-RTVE/ROIs/speaker022/speaker022_0219.npz,../data/LIP-RTVE/transcriptions/speaker022/speaker022_0219.txt,5,utf-8
3688,LIP-RTVE,speaker022_0222,220,../data/LIP-RTVE/WAVs/speaker022/speaker022_0222.wav,../data/LIP-RTVE/ROIs/speaker022/speaker022_0222.npz,../data/LIP-RTVE/transcriptions/speaker022/speaker022_0222.txt,5,utf-8
3689,LIP-RTVE,speaker022_0224,270,../data/LIP-RTVE/WAVs/speaker022/speaker022_0224.wav,../data/LIP-RTVE/ROIs/speaker022/speaker022_0224.npz,../data/LIP-RTVE/transcriptions/speaker022/speaker022_0224.txt,5,utf-8
3690,LIP-RTVE,speaker022_0225,130,../data/LIP-RTVE/WAVs/speaker022/speaker022_0225.wav,../data/LIP-RTVE/ROIs/speaker022/speaker022_0225.npz,../data/LIP-RTVE/transcriptions/speaker022/speaker022_0225.txt,5,utf-8
3691,LIP-RTVE,speaker022_0226,126,../data/LIP-RTVE/WAVs/speaker022/speaker022_0226.wav,../data/LIP-RTVE/ROIs/speaker022/speaker022_0226.npz,../data/LIP-RTVE/transcriptions/speaker022/speaker022_0226.txt,5,utf-8
3692,LIP-RTVE,speaker022_0228,82,../data/LIP-RTVE/WAVs/speaker022/speaker022_0228.wav,../data/LIP-RTVE/ROIs/speaker022/speaker022_0228.npz,../data/LIP-RTVE/transcriptions/speaker022/speaker022_0228.txt,5,utf-8
3693,LIP-RTVE,speaker022_0230,170,../data/LIP-RTVE/WAVs/speaker022/speaker022_0230.wav,../data/LIP-RTVE/ROIs/speaker022/speaker022_0230.npz,../data/LIP-RTVE/transcriptions/speaker022/speaker022_0230.txt,5,utf-8
3694,LIP-RTVE,speaker022_0231,77,../data/LIP-RTVE/WAVs/speaker022/speaker022_0231.wav,../data/LIP-RTVE/ROIs/speaker022/speaker022_0231.npz,../data/LIP-RTVE/transcriptions/speaker022/speaker022_0231.txt,5,utf-8
3695,LIP-RTVE,speaker022_0233,66,../data/LIP-RTVE/WAVs/speaker022/speaker022_0233.wav,../data/LIP-RTVE/ROIs/speaker022/speaker022_0233.npz,../data/LIP-RTVE/transcriptions/speaker022/speaker022_0233.txt,5,utf-8
3696,LIP-RTVE,speaker022_0234,162,../data/LIP-RTVE/WAVs/speaker022/speaker022_0234.wav,../data/LIP-RTVE/ROIs/speaker022/speaker022_0234.npz,../data/LIP-RTVE/transcriptions/speaker022/speaker022_0234.txt,5,utf-8
3697,LIP-RTVE,speaker022_0236,104,../data/LIP-RTVE/WAVs/speaker022/speaker022_0236.wav,../data/LIP-RTVE/ROIs/speaker022/speaker022_0236.npz,../data/LIP-RTVE/transcriptions/speaker022/speaker022_0236.txt,5,utf-8
3698,LIP-RTVE,speaker023_0000,47,../data/LIP-RTVE/WAVs/speaker023/speaker023_0000.wav,../data/LIP-RTVE/ROIs/speaker023/speaker023_0000.npz,../data/LIP-RTVE/transcriptions/speaker023/speaker023_0000.txt,5,utf-8
3699,LIP-RTVE,speaker023_0001,183,../data/LIP-RTVE/WAVs/speaker023/speaker023_0001.wav,../data/LIP-RTVE/ROIs/speaker023/speaker023_0001.npz,../data/LIP-RTVE/transcriptions/speaker023/speaker023_0001.txt,5,utf-8
3700,LIP-RTVE,speaker023_0002,116,../data/LIP-RTVE/WAVs/speaker023/speaker023_0002.wav,../data/LIP-RTVE/ROIs/speaker023/speaker023_0002.npz,../data/LIP-RTVE/transcriptions/speaker023/speaker023_0002.txt,5,utf-8
3701,LIP-RTVE,speaker023_0003,69,../data/LIP-RTVE/WAVs/speaker023/speaker023_0003.wav,../data/LIP-RTVE/ROIs/speaker023/speaker023_0003.npz,../data/LIP-RTVE/transcriptions/speaker023/speaker023_0003.txt,5,utf-8
3702,LIP-RTVE,speaker023_0004,89,../data/LIP-RTVE/WAVs/speaker023/speaker023_0004.wav,../data/LIP-RTVE/ROIs/speaker023/speaker023_0004.npz,../data/LIP-RTVE/transcriptions/speaker023/speaker023_0004.txt,5,utf-8
3703,LIP-RTVE,speaker023_0006,130,../data/LIP-RTVE/WAVs/speaker023/speaker023_0006.wav,../data/LIP-RTVE/ROIs/speaker023/speaker023_0006.npz,../data/LIP-RTVE/transcriptions/speaker023/speaker023_0006.txt,5,utf-8
3704,LIP-RTVE,speaker023_0007,169,../data/LIP-RTVE/WAVs/speaker023/speaker023_0007.wav,../data/LIP-RTVE/ROIs/speaker023/speaker023_0007.npz,../data/LIP-RTVE/transcriptions/speaker023/speaker023_0007.txt,5,utf-8
3705,LIP-RTVE,speaker023_0008,43,../data/LIP-RTVE/WAVs/speaker023/speaker023_0008.wav,../data/LIP-RTVE/ROIs/speaker023/speaker023_0008.npz,../data/LIP-RTVE/transcriptions/speaker023/speaker023_0008.txt,5,utf-8
3706,LIP-RTVE,speaker023_0012,99,../data/LIP-RTVE/WAVs/speaker023/speaker023_0012.wav,../data/LIP-RTVE/ROIs/speaker023/speaker023_0012.npz,../data/LIP-RTVE/transcriptions/speaker023/speaker023_0012.txt,5,utf-8
3707,LIP-RTVE,speaker023_0013,273,../data/LIP-RTVE/WAVs/speaker023/speaker023_0013.wav,../data/LIP-RTVE/ROIs/speaker023/speaker023_0013.npz,../data/LIP-RTVE/transcriptions/speaker023/speaker023_0013.txt,5,utf-8
3708,LIP-RTVE,speaker023_0014,44,../data/LIP-RTVE/WAVs/speaker023/speaker023_0014.wav,../data/LIP-RTVE/ROIs/speaker023/speaker023_0014.npz,../data/LIP-RTVE/transcriptions/speaker023/speaker023_0014.txt,5,utf-8
3709,LIP-RTVE,speaker023_0015,72,../data/LIP-RTVE/WAVs/speaker023/speaker023_0015.wav,../data/LIP-RTVE/ROIs/speaker023/speaker023_0015.npz,../data/LIP-RTVE/transcriptions/speaker023/speaker023_0015.txt,5,utf-8
3710,LIP-RTVE,speaker023_0016,32,../data/LIP-RTVE/WAVs/speaker023/speaker023_0016.wav,../data/LIP-RTVE/ROIs/speaker023/speaker023_0016.npz,../data/LIP-RTVE/transcriptions/speaker023/speaker023_0016.txt,5,utf-8
3711,LIP-RTVE,speaker023_0017,145,../data/LIP-RTVE/WAVs/speaker023/speaker023_0017.wav,../data/LIP-RTVE/ROIs/speaker023/speaker023_0017.npz,../data/LIP-RTVE/transcriptions/speaker023/speaker023_0017.txt,5,utf-8
3712,LIP-RTVE,speaker023_0018,109,../data/LIP-RTVE/WAVs/speaker023/speaker023_0018.wav,../data/LIP-RTVE/ROIs/speaker023/speaker023_0018.npz,../data/LIP-RTVE/transcriptions/speaker023/speaker023_0018.txt,5,utf-8
3713,LIP-RTVE,speaker023_0019,40,../data/LIP-RTVE/WAVs/speaker023/speaker023_0019.wav,../data/LIP-RTVE/ROIs/speaker023/speaker023_0019.npz,../data/LIP-RTVE/transcriptions/speaker023/speaker023_0019.txt,5,utf-8
3714,LIP-RTVE,speaker023_0021,96,../data/LIP-RTVE/WAVs/speaker023/speaker023_0021.wav,../data/LIP-RTVE/ROIs/speaker023/speaker023_0021.npz,../data/LIP-RTVE/transcriptions/speaker023/speaker023_0021.txt,5,utf-8
3715,LIP-RTVE,speaker023_0022,69,../data/LIP-RTVE/WAVs/speaker023/speaker023_0022.wav,../data/LIP-RTVE/ROIs/speaker023/speaker023_0022.npz,../data/LIP-RTVE/transcriptions/speaker023/speaker023_0022.txt,5,utf-8
3716,LIP-RTVE,speaker023_0024,41,../data/LIP-RTVE/WAVs/speaker023/speaker023_0024.wav,../data/LIP-RTVE/ROIs/speaker023/speaker023_0024.npz,../data/LIP-RTVE/transcriptions/speaker023/speaker023_0024.txt,5,utf-8
3717,LIP-RTVE,speaker023_0025,56,../data/LIP-RTVE/WAVs/speaker023/speaker023_0025.wav,../data/LIP-RTVE/ROIs/speaker023/speaker023_0025.npz,../data/LIP-RTVE/transcriptions/speaker023/speaker023_0025.txt,5,utf-8
3718,LIP-RTVE,speaker023_0026,108,../data/LIP-RTVE/WAVs/speaker023/speaker023_0026.wav,../data/LIP-RTVE/ROIs/speaker023/speaker023_0026.npz,../data/LIP-RTVE/transcriptions/speaker023/speaker023_0026.txt,5,utf-8
3719,LIP-RTVE,speaker023_0027,134,../data/LIP-RTVE/WAVs/speaker023/speaker023_0027.wav,../data/LIP-RTVE/ROIs/speaker023/speaker023_0027.npz,../data/LIP-RTVE/transcriptions/speaker023/speaker023_0027.txt,5,utf-8
3720,LIP-RTVE,speaker023_0028,30,../data/LIP-RTVE/WAVs/speaker023/speaker023_0028.wav,../data/LIP-RTVE/ROIs/speaker023/speaker023_0028.npz,../data/LIP-RTVE/transcriptions/speaker023/speaker023_0028.txt,5,utf-8
3721,LIP-RTVE,speaker023_0030,82,../data/LIP-RTVE/WAVs/speaker023/speaker023_0030.wav,../data/LIP-RTVE/ROIs/speaker023/speaker023_0030.npz,../data/LIP-RTVE/transcriptions/speaker023/speaker023_0030.txt,5,utf-8
3722,LIP-RTVE,speaker023_0031,41,../data/LIP-RTVE/WAVs/speaker023/speaker023_0031.wav,../data/LIP-RTVE/ROIs/speaker023/speaker023_0031.npz,../data/LIP-RTVE/transcriptions/speaker023/speaker023_0031.txt,5,utf-8
3723,LIP-RTVE,speaker023_0032,59,../data/LIP-RTVE/WAVs/speaker023/speaker023_0032.wav,../data/LIP-RTVE/ROIs/speaker023/speaker023_0032.npz,../data/LIP-RTVE/transcriptions/speaker023/speaker023_0032.txt,5,utf-8
3724,LIP-RTVE,speaker023_0033,95,../data/LIP-RTVE/WAVs/speaker023/speaker023_0033.wav,../data/LIP-RTVE/ROIs/speaker023/speaker023_0033.npz,../data/LIP-RTVE/transcriptions/speaker023/speaker023_0033.txt,5,utf-8
3725,LIP-RTVE,speaker023_0034,42,../data/LIP-RTVE/WAVs/speaker023/speaker023_0034.wav,../data/LIP-RTVE/ROIs/speaker023/speaker023_0034.npz,../data/LIP-RTVE/transcriptions/speaker023/speaker023_0034.txt,5,utf-8
3726,LIP-RTVE,speaker023_0035,27,../data/LIP-RTVE/WAVs/speaker023/speaker023_0035.wav,../data/LIP-RTVE/ROIs/speaker023/speaker023_0035.npz,../data/LIP-RTVE/transcriptions/speaker023/speaker023_0035.txt,5,utf-8
3727,LIP-RTVE,speaker023_0037,36,../data/LIP-RTVE/WAVs/speaker023/speaker023_0037.wav,../data/LIP-RTVE/ROIs/speaker023/speaker023_0037.npz,../data/LIP-RTVE/transcriptions/speaker023/speaker023_0037.txt,5,utf-8
3728,LIP-RTVE,speaker023_0039,57,../data/LIP-RTVE/WAVs/speaker023/speaker023_0039.wav,../data/LIP-RTVE/ROIs/speaker023/speaker023_0039.npz,../data/LIP-RTVE/transcriptions/speaker023/speaker023_0039.txt,5,utf-8
3729,LIP-RTVE,speaker023_0043,283,../data/LIP-RTVE/WAVs/speaker023/speaker023_0043.wav,../data/LIP-RTVE/ROIs/speaker023/speaker023_0043.npz,../data/LIP-RTVE/transcriptions/speaker023/speaker023_0043.txt,5,utf-8
3730,LIP-RTVE,speaker023_0044,126,../data/LIP-RTVE/WAVs/speaker023/speaker023_0044.wav,../data/LIP-RTVE/ROIs/speaker023/speaker023_0044.npz,../data/LIP-RTVE/transcriptions/speaker023/speaker023_0044.txt,5,utf-8
3731,LIP-RTVE,speaker023_0045,75,../data/LIP-RTVE/WAVs/speaker023/speaker023_0045.wav,../data/LIP-RTVE/ROIs/speaker023/speaker023_0045.npz,../data/LIP-RTVE/transcriptions/speaker023/speaker023_0045.txt,5,utf-8
3732,LIP-RTVE,speaker023_0046,41,../data/LIP-RTVE/WAVs/speaker023/speaker023_0046.wav,../data/LIP-RTVE/ROIs/speaker023/speaker023_0046.npz,../data/LIP-RTVE/transcriptions/speaker023/speaker023_0046.txt,5,utf-8
3733,LIP-RTVE,speaker023_0048,96,../data/LIP-RTVE/WAVs/speaker023/speaker023_0048.wav,../data/LIP-RTVE/ROIs/speaker023/speaker023_0048.npz,../data/LIP-RTVE/transcriptions/speaker023/speaker023_0048.txt,5,utf-8
3734,LIP-RTVE,speaker023_0049,207,../data/LIP-RTVE/WAVs/speaker023/speaker023_0049.wav,../data/LIP-RTVE/ROIs/speaker023/speaker023_0049.npz,../data/LIP-RTVE/transcriptions/speaker023/speaker023_0049.txt,5,utf-8
3735,LIP-RTVE,speaker023_0050,80,../data/LIP-RTVE/WAVs/speaker023/speaker023_0050.wav,../data/LIP-RTVE/ROIs/speaker023/speaker023_0050.npz,../data/LIP-RTVE/transcriptions/speaker023/speaker023_0050.txt,5,utf-8
3736,LIP-RTVE,speaker023_0053,92,../data/LIP-RTVE/WAVs/speaker023/speaker023_0053.wav,../data/LIP-RTVE/ROIs/speaker023/speaker023_0053.npz,../data/LIP-RTVE/transcriptions/speaker023/speaker023_0053.txt,5,utf-8
3737,LIP-RTVE,speaker023_0054,197,../data/LIP-RTVE/WAVs/speaker023/speaker023_0054.wav,../data/LIP-RTVE/ROIs/speaker023/speaker023_0054.npz,../data/LIP-RTVE/transcriptions/speaker023/speaker023_0054.txt,5,utf-8
3738,LIP-RTVE,speaker023_0055,222,../data/LIP-RTVE/WAVs/speaker023/speaker023_0055.wav,../data/LIP-RTVE/ROIs/speaker023/speaker023_0055.npz,../data/LIP-RTVE/transcriptions/speaker023/speaker023_0055.txt,5,utf-8
3739,LIP-RTVE,speaker023_0056,187,../data/LIP-RTVE/WAVs/speaker023/speaker023_0056.wav,../data/LIP-RTVE/ROIs/speaker023/speaker023_0056.npz,../data/LIP-RTVE/transcriptions/speaker023/speaker023_0056.txt,5,utf-8
3740,LIP-RTVE,speaker023_0058,108,../data/LIP-RTVE/WAVs/speaker023/speaker023_0058.wav,../data/LIP-RTVE/ROIs/speaker023/speaker023_0058.npz,../data/LIP-RTVE/transcriptions/speaker023/speaker023_0058.txt,5,utf-8
3741,LIP-RTVE,speaker023_0060,50,../data/LIP-RTVE/WAVs/speaker023/speaker023_0060.wav,../data/LIP-RTVE/ROIs/speaker023/speaker023_0060.npz,../data/LIP-RTVE/transcriptions/speaker023/speaker023_0060.txt,5,utf-8
3742,LIP-RTVE,speaker023_0074,228,../data/LIP-RTVE/WAVs/speaker023/speaker023_0074.wav,../data/LIP-RTVE/ROIs/speaker023/speaker023_0074.npz,../data/LIP-RTVE/transcriptions/speaker023/speaker023_0074.txt,5,utf-8
3743,LIP-RTVE,speaker023_0075,86,../data/LIP-RTVE/WAVs/speaker023/speaker023_0075.wav,../data/LIP-RTVE/ROIs/speaker023/speaker023_0075.npz,../data/LIP-RTVE/transcriptions/speaker023/speaker023_0075.txt,5,utf-8
3744,LIP-RTVE,speaker023_0076,202,../data/LIP-RTVE/WAVs/speaker023/speaker023_0076.wav,../data/LIP-RTVE/ROIs/speaker023/speaker023_0076.npz,../data/LIP-RTVE/transcriptions/speaker023/speaker023_0076.txt,5,utf-8
3745,LIP-RTVE,speaker023_0077,119,../data/LIP-RTVE/WAVs/speaker023/speaker023_0077.wav,../data/LIP-RTVE/ROIs/speaker023/speaker023_0077.npz,../data/LIP-RTVE/transcriptions/speaker023/speaker023_0077.txt,5,utf-8
3746,LIP-RTVE,speaker023_0078,81,../data/LIP-RTVE/WAVs/speaker023/speaker023_0078.wav,../data/LIP-RTVE/ROIs/speaker023/speaker023_0078.npz,../data/LIP-RTVE/transcriptions/speaker023/speaker023_0078.txt,5,utf-8
3747,LIP-RTVE,speaker023_0079,82,../data/LIP-RTVE/WAVs/speaker023/speaker023_0079.wav,../data/LIP-RTVE/ROIs/speaker023/speaker023_0079.npz,../data/LIP-RTVE/transcriptions/speaker023/speaker023_0079.txt,5,utf-8
3748,LIP-RTVE,speaker023_0080,168,../data/LIP-RTVE/WAVs/speaker023/speaker023_0080.wav,../data/LIP-RTVE/ROIs/speaker023/speaker023_0080.npz,../data/LIP-RTVE/transcriptions/speaker023/speaker023_0080.txt,5,utf-8
3749,LIP-RTVE,speaker023_0082,208,../data/LIP-RTVE/WAVs/speaker023/speaker023_0082.wav,../data/LIP-RTVE/ROIs/speaker023/speaker023_0082.npz,../data/LIP-RTVE/transcriptions/speaker023/speaker023_0082.txt,5,utf-8
3750,LIP-RTVE,speaker023_0083,118,../data/LIP-RTVE/WAVs/speaker023/speaker023_0083.wav,../data/LIP-RTVE/ROIs/speaker023/speaker023_0083.npz,../data/LIP-RTVE/transcriptions/speaker023/speaker023_0083.txt,5,utf-8
3751,LIP-RTVE,speaker023_0084,237,../data/LIP-RTVE/WAVs/speaker023/speaker023_0084.wav,../data/LIP-RTVE/ROIs/speaker023/speaker023_0084.npz,../data/LIP-RTVE/transcriptions/speaker023/speaker023_0084.txt,5,utf-8
3752,LIP-RTVE,speaker023_0088,270,../data/LIP-RTVE/WAVs/speaker023/speaker023_0088.wav,../data/LIP-RTVE/ROIs/speaker023/speaker023_0088.npz,../data/LIP-RTVE/transcriptions/speaker023/speaker023_0088.txt,5,utf-8
3753,LIP-RTVE,speaker023_0089,126,../data/LIP-RTVE/WAVs/speaker023/speaker023_0089.wav,../data/LIP-RTVE/ROIs/speaker023/speaker023_0089.npz,../data/LIP-RTVE/transcriptions/speaker023/speaker023_0089.txt,5,utf-8
3754,LIP-RTVE,speaker024_0000,27,../data/LIP-RTVE/WAVs/speaker024/speaker024_0000.wav,../data/LIP-RTVE/ROIs/speaker024/speaker024_0000.npz,../data/LIP-RTVE/transcriptions/speaker024/speaker024_0000.txt,5,utf-8
3755,LIP-RTVE,speaker024_0002,94,../data/LIP-RTVE/WAVs/speaker024/speaker024_0002.wav,../data/LIP-RTVE/ROIs/speaker024/speaker024_0002.npz,../data/LIP-RTVE/transcriptions/speaker024/speaker024_0002.txt,5,utf-8
3756,LIP-RTVE,speaker024_0004,66,../data/LIP-RTVE/WAVs/speaker024/speaker024_0004.wav,../data/LIP-RTVE/ROIs/speaker024/speaker024_0004.npz,../data/LIP-RTVE/transcriptions/speaker024/speaker024_0004.txt,5,utf-8
3757,LIP-RTVE,speaker024_0006,162,../data/LIP-RTVE/WAVs/speaker024/speaker024_0006.wav,../data/LIP-RTVE/ROIs/speaker024/speaker024_0006.npz,../data/LIP-RTVE/transcriptions/speaker024/speaker024_0006.txt,5,utf-8
3758,LIP-RTVE,speaker024_0007,343,../data/LIP-RTVE/WAVs/speaker024/speaker024_0007.wav,../data/LIP-RTVE/ROIs/speaker024/speaker024_0007.npz,../data/LIP-RTVE/transcriptions/speaker024/speaker024_0007.txt,5,utf-8
3759,LIP-RTVE,speaker024_0008,185,../data/LIP-RTVE/WAVs/speaker024/speaker024_0008.wav,../data/LIP-RTVE/ROIs/speaker024/speaker024_0008.npz,../data/LIP-RTVE/transcriptions/speaker024/speaker024_0008.txt,5,utf-8
3760,LIP-RTVE,speaker024_0009,30,../data/LIP-RTVE/WAVs/speaker024/speaker024_0009.wav,../data/LIP-RTVE/ROIs/speaker024/speaker024_0009.npz,../data/LIP-RTVE/transcriptions/speaker024/speaker024_0009.txt,5,utf-8
3761,LIP-RTVE,speaker024_0010,40,../data/LIP-RTVE/WAVs/speaker024/speaker024_0010.wav,../data/LIP-RTVE/ROIs/speaker024/speaker024_0010.npz,../data/LIP-RTVE/transcriptions/speaker024/speaker024_0010.txt,5,utf-8
3762,LIP-RTVE,speaker024_0012,27,../data/LIP-RTVE/WAVs/speaker024/speaker024_0012.wav,../data/LIP-RTVE/ROIs/speaker024/speaker024_0012.npz,../data/LIP-RTVE/transcriptions/speaker024/speaker024_0012.txt,5,utf-8
3763,LIP-RTVE,speaker024_0013,29,../data/LIP-RTVE/WAVs/speaker024/speaker024_0013.wav,../data/LIP-RTVE/ROIs/speaker024/speaker024_0013.npz,../data/LIP-RTVE/transcriptions/speaker024/speaker024_0013.txt,5,utf-8
3764,LIP-RTVE,speaker024_0014,107,../data/LIP-RTVE/WAVs/speaker024/speaker024_0014.wav,../data/LIP-RTVE/ROIs/speaker024/speaker024_0014.npz,../data/LIP-RTVE/transcriptions/speaker024/speaker024_0014.txt,5,utf-8
3765,LIP-RTVE,speaker024_0016,98,../data/LIP-RTVE/WAVs/speaker024/speaker024_0016.wav,../data/LIP-RTVE/ROIs/speaker024/speaker024_0016.npz,../data/LIP-RTVE/transcriptions/speaker024/speaker024_0016.txt,5,utf-8
3766,LIP-RTVE,speaker024_0018,37,../data/LIP-RTVE/WAVs/speaker024/speaker024_0018.wav,../data/LIP-RTVE/ROIs/speaker024/speaker024_0018.npz,../data/LIP-RTVE/transcriptions/speaker024/speaker024_0018.txt,5,utf-8
3767,LIP-RTVE,speaker024_0019,77,../data/LIP-RTVE/WAVs/speaker024/speaker024_0019.wav,../data/LIP-RTVE/ROIs/speaker024/speaker024_0019.npz,../data/LIP-RTVE/transcriptions/speaker024/speaker024_0019.txt,5,utf-8
3768,LIP-RTVE,speaker024_0020,59,../data/LIP-RTVE/WAVs/speaker024/speaker024_0020.wav,../data/LIP-RTVE/ROIs/speaker024/speaker024_0020.npz,../data/LIP-RTVE/transcriptions/speaker024/speaker024_0020.txt,5,utf-8
3769,LIP-RTVE,speaker024_0023,44,../data/LIP-RTVE/WAVs/speaker024/speaker024_0023.wav,../data/LIP-RTVE/ROIs/speaker024/speaker024_0023.npz,../data/LIP-RTVE/transcriptions/speaker024/speaker024_0023.txt,5,utf-8
3770,LIP-RTVE,speaker024_0024,29,../data/LIP-RTVE/WAVs/speaker024/speaker024_0024.wav,../data/LIP-RTVE/ROIs/speaker024/speaker024_0024.npz,../data/LIP-RTVE/transcriptions/speaker024/speaker024_0024.txt,5,utf-8
3771,LIP-RTVE,speaker024_0026,33,../data/LIP-RTVE/WAVs/speaker024/speaker024_0026.wav,../data/LIP-RTVE/ROIs/speaker024/speaker024_0026.npz,../data/LIP-RTVE/transcriptions/speaker024/speaker024_0026.txt,5,utf-8
3772,LIP-RTVE,speaker024_0027,25,../data/LIP-RTVE/WAVs/speaker024/speaker024_0027.wav,../data/LIP-RTVE/ROIs/speaker024/speaker024_0027.npz,../data/LIP-RTVE/transcriptions/speaker024/speaker024_0027.txt,5,utf-8
3773,LIP-RTVE,speaker024_0028,74,../data/LIP-RTVE/WAVs/speaker024/speaker024_0028.wav,../data/LIP-RTVE/ROIs/speaker024/speaker024_0028.npz,../data/LIP-RTVE/transcriptions/speaker024/speaker024_0028.txt,5,utf-8
3774,LIP-RTVE,speaker024_0029,137,../data/LIP-RTVE/WAVs/speaker024/speaker024_0029.wav,../data/LIP-RTVE/ROIs/speaker024/speaker024_0029.npz,../data/LIP-RTVE/transcriptions/speaker024/speaker024_0029.txt,5,utf-8
3775,LIP-RTVE,speaker024_0031,88,../data/LIP-RTVE/WAVs/speaker024/speaker024_0031.wav,../data/LIP-RTVE/ROIs/speaker024/speaker024_0031.npz,../data/LIP-RTVE/transcriptions/speaker024/speaker024_0031.txt,5,utf-8
3776,LIP-RTVE,speaker024_0034,121,../data/LIP-RTVE/WAVs/speaker024/speaker024_0034.wav,../data/LIP-RTVE/ROIs/speaker024/speaker024_0034.npz,../data/LIP-RTVE/transcriptions/speaker024/speaker024_0034.txt,5,utf-8
3777,LIP-RTVE,speaker024_0035,36,../data/LIP-RTVE/WAVs/speaker024/speaker024_0035.wav,../data/LIP-RTVE/ROIs/speaker024/speaker024_0035.npz,../data/LIP-RTVE/transcriptions/speaker024/speaker024_0035.txt,5,utf-8
3778,LIP-RTVE,speaker024_0037,151,../data/LIP-RTVE/WAVs/speaker024/speaker024_0037.wav,../data/LIP-RTVE/ROIs/speaker024/speaker024_0037.npz,../data/LIP-RTVE/transcriptions/speaker024/speaker024_0037.txt,5,utf-8
3779,LIP-RTVE,speaker024_0038,86,../data/LIP-RTVE/WAVs/speaker024/speaker024_0038.wav,../data/LIP-RTVE/ROIs/speaker024/speaker024_0038.npz,../data/LIP-RTVE/transcriptions/speaker024/speaker024_0038.txt,5,utf-8
3780,LIP-RTVE,speaker024_0039,268,../data/LIP-RTVE/WAVs/speaker024/speaker024_0039.wav,../data/LIP-RTVE/ROIs/speaker024/speaker024_0039.npz,../data/LIP-RTVE/transcriptions/speaker024/speaker024_0039.txt,5,utf-8
3781,LIP-RTVE,speaker024_0040,106,../data/LIP-RTVE/WAVs/speaker024/speaker024_0040.wav,../data/LIP-RTVE/ROIs/speaker024/speaker024_0040.npz,../data/LIP-RTVE/transcriptions/speaker024/speaker024_0040.txt,5,utf-8
3782,LIP-RTVE,speaker024_0042,84,../data/LIP-RTVE/WAVs/speaker024/speaker024_0042.wav,../data/LIP-RTVE/ROIs/speaker024/speaker024_0042.npz,../data/LIP-RTVE/transcriptions/speaker024/speaker024_0042.txt,5,utf-8
3783,LIP-RTVE,speaker024_0043,152,../data/LIP-RTVE/WAVs/speaker024/speaker024_0043.wav,../data/LIP-RTVE/ROIs/speaker024/speaker024_0043.npz,../data/LIP-RTVE/transcriptions/speaker024/speaker024_0043.txt,5,utf-8
3784,LIP-RTVE,speaker024_0045,112,../data/LIP-RTVE/WAVs/speaker024/speaker024_0045.wav,../data/LIP-RTVE/ROIs/speaker024/speaker024_0045.npz,../data/LIP-RTVE/transcriptions/speaker024/speaker024_0045.txt,5,utf-8
3785,LIP-RTVE,speaker024_0046,254,../data/LIP-RTVE/WAVs/speaker024/speaker024_0046.wav,../data/LIP-RTVE/ROIs/speaker024/speaker024_0046.npz,../data/LIP-RTVE/transcriptions/speaker024/speaker024_0046.txt,5,utf-8
3786,LIP-RTVE,speaker024_0048,141,../data/LIP-RTVE/WAVs/speaker024/speaker024_0048.wav,../data/LIP-RTVE/ROIs/speaker024/speaker024_0048.npz,../data/LIP-RTVE/transcriptions/speaker024/speaker024_0048.txt,5,utf-8
3787,LIP-RTVE,speaker024_0049,40,../data/LIP-RTVE/WAVs/speaker024/speaker024_0049.wav,../data/LIP-RTVE/ROIs/speaker024/speaker024_0049.npz,../data/LIP-RTVE/transcriptions/speaker024/speaker024_0049.txt,5,utf-8
3788,LIP-RTVE,speaker024_0050,210,../data/LIP-RTVE/WAVs/speaker024/speaker024_0050.wav,../data/LIP-RTVE/ROIs/speaker024/speaker024_0050.npz,../data/LIP-RTVE/transcriptions/speaker024/speaker024_0050.txt,5,utf-8
3789,LIP-RTVE,speaker024_0051,164,../data/LIP-RTVE/WAVs/speaker024/speaker024_0051.wav,../data/LIP-RTVE/ROIs/speaker024/speaker024_0051.npz,../data/LIP-RTVE/transcriptions/speaker024/speaker024_0051.txt,5,utf-8
3790,LIP-RTVE,speaker024_0052,124,../data/LIP-RTVE/WAVs/speaker024/speaker024_0052.wav,../data/LIP-RTVE/ROIs/speaker024/speaker024_0052.npz,../data/LIP-RTVE/transcriptions/speaker024/speaker024_0052.txt,5,utf-8
3791,LIP-RTVE,speaker024_0053,43,../data/LIP-RTVE/WAVs/speaker024/speaker024_0053.wav,../data/LIP-RTVE/ROIs/speaker024/speaker024_0053.npz,../data/LIP-RTVE/transcriptions/speaker024/speaker024_0053.txt,5,utf-8
3792,LIP-RTVE,speaker024_0054,106,../data/LIP-RTVE/WAVs/speaker024/speaker024_0054.wav,../data/LIP-RTVE/ROIs/speaker024/speaker024_0054.npz,../data/LIP-RTVE/transcriptions/speaker024/speaker024_0054.txt,5,utf-8
3793,LIP-RTVE,speaker024_0056,110,../data/LIP-RTVE/WAVs/speaker024/speaker024_0056.wav,../data/LIP-RTVE/ROIs/speaker024/speaker024_0056.npz,../data/LIP-RTVE/transcriptions/speaker024/speaker024_0056.txt,5,utf-8
3794,LIP-RTVE,speaker024_0058,150,../data/LIP-RTVE/WAVs/speaker024/speaker024_0058.wav,../data/LIP-RTVE/ROIs/speaker024/speaker024_0058.npz,../data/LIP-RTVE/transcriptions/speaker024/speaker024_0058.txt,5,utf-8
3795,LIP-RTVE,speaker024_0059,82,../data/LIP-RTVE/WAVs/speaker024/speaker024_0059.wav,../data/LIP-RTVE/ROIs/speaker024/speaker024_0059.npz,../data/LIP-RTVE/transcriptions/speaker024/speaker024_0059.txt,5,utf-8
3796,LIP-RTVE,speaker024_0062,75,../data/LIP-RTVE/WAVs/speaker024/speaker024_0062.wav,../data/LIP-RTVE/ROIs/speaker024/speaker024_0062.npz,../data/LIP-RTVE/transcriptions/speaker024/speaker024_0062.txt,5,utf-8
3797,LIP-RTVE,speaker024_0063,200,../data/LIP-RTVE/WAVs/speaker024/speaker024_0063.wav,../data/LIP-RTVE/ROIs/speaker024/speaker024_0063.npz,../data/LIP-RTVE/transcriptions/speaker024/speaker024_0063.txt,5,utf-8
3798,LIP-RTVE,speaker024_0065,168,../data/LIP-RTVE/WAVs/speaker024/speaker024_0065.wav,../data/LIP-RTVE/ROIs/speaker024/speaker024_0065.npz,../data/LIP-RTVE/transcriptions/speaker024/speaker024_0065.txt,5,utf-8
3799,LIP-RTVE,speaker024_0066,102,../data/LIP-RTVE/WAVs/speaker024/speaker024_0066.wav,../data/LIP-RTVE/ROIs/speaker024/speaker024_0066.npz,../data/LIP-RTVE/transcriptions/speaker024/speaker024_0066.txt,5,utf-8
3800,LIP-RTVE,speaker024_0067,182,../data/LIP-RTVE/WAVs/speaker024/speaker024_0067.wav,../data/LIP-RTVE/ROIs/speaker024/speaker024_0067.npz,../data/LIP-RTVE/transcriptions/speaker024/speaker024_0067.txt,5,utf-8
3801,LIP-RTVE,speaker024_0068,119,../data/LIP-RTVE/WAVs/speaker024/speaker024_0068.wav,../data/LIP-RTVE/ROIs/speaker024/speaker024_0068.npz,../data/LIP-RTVE/transcriptions/speaker024/speaker024_0068.txt,5,utf-8
3802,LIP-RTVE,speaker024_0069,155,../data/LIP-RTVE/WAVs/speaker024/speaker024_0069.wav,../data/LIP-RTVE/ROIs/speaker024/speaker024_0069.npz,../data/LIP-RTVE/transcriptions/speaker024/speaker024_0069.txt,5,utf-8
3803,LIP-RTVE,speaker024_0070,80,../data/LIP-RTVE/WAVs/speaker024/speaker024_0070.wav,../data/LIP-RTVE/ROIs/speaker024/speaker024_0070.npz,../data/LIP-RTVE/transcriptions/speaker024/speaker024_0070.txt,5,utf-8
3804,LIP-RTVE,speaker024_0071,160,../data/LIP-RTVE/WAVs/speaker024/speaker024_0071.wav,../data/LIP-RTVE/ROIs/speaker024/speaker024_0071.npz,../data/LIP-RTVE/transcriptions/speaker024/speaker024_0071.txt,5,utf-8
3805,LIP-RTVE,speaker024_0073,110,../data/LIP-RTVE/WAVs/speaker024/speaker024_0073.wav,../data/LIP-RTVE/ROIs/speaker024/speaker024_0073.npz,../data/LIP-RTVE/transcriptions/speaker024/speaker024_0073.txt,5,utf-8
3806,LIP-RTVE,speaker024_0074,205,../data/LIP-RTVE/WAVs/speaker024/speaker024_0074.wav,../data/LIP-RTVE/ROIs/speaker024/speaker024_0074.npz,../data/LIP-RTVE/transcriptions/speaker024/speaker024_0074.txt,5,utf-8
3807,LIP-RTVE,speaker024_0075,96,../data/LIP-RTVE/WAVs/speaker024/speaker024_0075.wav,../data/LIP-RTVE/ROIs/speaker024/speaker024_0075.npz,../data/LIP-RTVE/transcriptions/speaker024/speaker024_0075.txt,5,utf-8
3808,LIP-RTVE,speaker024_0076,128,../data/LIP-RTVE/WAVs/speaker024/speaker024_0076.wav,../data/LIP-RTVE/ROIs/speaker024/speaker024_0076.npz,../data/LIP-RTVE/transcriptions/speaker024/speaker024_0076.txt,5,utf-8
3809,LIP-RTVE,speaker024_0077,35,../data/LIP-RTVE/WAVs/speaker024/speaker024_0077.wav,../data/LIP-RTVE/ROIs/speaker024/speaker024_0077.npz,../data/LIP-RTVE/transcriptions/speaker024/speaker024_0077.txt,5,utf-8
3810,LIP-RTVE,speaker024_0078,129,../data/LIP-RTVE/WAVs/speaker024/speaker024_0078.wav,../data/LIP-RTVE/ROIs/speaker024/speaker024_0078.npz,../data/LIP-RTVE/transcriptions/speaker024/speaker024_0078.txt,5,utf-8
3811,LIP-RTVE,speaker024_0079,113,../data/LIP-RTVE/WAVs/speaker024/speaker024_0079.wav,../data/LIP-RTVE/ROIs/speaker024/speaker024_0079.npz,../data/LIP-RTVE/transcriptions/speaker024/speaker024_0079.txt,5,utf-8
3812,LIP-RTVE,speaker024_0080,127,../data/LIP-RTVE/WAVs/speaker024/speaker024_0080.wav,../data/LIP-RTVE/ROIs/speaker024/speaker024_0080.npz,../data/LIP-RTVE/transcriptions/speaker024/speaker024_0080.txt,5,utf-8
3813,LIP-RTVE,speaker024_0082,164,../data/LIP-RTVE/WAVs/speaker024/speaker024_0082.wav,../data/LIP-RTVE/ROIs/speaker024/speaker024_0082.npz,../data/LIP-RTVE/transcriptions/speaker024/speaker024_0082.txt,5,utf-8
3814,LIP-RTVE,speaker024_0083,158,../data/LIP-RTVE/WAVs/speaker024/speaker024_0083.wav,../data/LIP-RTVE/ROIs/speaker024/speaker024_0083.npz,../data/LIP-RTVE/transcriptions/speaker024/speaker024_0083.txt,5,utf-8
3815,LIP-RTVE,speaker024_0084,113,../data/LIP-RTVE/WAVs/speaker024/speaker024_0084.wav,../data/LIP-RTVE/ROIs/speaker024/speaker024_0084.npz,../data/LIP-RTVE/transcriptions/speaker024/speaker024_0084.txt,5,utf-8
3816,LIP-RTVE,speaker024_0085,116,../data/LIP-RTVE/WAVs/speaker024/speaker024_0085.wav,../data/LIP-RTVE/ROIs/speaker024/speaker024_0085.npz,../data/LIP-RTVE/transcriptions/speaker024/speaker024_0085.txt,5,utf-8
3817,LIP-RTVE,speaker024_0086,133,../data/LIP-RTVE/WAVs/speaker024/speaker024_0086.wav,../data/LIP-RTVE/ROIs/speaker024/speaker024_0086.npz,../data/LIP-RTVE/transcriptions/speaker024/speaker024_0086.txt,5,utf-8
3818,LIP-RTVE,speaker024_0087,64,../data/LIP-RTVE/WAVs/speaker024/speaker024_0087.wav,../data/LIP-RTVE/ROIs/speaker024/speaker024_0087.npz,../data/LIP-RTVE/transcriptions/speaker024/speaker024_0087.txt,5,utf-8
3819,LIP-RTVE,speaker024_0090,114,../data/LIP-RTVE/WAVs/speaker024/speaker024_0090.wav,../data/LIP-RTVE/ROIs/speaker024/speaker024_0090.npz,../data/LIP-RTVE/transcriptions/speaker024/speaker024_0090.txt,5,utf-8
3820,LIP-RTVE,speaker024_0092,135,../data/LIP-RTVE/WAVs/speaker024/speaker024_0092.wav,../data/LIP-RTVE/ROIs/speaker024/speaker024_0092.npz,../data/LIP-RTVE/transcriptions/speaker024/speaker024_0092.txt,5,utf-8
3821,LIP-RTVE,speaker024_0093,219,../data/LIP-RTVE/WAVs/speaker024/speaker024_0093.wav,../data/LIP-RTVE/ROIs/speaker024/speaker024_0093.npz,../data/LIP-RTVE/transcriptions/speaker024/speaker024_0093.txt,5,utf-8
3822,LIP-RTVE,speaker024_0095,57,../data/LIP-RTVE/WAVs/speaker024/speaker024_0095.wav,../data/LIP-RTVE/ROIs/speaker024/speaker024_0095.npz,../data/LIP-RTVE/transcriptions/speaker024/speaker024_0095.txt,5,utf-8
3823,LIP-RTVE,speaker024_0097,270,../data/LIP-RTVE/WAVs/speaker024/speaker024_0097.wav,../data/LIP-RTVE/ROIs/speaker024/speaker024_0097.npz,../data/LIP-RTVE/transcriptions/speaker024/speaker024_0097.txt,5,utf-8
3824,LIP-RTVE,speaker024_0098,97,../data/LIP-RTVE/WAVs/speaker024/speaker024_0098.wav,../data/LIP-RTVE/ROIs/speaker024/speaker024_0098.npz,../data/LIP-RTVE/transcriptions/speaker024/speaker024_0098.txt,5,utf-8
3825,LIP-RTVE,speaker024_0100,135,../data/LIP-RTVE/WAVs/speaker024/speaker024_0100.wav,../data/LIP-RTVE/ROIs/speaker024/speaker024_0100.npz,../data/LIP-RTVE/transcriptions/speaker024/speaker024_0100.txt,5,utf-8
3826,LIP-RTVE,speaker024_0101,218,../data/LIP-RTVE/WAVs/speaker024/speaker024_0101.wav,../data/LIP-RTVE/ROIs/speaker024/speaker024_0101.npz,../data/LIP-RTVE/transcriptions/speaker024/speaker024_0101.txt,5,utf-8
3827,LIP-RTVE,speaker024_0102,179,../data/LIP-RTVE/WAVs/speaker024/speaker024_0102.wav,../data/LIP-RTVE/ROIs/speaker024/speaker024_0102.npz,../data/LIP-RTVE/transcriptions/speaker024/speaker024_0102.txt,5,utf-8
3828,LIP-RTVE,speaker024_0104,126,../data/LIP-RTVE/WAVs/speaker024/speaker024_0104.wav,../data/LIP-RTVE/ROIs/speaker024/speaker024_0104.npz,../data/LIP-RTVE/transcriptions/speaker024/speaker024_0104.txt,5,utf-8
3829,LIP-RTVE,speaker024_0105,58,../data/LIP-RTVE/WAVs/speaker024/speaker024_0105.wav,../data/LIP-RTVE/ROIs/speaker024/speaker024_0105.npz,../data/LIP-RTVE/transcriptions/speaker024/speaker024_0105.txt,5,utf-8
3830,LIP-RTVE,speaker024_0107,213,../data/LIP-RTVE/WAVs/speaker024/speaker024_0107.wav,../data/LIP-RTVE/ROIs/speaker024/speaker024_0107.npz,../data/LIP-RTVE/transcriptions/speaker024/speaker024_0107.txt,5,utf-8
3831,LIP-RTVE,speaker024_0110,116,../data/LIP-RTVE/WAVs/speaker024/speaker024_0110.wav,../data/LIP-RTVE/ROIs/speaker024/speaker024_0110.npz,../data/LIP-RTVE/transcriptions/speaker024/speaker024_0110.txt,5,utf-8
3832,LIP-RTVE,speaker024_0111,214,../data/LIP-RTVE/WAVs/speaker024/speaker024_0111.wav,../data/LIP-RTVE/ROIs/speaker024/speaker024_0111.npz,../data/LIP-RTVE/transcriptions/speaker024/speaker024_0111.txt,5,utf-8
3833,LIP-RTVE,speaker024_0116,299,../data/LIP-RTVE/WAVs/speaker024/speaker024_0116.wav,../data/LIP-RTVE/ROIs/speaker024/speaker024_0116.npz,../data/LIP-RTVE/transcriptions/speaker024/speaker024_0116.txt,5,utf-8
3834,LIP-RTVE,speaker024_0117,134,../data/LIP-RTVE/WAVs/speaker024/speaker024_0117.wav,../data/LIP-RTVE/ROIs/speaker024/speaker024_0117.npz,../data/LIP-RTVE/transcriptions/speaker024/speaker024_0117.txt,5,utf-8
3835,LIP-RTVE,speaker024_0118,27,../data/LIP-RTVE/WAVs/speaker024/speaker024_0118.wav,../data/LIP-RTVE/ROIs/speaker024/speaker024_0118.npz,../data/LIP-RTVE/transcriptions/speaker024/speaker024_0118.txt,5,utf-8
3836,LIP-RTVE,speaker024_0119,168,../data/LIP-RTVE/WAVs/speaker024/speaker024_0119.wav,../data/LIP-RTVE/ROIs/speaker024/speaker024_0119.npz,../data/LIP-RTVE/transcriptions/speaker024/speaker024_0119.txt,5,utf-8
3837,LIP-RTVE,speaker024_0121,104,../data/LIP-RTVE/WAVs/speaker024/speaker024_0121.wav,../data/LIP-RTVE/ROIs/speaker024/speaker024_0121.npz,../data/LIP-RTVE/transcriptions/speaker024/speaker024_0121.txt,5,utf-8
3838,LIP-RTVE,speaker024_0122,206,../data/LIP-RTVE/WAVs/speaker024/speaker024_0122.wav,../data/LIP-RTVE/ROIs/speaker024/speaker024_0122.npz,../data/LIP-RTVE/transcriptions/speaker024/speaker024_0122.txt,5,utf-8
3839,LIP-RTVE,speaker024_0123,41,../data/LIP-RTVE/WAVs/speaker024/speaker024_0123.wav,../data/LIP-RTVE/ROIs/speaker024/speaker024_0123.npz,../data/LIP-RTVE/transcriptions/speaker024/speaker024_0123.txt,5,utf-8
3840,LIP-RTVE,speaker024_0124,227,../data/LIP-RTVE/WAVs/speaker024/speaker024_0124.wav,../data/LIP-RTVE/ROIs/speaker024/speaker024_0124.npz,../data/LIP-RTVE/transcriptions/speaker024/speaker024_0124.txt,5,utf-8
3841,LIP-RTVE,speaker024_0125,294,../data/LIP-RTVE/WAVs/speaker024/speaker024_0125.wav,../data/LIP-RTVE/ROIs/speaker024/speaker024_0125.npz,../data/LIP-RTVE/transcriptions/speaker024/speaker024_0125.txt,5,utf-8
3842,LIP-RTVE,speaker024_0127,78,../data/LIP-RTVE/WAVs/speaker024/speaker024_0127.wav,../data/LIP-RTVE/ROIs/speaker024/speaker024_0127.npz,../data/LIP-RTVE/transcriptions/speaker024/speaker024_0127.txt,5,utf-8
3843,LIP-RTVE,speaker024_0128,113,../data/LIP-RTVE/WAVs/speaker024/speaker024_0128.wav,../data/LIP-RTVE/ROIs/speaker024/speaker024_0128.npz,../data/LIP-RTVE/transcriptions/speaker024/speaker024_0128.txt,5,utf-8
3844,LIP-RTVE,speaker024_0130,82,../data/LIP-RTVE/WAVs/speaker024/speaker024_0130.wav,../data/LIP-RTVE/ROIs/speaker024/speaker024_0130.npz,../data/LIP-RTVE/transcriptions/speaker024/speaker024_0130.txt,5,utf-8
3845,LIP-RTVE,speaker024_0131,160,../data/LIP-RTVE/WAVs/speaker024/speaker024_0131.wav,../data/LIP-RTVE/ROIs/speaker024/speaker024_0131.npz,../data/LIP-RTVE/transcriptions/speaker024/speaker024_0131.txt,5,utf-8
3846,LIP-RTVE,speaker024_0133,138,../data/LIP-RTVE/WAVs/speaker024/speaker024_0133.wav,../data/LIP-RTVE/ROIs/speaker024/speaker024_0133.npz,../data/LIP-RTVE/transcriptions/speaker024/speaker024_0133.txt,5,utf-8
3847,LIP-RTVE,speaker024_0134,80,../data/LIP-RTVE/WAVs/speaker024/speaker024_0134.wav,../data/LIP-RTVE/ROIs/speaker024/speaker024_0134.npz,../data/LIP-RTVE/transcriptions/speaker024/speaker024_0134.txt,5,utf-8
3848,LIP-RTVE,speaker024_0136,85,../data/LIP-RTVE/WAVs/speaker024/speaker024_0136.wav,../data/LIP-RTVE/ROIs/speaker024/speaker024_0136.npz,../data/LIP-RTVE/transcriptions/speaker024/speaker024_0136.txt,5,utf-8
3849,LIP-RTVE,speaker024_0137,213,../data/LIP-RTVE/WAVs/speaker024/speaker024_0137.wav,../data/LIP-RTVE/ROIs/speaker024/speaker024_0137.npz,../data/LIP-RTVE/transcriptions/speaker024/speaker024_0137.txt,5,utf-8
3850,LIP-RTVE,speaker024_0138,119,../data/LIP-RTVE/WAVs/speaker024/speaker024_0138.wav,../data/LIP-RTVE/ROIs/speaker024/speaker024_0138.npz,../data/LIP-RTVE/transcriptions/speaker024/speaker024_0138.txt,5,utf-8
3851,LIP-RTVE,speaker025_0000,27,../data/LIP-RTVE/WAVs/speaker025/speaker025_0000.wav,../data/LIP-RTVE/ROIs/speaker025/speaker025_0000.npz,../data/LIP-RTVE/transcriptions/speaker025/speaker025_0000.txt,5,utf-8
3852,LIP-RTVE,speaker025_0002,108,../data/LIP-RTVE/WAVs/speaker025/speaker025_0002.wav,../data/LIP-RTVE/ROIs/speaker025/speaker025_0002.npz,../data/LIP-RTVE/transcriptions/speaker025/speaker025_0002.txt,5,utf-8
3853,LIP-RTVE,speaker025_0003,398,../data/LIP-RTVE/WAVs/speaker025/speaker025_0003.wav,../data/LIP-RTVE/ROIs/speaker025/speaker025_0003.npz,../data/LIP-RTVE/transcriptions/speaker025/speaker025_0003.txt,5,utf-8
3854,LIP-RTVE,speaker025_0004,195,../data/LIP-RTVE/WAVs/speaker025/speaker025_0004.wav,../data/LIP-RTVE/ROIs/speaker025/speaker025_0004.npz,../data/LIP-RTVE/transcriptions/speaker025/speaker025_0004.txt,5,utf-8
3855,LIP-RTVE,speaker025_0005,201,../data/LIP-RTVE/WAVs/speaker025/speaker025_0005.wav,../data/LIP-RTVE/ROIs/speaker025/speaker025_0005.npz,../data/LIP-RTVE/transcriptions/speaker025/speaker025_0005.txt,5,utf-8
3856,LIP-RTVE,speaker025_0007,383,../data/LIP-RTVE/WAVs/speaker025/speaker025_0007.wav,../data/LIP-RTVE/ROIs/speaker025/speaker025_0007.npz,../data/LIP-RTVE/transcriptions/speaker025/speaker025_0007.txt,5,utf-8
3857,LIP-RTVE,speaker025_0009,31,../data/LIP-RTVE/WAVs/speaker025/speaker025_0009.wav,../data/LIP-RTVE/ROIs/speaker025/speaker025_0009.npz,../data/LIP-RTVE/transcriptions/speaker025/speaker025_0009.txt,5,utf-8
3858,LIP-RTVE,speaker025_0011,126,../data/LIP-RTVE/WAVs/speaker025/speaker025_0011.wav,../data/LIP-RTVE/ROIs/speaker025/speaker025_0011.npz,../data/LIP-RTVE/transcriptions/speaker025/speaker025_0011.txt,5,utf-8
3859,LIP-RTVE,speaker025_0012,124,../data/LIP-RTVE/WAVs/speaker025/speaker025_0012.wav,../data/LIP-RTVE/ROIs/speaker025/speaker025_0012.npz,../data/LIP-RTVE/transcriptions/speaker025/speaker025_0012.txt,5,utf-8
3860,LIP-RTVE,speaker025_0013,69,../data/LIP-RTVE/WAVs/speaker025/speaker025_0013.wav,../data/LIP-RTVE/ROIs/speaker025/speaker025_0013.npz,../data/LIP-RTVE/transcriptions/speaker025/speaker025_0013.txt,5,utf-8
3861,LIP-RTVE,speaker025_0014,270,../data/LIP-RTVE/WAVs/speaker025/speaker025_0014.wav,../data/LIP-RTVE/ROIs/speaker025/speaker025_0014.npz,../data/LIP-RTVE/transcriptions/speaker025/speaker025_0014.txt,5,utf-8
3862,LIP-RTVE,speaker025_0015,26,../data/LIP-RTVE/WAVs/speaker025/speaker025_0015.wav,../data/LIP-RTVE/ROIs/speaker025/speaker025_0015.npz,../data/LIP-RTVE/transcriptions/speaker025/speaker025_0015.txt,5,utf-8
3863,LIP-RTVE,speaker025_0016,44,../data/LIP-RTVE/WAVs/speaker025/speaker025_0016.wav,../data/LIP-RTVE/ROIs/speaker025/speaker025_0016.npz,../data/LIP-RTVE/transcriptions/speaker025/speaker025_0016.txt,5,utf-8
3864,LIP-RTVE,speaker025_0019,200,../data/LIP-RTVE/WAVs/speaker025/speaker025_0019.wav,../data/LIP-RTVE/ROIs/speaker025/speaker025_0019.npz,../data/LIP-RTVE/transcriptions/speaker025/speaker025_0019.txt,5,utf-8
3865,LIP-RTVE,speaker025_0020,175,../data/LIP-RTVE/WAVs/speaker025/speaker025_0020.wav,../data/LIP-RTVE/ROIs/speaker025/speaker025_0020.npz,../data/LIP-RTVE/transcriptions/speaker025/speaker025_0020.txt,5,utf-8
3866,LIP-RTVE,speaker025_0021,149,../data/LIP-RTVE/WAVs/speaker025/speaker025_0021.wav,../data/LIP-RTVE/ROIs/speaker025/speaker025_0021.npz,../data/LIP-RTVE/transcriptions/speaker025/speaker025_0021.txt,5,utf-8
3867,LIP-RTVE,speaker025_0022,196,../data/LIP-RTVE/WAVs/speaker025/speaker025_0022.wav,../data/LIP-RTVE/ROIs/speaker025/speaker025_0022.npz,../data/LIP-RTVE/transcriptions/speaker025/speaker025_0022.txt,5,utf-8
3868,LIP-RTVE,speaker025_0024,57,../data/LIP-RTVE/WAVs/speaker025/speaker025_0024.wav,../data/LIP-RTVE/ROIs/speaker025/speaker025_0024.npz,../data/LIP-RTVE/transcriptions/speaker025/speaker025_0024.txt,5,utf-8
3869,LIP-RTVE,speaker025_0025,58,../data/LIP-RTVE/WAVs/speaker025/speaker025_0025.wav,../data/LIP-RTVE/ROIs/speaker025/speaker025_0025.npz,../data/LIP-RTVE/transcriptions/speaker025/speaker025_0025.txt,5,utf-8
3870,LIP-RTVE,speaker025_0027,26,../data/LIP-RTVE/WAVs/speaker025/speaker025_0027.wav,../data/LIP-RTVE/ROIs/speaker025/speaker025_0027.npz,../data/LIP-RTVE/transcriptions/speaker025/speaker025_0027.txt,5,utf-8
3871,LIP-RTVE,speaker025_0028,26,../data/LIP-RTVE/WAVs/speaker025/speaker025_0028.wav,../data/LIP-RTVE/ROIs/speaker025/speaker025_0028.npz,../data/LIP-RTVE/transcriptions/speaker025/speaker025_0028.txt,5,utf-8
3872,LIP-RTVE,speaker025_0029,44,../data/LIP-RTVE/WAVs/speaker025/speaker025_0029.wav,../data/LIP-RTVE/ROIs/speaker025/speaker025_0029.npz,../data/LIP-RTVE/transcriptions/speaker025/speaker025_0029.txt,5,utf-8
3873,LIP-RTVE,speaker025_0030,90,../data/LIP-RTVE/WAVs/speaker025/speaker025_0030.wav,../data/LIP-RTVE/ROIs/speaker025/speaker025_0030.npz,../data/LIP-RTVE/transcriptions/speaker025/speaker025_0030.txt,5,utf-8
3874,LIP-RTVE,speaker025_0031,54,../data/LIP-RTVE/WAVs/speaker025/speaker025_0031.wav,../data/LIP-RTVE/ROIs/speaker025/speaker025_0031.npz,../data/LIP-RTVE/transcriptions/speaker025/speaker025_0031.txt,5,utf-8
3875,LIP-RTVE,speaker025_0032,71,../data/LIP-RTVE/WAVs/speaker025/speaker025_0032.wav,../data/LIP-RTVE/ROIs/speaker025/speaker025_0032.npz,../data/LIP-RTVE/transcriptions/speaker025/speaker025_0032.txt,5,utf-8
3876,LIP-RTVE,speaker025_0033,41,../data/LIP-RTVE/WAVs/speaker025/speaker025_0033.wav,../data/LIP-RTVE/ROIs/speaker025/speaker025_0033.npz,../data/LIP-RTVE/transcriptions/speaker025/speaker025_0033.txt,5,utf-8
3877,LIP-RTVE,speaker025_0035,106,../data/LIP-RTVE/WAVs/speaker025/speaker025_0035.wav,../data/LIP-RTVE/ROIs/speaker025/speaker025_0035.npz,../data/LIP-RTVE/transcriptions/speaker025/speaker025_0035.txt,5,utf-8
3878,LIP-RTVE,speaker025_0038,186,../data/LIP-RTVE/WAVs/speaker025/speaker025_0038.wav,../data/LIP-RTVE/ROIs/speaker025/speaker025_0038.npz,../data/LIP-RTVE/transcriptions/speaker025/speaker025_0038.txt,5,utf-8
3879,LIP-RTVE,speaker025_0039,317,../data/LIP-RTVE/WAVs/speaker025/speaker025_0039.wav,../data/LIP-RTVE/ROIs/speaker025/speaker025_0039.npz,../data/LIP-RTVE/transcriptions/speaker025/speaker025_0039.txt,5,utf-8
3880,LIP-RTVE,speaker025_0040,359,../data/LIP-RTVE/WAVs/speaker025/speaker025_0040.wav,../data/LIP-RTVE/ROIs/speaker025/speaker025_0040.npz,../data/LIP-RTVE/transcriptions/speaker025/speaker025_0040.txt,5,utf-8
3881,LIP-RTVE,speaker025_0042,211,../data/LIP-RTVE/WAVs/speaker025/speaker025_0042.wav,../data/LIP-RTVE/ROIs/speaker025/speaker025_0042.npz,../data/LIP-RTVE/transcriptions/speaker025/speaker025_0042.txt,5,utf-8
3882,LIP-RTVE,speaker025_0044,115,../data/LIP-RTVE/WAVs/speaker025/speaker025_0044.wav,../data/LIP-RTVE/ROIs/speaker025/speaker025_0044.npz,../data/LIP-RTVE/transcriptions/speaker025/speaker025_0044.txt,5,utf-8
3883,LIP-RTVE,speaker025_0046,169,../data/LIP-RTVE/WAVs/speaker025/speaker025_0046.wav,../data/LIP-RTVE/ROIs/speaker025/speaker025_0046.npz,../data/LIP-RTVE/transcriptions/speaker025/speaker025_0046.txt,5,utf-8
3884,LIP-RTVE,speaker025_0047,83,../data/LIP-RTVE/WAVs/speaker025/speaker025_0047.wav,../data/LIP-RTVE/ROIs/speaker025/speaker025_0047.npz,../data/LIP-RTVE/transcriptions/speaker025/speaker025_0047.txt,5,utf-8
3885,LIP-RTVE,speaker025_0048,34,../data/LIP-RTVE/WAVs/speaker025/speaker025_0048.wav,../data/LIP-RTVE/ROIs/speaker025/speaker025_0048.npz,../data/LIP-RTVE/transcriptions/speaker025/speaker025_0048.txt,5,utf-8
3886,LIP-RTVE,speaker025_0049,60,../data/LIP-RTVE/WAVs/speaker025/speaker025_0049.wav,../data/LIP-RTVE/ROIs/speaker025/speaker025_0049.npz,../data/LIP-RTVE/transcriptions/speaker025/speaker025_0049.txt,5,utf-8
3887,LIP-RTVE,speaker025_0050,65,../data/LIP-RTVE/WAVs/speaker025/speaker025_0050.wav,../data/LIP-RTVE/ROIs/speaker025/speaker025_0050.npz,../data/LIP-RTVE/transcriptions/speaker025/speaker025_0050.txt,5,utf-8
3888,LIP-RTVE,speaker025_0052,58,../data/LIP-RTVE/WAVs/speaker025/speaker025_0052.wav,../data/LIP-RTVE/ROIs/speaker025/speaker025_0052.npz,../data/LIP-RTVE/transcriptions/speaker025/speaker025_0052.txt,5,utf-8
3889,LIP-RTVE,speaker025_0053,131,../data/LIP-RTVE/WAVs/speaker025/speaker025_0053.wav,../data/LIP-RTVE/ROIs/speaker025/speaker025_0053.npz,../data/LIP-RTVE/transcriptions/speaker025/speaker025_0053.txt,5,utf-8
3890,LIP-RTVE,speaker025_0055,42,../data/LIP-RTVE/WAVs/speaker025/speaker025_0055.wav,../data/LIP-RTVE/ROIs/speaker025/speaker025_0055.npz,../data/LIP-RTVE/transcriptions/speaker025/speaker025_0055.txt,5,utf-8
3891,LIP-RTVE,speaker025_0056,73,../data/LIP-RTVE/WAVs/speaker025/speaker025_0056.wav,../data/LIP-RTVE/ROIs/speaker025/speaker025_0056.npz,../data/LIP-RTVE/transcriptions/speaker025/speaker025_0056.txt,5,utf-8
3892,LIP-RTVE,speaker025_0057,31,../data/LIP-RTVE/WAVs/speaker025/speaker025_0057.wav,../data/LIP-RTVE/ROIs/speaker025/speaker025_0057.npz,../data/LIP-RTVE/transcriptions/speaker025/speaker025_0057.txt,5,utf-8
3893,LIP-RTVE,speaker025_0059,99,../data/LIP-RTVE/WAVs/speaker025/speaker025_0059.wav,../data/LIP-RTVE/ROIs/speaker025/speaker025_0059.npz,../data/LIP-RTVE/transcriptions/speaker025/speaker025_0059.txt,5,utf-8
3894,LIP-RTVE,speaker025_0060,27,../data/LIP-RTVE/WAVs/speaker025/speaker025_0060.wav,../data/LIP-RTVE/ROIs/speaker025/speaker025_0060.npz,../data/LIP-RTVE/transcriptions/speaker025/speaker025_0060.txt,5,utf-8
3895,LIP-RTVE,speaker025_0061,103,../data/LIP-RTVE/WAVs/speaker025/speaker025_0061.wav,../data/LIP-RTVE/ROIs/speaker025/speaker025_0061.npz,../data/LIP-RTVE/transcriptions/speaker025/speaker025_0061.txt,5,utf-8
3896,LIP-RTVE,speaker025_0063,41,../data/LIP-RTVE/WAVs/speaker025/speaker025_0063.wav,../data/LIP-RTVE/ROIs/speaker025/speaker025_0063.npz,../data/LIP-RTVE/transcriptions/speaker025/speaker025_0063.txt,5,utf-8
3897,LIP-RTVE,speaker025_0064,44,../data/LIP-RTVE/WAVs/speaker025/speaker025_0064.wav,../data/LIP-RTVE/ROIs/speaker025/speaker025_0064.npz,../data/LIP-RTVE/transcriptions/speaker025/speaker025_0064.txt,5,utf-8
3898,LIP-RTVE,speaker025_0065,114,../data/LIP-RTVE/WAVs/speaker025/speaker025_0065.wav,../data/LIP-RTVE/ROIs/speaker025/speaker025_0065.npz,../data/LIP-RTVE/transcriptions/speaker025/speaker025_0065.txt,5,utf-8
3899,LIP-RTVE,speaker025_0066,148,../data/LIP-RTVE/WAVs/speaker025/speaker025_0066.wav,../data/LIP-RTVE/ROIs/speaker025/speaker025_0066.npz,../data/LIP-RTVE/transcriptions/speaker025/speaker025_0066.txt,5,utf-8
3900,LIP-RTVE,speaker025_0067,106,../data/LIP-RTVE/WAVs/speaker025/speaker025_0067.wav,../data/LIP-RTVE/ROIs/speaker025/speaker025_0067.npz,../data/LIP-RTVE/transcriptions/speaker025/speaker025_0067.txt,5,utf-8
3901,LIP-RTVE,speaker025_0070,44,../data/LIP-RTVE/WAVs/speaker025/speaker025_0070.wav,../data/LIP-RTVE/ROIs/speaker025/speaker025_0070.npz,../data/LIP-RTVE/transcriptions/speaker025/speaker025_0070.txt,5,utf-8
3902,LIP-RTVE,speaker025_0071,84,../data/LIP-RTVE/WAVs/speaker025/speaker025_0071.wav,../data/LIP-RTVE/ROIs/speaker025/speaker025_0071.npz,../data/LIP-RTVE/transcriptions/speaker025/speaker025_0071.txt,5,utf-8
3903,LIP-RTVE,speaker025_0073,59,../data/LIP-RTVE/WAVs/speaker025/speaker025_0073.wav,../data/LIP-RTVE/ROIs/speaker025/speaker025_0073.npz,../data/LIP-RTVE/transcriptions/speaker025/speaker025_0073.txt,5,utf-8
3904,LIP-RTVE,speaker025_0074,37,../data/LIP-RTVE/WAVs/speaker025/speaker025_0074.wav,../data/LIP-RTVE/ROIs/speaker025/speaker025_0074.npz,../data/LIP-RTVE/transcriptions/speaker025/speaker025_0074.txt,5,utf-8
3905,LIP-RTVE,speaker025_0075,64,../data/LIP-RTVE/WAVs/speaker025/speaker025_0075.wav,../data/LIP-RTVE/ROIs/speaker025/speaker025_0075.npz,../data/LIP-RTVE/transcriptions/speaker025/speaker025_0075.txt,5,utf-8
3906,LIP-RTVE,speaker025_0077,39,../data/LIP-RTVE/WAVs/speaker025/speaker025_0077.wav,../data/LIP-RTVE/ROIs/speaker025/speaker025_0077.npz,../data/LIP-RTVE/transcriptions/speaker025/speaker025_0077.txt,5,utf-8
3907,LIP-RTVE,speaker025_0078,144,../data/LIP-RTVE/WAVs/speaker025/speaker025_0078.wav,../data/LIP-RTVE/ROIs/speaker025/speaker025_0078.npz,../data/LIP-RTVE/transcriptions/speaker025/speaker025_0078.txt,5,utf-8
3908,LIP-RTVE,speaker025_0079,192,../data/LIP-RTVE/WAVs/speaker025/speaker025_0079.wav,../data/LIP-RTVE/ROIs/speaker025/speaker025_0079.npz,../data/LIP-RTVE/transcriptions/speaker025/speaker025_0079.txt,5,utf-8
3909,LIP-RTVE,speaker025_0080,160,../data/LIP-RTVE/WAVs/speaker025/speaker025_0080.wav,../data/LIP-RTVE/ROIs/speaker025/speaker025_0080.npz,../data/LIP-RTVE/transcriptions/speaker025/speaker025_0080.txt,5,utf-8
3910,LIP-RTVE,speaker025_0082,278,../data/LIP-RTVE/WAVs/speaker025/speaker025_0082.wav,../data/LIP-RTVE/ROIs/speaker025/speaker025_0082.npz,../data/LIP-RTVE/transcriptions/speaker025/speaker025_0082.txt,5,utf-8
3911,LIP-RTVE,speaker025_0083,107,../data/LIP-RTVE/WAVs/speaker025/speaker025_0083.wav,../data/LIP-RTVE/ROIs/speaker025/speaker025_0083.npz,../data/LIP-RTVE/transcriptions/speaker025/speaker025_0083.txt,5,utf-8
3912,LIP-RTVE,speaker025_0085,49,../data/LIP-RTVE/WAVs/speaker025/speaker025_0085.wav,../data/LIP-RTVE/ROIs/speaker025/speaker025_0085.npz,../data/LIP-RTVE/transcriptions/speaker025/speaker025_0085.txt,5,utf-8
3913,LIP-RTVE,speaker025_0088,149,../data/LIP-RTVE/WAVs/speaker025/speaker025_0088.wav,../data/LIP-RTVE/ROIs/speaker025/speaker025_0088.npz,../data/LIP-RTVE/transcriptions/speaker025/speaker025_0088.txt,5,utf-8
3914,LIP-RTVE,speaker025_0089,67,../data/LIP-RTVE/WAVs/speaker025/speaker025_0089.wav,../data/LIP-RTVE/ROIs/speaker025/speaker025_0089.npz,../data/LIP-RTVE/transcriptions/speaker025/speaker025_0089.txt,5,utf-8
3915,LIP-RTVE,speaker025_0090,33,../data/LIP-RTVE/WAVs/speaker025/speaker025_0090.wav,../data/LIP-RTVE/ROIs/speaker025/speaker025_0090.npz,../data/LIP-RTVE/transcriptions/speaker025/speaker025_0090.txt,5,utf-8
3916,LIP-RTVE,speaker025_0093,27,../data/LIP-RTVE/WAVs/speaker025/speaker025_0093.wav,../data/LIP-RTVE/ROIs/speaker025/speaker025_0093.npz,../data/LIP-RTVE/transcriptions/speaker025/speaker025_0093.txt,5,utf-8
3917,LIP-RTVE,speaker025_0096,49,../data/LIP-RTVE/WAVs/speaker025/speaker025_0096.wav,../data/LIP-RTVE/ROIs/speaker025/speaker025_0096.npz,../data/LIP-RTVE/transcriptions/speaker025/speaker025_0096.txt,5,utf-8
3918,LIP-RTVE,speaker025_0098,92,../data/LIP-RTVE/WAVs/speaker025/speaker025_0098.wav,../data/LIP-RTVE/ROIs/speaker025/speaker025_0098.npz,../data/LIP-RTVE/transcriptions/speaker025/speaker025_0098.txt,5,utf-8
3919,LIP-RTVE,speaker025_0099,104,../data/LIP-RTVE/WAVs/speaker025/speaker025_0099.wav,../data/LIP-RTVE/ROIs/speaker025/speaker025_0099.npz,../data/LIP-RTVE/transcriptions/speaker025/speaker025_0099.txt,5,utf-8
3920,LIP-RTVE,speaker025_0100,265,../data/LIP-RTVE/WAVs/speaker025/speaker025_0100.wav,../data/LIP-RTVE/ROIs/speaker025/speaker025_0100.npz,../data/LIP-RTVE/transcriptions/speaker025/speaker025_0100.txt,5,utf-8
3921,LIP-RTVE,speaker025_0101,206,../data/LIP-RTVE/WAVs/speaker025/speaker025_0101.wav,../data/LIP-RTVE/ROIs/speaker025/speaker025_0101.npz,../data/LIP-RTVE/transcriptions/speaker025/speaker025_0101.txt,5,utf-8
3922,LIP-RTVE,speaker025_0103,163,../data/LIP-RTVE/WAVs/speaker025/speaker025_0103.wav,../data/LIP-RTVE/ROIs/speaker025/speaker025_0103.npz,../data/LIP-RTVE/transcriptions/speaker025/speaker025_0103.txt,5,utf-8
3923,LIP-RTVE,speaker025_0104,104,../data/LIP-RTVE/WAVs/speaker025/speaker025_0104.wav,../data/LIP-RTVE/ROIs/speaker025/speaker025_0104.npz,../data/LIP-RTVE/transcriptions/speaker025/speaker025_0104.txt,5,utf-8
3924,LIP-RTVE,speaker025_0106,35,../data/LIP-RTVE/WAVs/speaker025/speaker025_0106.wav,../data/LIP-RTVE/ROIs/speaker025/speaker025_0106.npz,../data/LIP-RTVE/transcriptions/speaker025/speaker025_0106.txt,5,utf-8
3925,LIP-RTVE,speaker025_0107,62,../data/LIP-RTVE/WAVs/speaker025/speaker025_0107.wav,../data/LIP-RTVE/ROIs/speaker025/speaker025_0107.npz,../data/LIP-RTVE/transcriptions/speaker025/speaker025_0107.txt,5,utf-8
3926,LIP-RTVE,speaker025_0108,170,../data/LIP-RTVE/WAVs/speaker025/speaker025_0108.wav,../data/LIP-RTVE/ROIs/speaker025/speaker025_0108.npz,../data/LIP-RTVE/transcriptions/speaker025/speaker025_0108.txt,5,utf-8
3927,LIP-RTVE,speaker025_0109,108,../data/LIP-RTVE/WAVs/speaker025/speaker025_0109.wav,../data/LIP-RTVE/ROIs/speaker025/speaker025_0109.npz,../data/LIP-RTVE/transcriptions/speaker025/speaker025_0109.txt,5,utf-8
3928,LIP-RTVE,speaker025_0110,75,../data/LIP-RTVE/WAVs/speaker025/speaker025_0110.wav,../data/LIP-RTVE/ROIs/speaker025/speaker025_0110.npz,../data/LIP-RTVE/transcriptions/speaker025/speaker025_0110.txt,5,utf-8
3929,LIP-RTVE,speaker025_0112,101,../data/LIP-RTVE/WAVs/speaker025/speaker025_0112.wav,../data/LIP-RTVE/ROIs/speaker025/speaker025_0112.npz,../data/LIP-RTVE/transcriptions/speaker025/speaker025_0112.txt,5,utf-8
3930,LIP-RTVE,speaker025_0114,113,../data/LIP-RTVE/WAVs/speaker025/speaker025_0114.wav,../data/LIP-RTVE/ROIs/speaker025/speaker025_0114.npz,../data/LIP-RTVE/transcriptions/speaker025/speaker025_0114.txt,5,utf-8
3931,LIP-RTVE,speaker025_0115,67,../data/LIP-RTVE/WAVs/speaker025/speaker025_0115.wav,../data/LIP-RTVE/ROIs/speaker025/speaker025_0115.npz,../data/LIP-RTVE/transcriptions/speaker025/speaker025_0115.txt,5,utf-8
3932,LIP-RTVE,speaker025_0116,48,../data/LIP-RTVE/WAVs/speaker025/speaker025_0116.wav,../data/LIP-RTVE/ROIs/speaker025/speaker025_0116.npz,../data/LIP-RTVE/transcriptions/speaker025/speaker025_0116.txt,5,utf-8
3933,LIP-RTVE,speaker025_0118,72,../data/LIP-RTVE/WAVs/speaker025/speaker025_0118.wav,../data/LIP-RTVE/ROIs/speaker025/speaker025_0118.npz,../data/LIP-RTVE/transcriptions/speaker025/speaker025_0118.txt,5,utf-8
3934,LIP-RTVE,speaker025_0119,206,../data/LIP-RTVE/WAVs/speaker025/speaker025_0119.wav,../data/LIP-RTVE/ROIs/speaker025/speaker025_0119.npz,../data/LIP-RTVE/transcriptions/speaker025/speaker025_0119.txt,5,utf-8
3935,LIP-RTVE,speaker025_0120,121,../data/LIP-RTVE/WAVs/speaker025/speaker025_0120.wav,../data/LIP-RTVE/ROIs/speaker025/speaker025_0120.npz,../data/LIP-RTVE/transcriptions/speaker025/speaker025_0120.txt,5,utf-8
3936,LIP-RTVE,speaker025_0122,116,../data/LIP-RTVE/WAVs/speaker025/speaker025_0122.wav,../data/LIP-RTVE/ROIs/speaker025/speaker025_0122.npz,../data/LIP-RTVE/transcriptions/speaker025/speaker025_0122.txt,5,utf-8
3937,LIP-RTVE,speaker025_0123,39,../data/LIP-RTVE/WAVs/speaker025/speaker025_0123.wav,../data/LIP-RTVE/ROIs/speaker025/speaker025_0123.npz,../data/LIP-RTVE/transcriptions/speaker025/speaker025_0123.txt,5,utf-8
3938,LIP-RTVE,speaker025_0126,158,../data/LIP-RTVE/WAVs/speaker025/speaker025_0126.wav,../data/LIP-RTVE/ROIs/speaker025/speaker025_0126.npz,../data/LIP-RTVE/transcriptions/speaker025/speaker025_0126.txt,5,utf-8
3939,LIP-RTVE,speaker025_0127,50,../data/LIP-RTVE/WAVs/speaker025/speaker025_0127.wav,../data/LIP-RTVE/ROIs/speaker025/speaker025_0127.npz,../data/LIP-RTVE/transcriptions/speaker025/speaker025_0127.txt,5,utf-8
3940,LIP-RTVE,speaker025_0128,29,../data/LIP-RTVE/WAVs/speaker025/speaker025_0128.wav,../data/LIP-RTVE/ROIs/speaker025/speaker025_0128.npz,../data/LIP-RTVE/transcriptions/speaker025/speaker025_0128.txt,5,utf-8
3941,LIP-RTVE,speaker025_0131,124,../data/LIP-RTVE/WAVs/speaker025/speaker025_0131.wav,../data/LIP-RTVE/ROIs/speaker025/speaker025_0131.npz,../data/LIP-RTVE/transcriptions/speaker025/speaker025_0131.txt,5,utf-8
3942,LIP-RTVE,speaker025_0132,101,../data/LIP-RTVE/WAVs/speaker025/speaker025_0132.wav,../data/LIP-RTVE/ROIs/speaker025/speaker025_0132.npz,../data/LIP-RTVE/transcriptions/speaker025/speaker025_0132.txt,5,utf-8
3943,LIP-RTVE,speaker025_0134,63,../data/LIP-RTVE/WAVs/speaker025/speaker025_0134.wav,../data/LIP-RTVE/ROIs/speaker025/speaker025_0134.npz,../data/LIP-RTVE/transcriptions/speaker025/speaker025_0134.txt,5,utf-8
3944,LIP-RTVE,speaker025_0135,85,../data/LIP-RTVE/WAVs/speaker025/speaker025_0135.wav,../data/LIP-RTVE/ROIs/speaker025/speaker025_0135.npz,../data/LIP-RTVE/transcriptions/speaker025/speaker025_0135.txt,5,utf-8
3945,LIP-RTVE,speaker025_0136,54,../data/LIP-RTVE/WAVs/speaker025/speaker025_0136.wav,../data/LIP-RTVE/ROIs/speaker025/speaker025_0136.npz,../data/LIP-RTVE/transcriptions/speaker025/speaker025_0136.txt,5,utf-8
3946,LIP-RTVE,speaker025_0137,39,../data/LIP-RTVE/WAVs/speaker025/speaker025_0137.wav,../data/LIP-RTVE/ROIs/speaker025/speaker025_0137.npz,../data/LIP-RTVE/transcriptions/speaker025/speaker025_0137.txt,5,utf-8
3947,LIP-RTVE,speaker025_0139,106,../data/LIP-RTVE/WAVs/speaker025/speaker025_0139.wav,../data/LIP-RTVE/ROIs/speaker025/speaker025_0139.npz,../data/LIP-RTVE/transcriptions/speaker025/speaker025_0139.txt,5,utf-8
3948,LIP-RTVE,speaker025_0141,213,../data/LIP-RTVE/WAVs/speaker025/speaker025_0141.wav,../data/LIP-RTVE/ROIs/speaker025/speaker025_0141.npz,../data/LIP-RTVE/transcriptions/speaker025/speaker025_0141.txt,5,utf-8
3949,LIP-RTVE,speaker025_0142,108,../data/LIP-RTVE/WAVs/speaker025/speaker025_0142.wav,../data/LIP-RTVE/ROIs/speaker025/speaker025_0142.npz,../data/LIP-RTVE/transcriptions/speaker025/speaker025_0142.txt,5,utf-8
3950,LIP-RTVE,speaker025_0143,180,../data/LIP-RTVE/WAVs/speaker025/speaker025_0143.wav,../data/LIP-RTVE/ROIs/speaker025/speaker025_0143.npz,../data/LIP-RTVE/transcriptions/speaker025/speaker025_0143.txt,5,utf-8
3951,LIP-RTVE,speaker025_0145,34,../data/LIP-RTVE/WAVs/speaker025/speaker025_0145.wav,../data/LIP-RTVE/ROIs/speaker025/speaker025_0145.npz,../data/LIP-RTVE/transcriptions/speaker025/speaker025_0145.txt,5,utf-8
3952,LIP-RTVE,speaker025_0146,70,../data/LIP-RTVE/WAVs/speaker025/speaker025_0146.wav,../data/LIP-RTVE/ROIs/speaker025/speaker025_0146.npz,../data/LIP-RTVE/transcriptions/speaker025/speaker025_0146.txt,5,utf-8
3953,LIP-RTVE,speaker025_0147,119,../data/LIP-RTVE/WAVs/speaker025/speaker025_0147.wav,../data/LIP-RTVE/ROIs/speaker025/speaker025_0147.npz,../data/LIP-RTVE/transcriptions/speaker025/speaker025_0147.txt,5,utf-8
3954,LIP-RTVE,speaker025_0148,47,../data/LIP-RTVE/WAVs/speaker025/speaker025_0148.wav,../data/LIP-RTVE/ROIs/speaker025/speaker025_0148.npz,../data/LIP-RTVE/transcriptions/speaker025/speaker025_0148.txt,5,utf-8
3955,LIP-RTVE,speaker025_0149,71,../data/LIP-RTVE/WAVs/speaker025/speaker025_0149.wav,../data/LIP-RTVE/ROIs/speaker025/speaker025_0149.npz,../data/LIP-RTVE/transcriptions/speaker025/speaker025_0149.txt,5,utf-8
3956,LIP-RTVE,speaker025_0150,46,../data/LIP-RTVE/WAVs/speaker025/speaker025_0150.wav,../data/LIP-RTVE/ROIs/speaker025/speaker025_0150.npz,../data/LIP-RTVE/transcriptions/speaker025/speaker025_0150.txt,5,utf-8
3957,LIP-RTVE,speaker025_0151,34,../data/LIP-RTVE/WAVs/speaker025/speaker025_0151.wav,../data/LIP-RTVE/ROIs/speaker025/speaker025_0151.npz,../data/LIP-RTVE/transcriptions/speaker025/speaker025_0151.txt,5,utf-8
3958,LIP-RTVE,speaker025_0152,84,../data/LIP-RTVE/WAVs/speaker025/speaker025_0152.wav,../data/LIP-RTVE/ROIs/speaker025/speaker025_0152.npz,../data/LIP-RTVE/transcriptions/speaker025/speaker025_0152.txt,5,utf-8
3959,LIP-RTVE,speaker025_0153,122,../data/LIP-RTVE/WAVs/speaker025/speaker025_0153.wav,../data/LIP-RTVE/ROIs/speaker025/speaker025_0153.npz,../data/LIP-RTVE/transcriptions/speaker025/speaker025_0153.txt,5,utf-8
3960,LIP-RTVE,speaker025_0154,38,../data/LIP-RTVE/WAVs/speaker025/speaker025_0154.wav,../data/LIP-RTVE/ROIs/speaker025/speaker025_0154.npz,../data/LIP-RTVE/transcriptions/speaker025/speaker025_0154.txt,5,utf-8
3961,LIP-RTVE,speaker025_0155,110,../data/LIP-RTVE/WAVs/speaker025/speaker025_0155.wav,../data/LIP-RTVE/ROIs/speaker025/speaker025_0155.npz,../data/LIP-RTVE/transcriptions/speaker025/speaker025_0155.txt,5,utf-8
3962,LIP-RTVE,speaker025_0156,78,../data/LIP-RTVE/WAVs/speaker025/speaker025_0156.wav,../data/LIP-RTVE/ROIs/speaker025/speaker025_0156.npz,../data/LIP-RTVE/transcriptions/speaker025/speaker025_0156.txt,5,utf-8
3963,LIP-RTVE,speaker025_0157,91,../data/LIP-RTVE/WAVs/speaker025/speaker025_0157.wav,../data/LIP-RTVE/ROIs/speaker025/speaker025_0157.npz,../data/LIP-RTVE/transcriptions/speaker025/speaker025_0157.txt,5,utf-8
3964,LIP-RTVE,speaker025_0158,65,../data/LIP-RTVE/WAVs/speaker025/speaker025_0158.wav,../data/LIP-RTVE/ROIs/speaker025/speaker025_0158.npz,../data/LIP-RTVE/transcriptions/speaker025/speaker025_0158.txt,5,utf-8
3965,LIP-RTVE,speaker025_0159,175,../data/LIP-RTVE/WAVs/speaker025/speaker025_0159.wav,../data/LIP-RTVE/ROIs/speaker025/speaker025_0159.npz,../data/LIP-RTVE/transcriptions/speaker025/speaker025_0159.txt,5,utf-8
3966,LIP-RTVE,speaker025_0160,110,../data/LIP-RTVE/WAVs/speaker025/speaker025_0160.wav,../data/LIP-RTVE/ROIs/speaker025/speaker025_0160.npz,../data/LIP-RTVE/transcriptions/speaker025/speaker025_0160.txt,5,utf-8
3967,LIP-RTVE,speaker025_0161,155,../data/LIP-RTVE/WAVs/speaker025/speaker025_0161.wav,../data/LIP-RTVE/ROIs/speaker025/speaker025_0161.npz,../data/LIP-RTVE/transcriptions/speaker025/speaker025_0161.txt,5,utf-8
3968,LIP-RTVE,speaker025_0163,29,../data/LIP-RTVE/WAVs/speaker025/speaker025_0163.wav,../data/LIP-RTVE/ROIs/speaker025/speaker025_0163.npz,../data/LIP-RTVE/transcriptions/speaker025/speaker025_0163.txt,5,utf-8
3969,LIP-RTVE,speaker025_0164,96,../data/LIP-RTVE/WAVs/speaker025/speaker025_0164.wav,../data/LIP-RTVE/ROIs/speaker025/speaker025_0164.npz,../data/LIP-RTVE/transcriptions/speaker025/speaker025_0164.txt,5,utf-8
3970,LIP-RTVE,speaker025_0165,63,../data/LIP-RTVE/WAVs/speaker025/speaker025_0165.wav,../data/LIP-RTVE/ROIs/speaker025/speaker025_0165.npz,../data/LIP-RTVE/transcriptions/speaker025/speaker025_0165.txt,5,utf-8
3971,LIP-RTVE,speaker025_0166,157,../data/LIP-RTVE/WAVs/speaker025/speaker025_0166.wav,../data/LIP-RTVE/ROIs/speaker025/speaker025_0166.npz,../data/LIP-RTVE/transcriptions/speaker025/speaker025_0166.txt,5,utf-8
3972,LIP-RTVE,speaker025_0167,52,../data/LIP-RTVE/WAVs/speaker025/speaker025_0167.wav,../data/LIP-RTVE/ROIs/speaker025/speaker025_0167.npz,../data/LIP-RTVE/transcriptions/speaker025/speaker025_0167.txt,5,utf-8
3973,LIP-RTVE,speaker025_0168,45,../data/LIP-RTVE/WAVs/speaker025/speaker025_0168.wav,../data/LIP-RTVE/ROIs/speaker025/speaker025_0168.npz,../data/LIP-RTVE/transcriptions/speaker025/speaker025_0168.txt,5,utf-8
3974,LIP-RTVE,speaker025_0169,100,../data/LIP-RTVE/WAVs/speaker025/speaker025_0169.wav,../data/LIP-RTVE/ROIs/speaker025/speaker025_0169.npz,../data/LIP-RTVE/transcriptions/speaker025/speaker025_0169.txt,5,utf-8
3975,LIP-RTVE,speaker025_0170,61,../data/LIP-RTVE/WAVs/speaker025/speaker025_0170.wav,../data/LIP-RTVE/ROIs/speaker025/speaker025_0170.npz,../data/LIP-RTVE/transcriptions/speaker025/speaker025_0170.txt,5,utf-8
3976,LIP-RTVE,speaker025_0171,155,../data/LIP-RTVE/WAVs/speaker025/speaker025_0171.wav,../data/LIP-RTVE/ROIs/speaker025/speaker025_0171.npz,../data/LIP-RTVE/transcriptions/speaker025/speaker025_0171.txt,5,utf-8
3977,LIP-RTVE,speaker025_0173,29,../data/LIP-RTVE/WAVs/speaker025/speaker025_0173.wav,../data/LIP-RTVE/ROIs/speaker025/speaker025_0173.npz,../data/LIP-RTVE/transcriptions/speaker025/speaker025_0173.txt,5,utf-8
3978,LIP-RTVE,speaker025_0174,131,../data/LIP-RTVE/WAVs/speaker025/speaker025_0174.wav,../data/LIP-RTVE/ROIs/speaker025/speaker025_0174.npz,../data/LIP-RTVE/transcriptions/speaker025/speaker025_0174.txt,5,utf-8
3979,LIP-RTVE,speaker025_0175,93,../data/LIP-RTVE/WAVs/speaker025/speaker025_0175.wav,../data/LIP-RTVE/ROIs/speaker025/speaker025_0175.npz,../data/LIP-RTVE/transcriptions/speaker025/speaker025_0175.txt,5,utf-8
3980,LIP-RTVE,speaker025_0176,131,../data/LIP-RTVE/WAVs/speaker025/speaker025_0176.wav,../data/LIP-RTVE/ROIs/speaker025/speaker025_0176.npz,../data/LIP-RTVE/transcriptions/speaker025/speaker025_0176.txt,5,utf-8
3981,LIP-RTVE,speaker025_0177,39,../data/LIP-RTVE/WAVs/speaker025/speaker025_0177.wav,../data/LIP-RTVE/ROIs/speaker025/speaker025_0177.npz,../data/LIP-RTVE/transcriptions/speaker025/speaker025_0177.txt,5,utf-8
3982,LIP-RTVE,speaker025_0179,96,../data/LIP-RTVE/WAVs/speaker025/speaker025_0179.wav,../data/LIP-RTVE/ROIs/speaker025/speaker025_0179.npz,../data/LIP-RTVE/transcriptions/speaker025/speaker025_0179.txt,5,utf-8
3983,LIP-RTVE,speaker025_0181,116,../data/LIP-RTVE/WAVs/speaker025/speaker025_0181.wav,../data/LIP-RTVE/ROIs/speaker025/speaker025_0181.npz,../data/LIP-RTVE/transcriptions/speaker025/speaker025_0181.txt,5,utf-8
3984,LIP-RTVE,speaker025_0182,178,../data/LIP-RTVE/WAVs/speaker025/speaker025_0182.wav,../data/LIP-RTVE/ROIs/speaker025/speaker025_0182.npz,../data/LIP-RTVE/transcriptions/speaker025/speaker025_0182.txt,5,utf-8
3985,LIP-RTVE,speaker025_0184,79,../data/LIP-RTVE/WAVs/speaker025/speaker025_0184.wav,../data/LIP-RTVE/ROIs/speaker025/speaker025_0184.npz,../data/LIP-RTVE/transcriptions/speaker025/speaker025_0184.txt,5,utf-8
3986,LIP-RTVE,speaker025_0189,66,../data/LIP-RTVE/WAVs/speaker025/speaker025_0189.wav,../data/LIP-RTVE/ROIs/speaker025/speaker025_0189.npz,../data/LIP-RTVE/transcriptions/speaker025/speaker025_0189.txt,5,utf-8
3987,LIP-RTVE,speaker025_0190,47,../data/LIP-RTVE/WAVs/speaker025/speaker025_0190.wav,../data/LIP-RTVE/ROIs/speaker025/speaker025_0190.npz,../data/LIP-RTVE/transcriptions/speaker025/speaker025_0190.txt,5,utf-8
3988,LIP-RTVE,speaker025_0191,251,../data/LIP-RTVE/WAVs/speaker025/speaker025_0191.wav,../data/LIP-RTVE/ROIs/speaker025/speaker025_0191.npz,../data/LIP-RTVE/transcriptions/speaker025/speaker025_0191.txt,5,utf-8
3989,LIP-RTVE,speaker025_0192,188,../data/LIP-RTVE/WAVs/speaker025/speaker025_0192.wav,../data/LIP-RTVE/ROIs/speaker025/speaker025_0192.npz,../data/LIP-RTVE/transcriptions/speaker025/speaker025_0192.txt,5,utf-8
3990,LIP-RTVE,speaker025_0193,55,../data/LIP-RTVE/WAVs/speaker025/speaker025_0193.wav,../data/LIP-RTVE/ROIs/speaker025/speaker025_0193.npz,../data/LIP-RTVE/transcriptions/speaker025/speaker025_0193.txt,5,utf-8
3991,LIP-RTVE,speaker025_0194,107,../data/LIP-RTVE/WAVs/speaker025/speaker025_0194.wav,../data/LIP-RTVE/ROIs/speaker025/speaker025_0194.npz,../data/LIP-RTVE/transcriptions/speaker025/speaker025_0194.txt,5,utf-8
3992,LIP-RTVE,speaker025_0195,150,../data/LIP-RTVE/WAVs/speaker025/speaker025_0195.wav,../data/LIP-RTVE/ROIs/speaker025/speaker025_0195.npz,../data/LIP-RTVE/transcriptions/speaker025/speaker025_0195.txt,5,utf-8
3993,LIP-RTVE,speaker025_0196,42,../data/LIP-RTVE/WAVs/speaker025/speaker025_0196.wav,../data/LIP-RTVE/ROIs/speaker025/speaker025_0196.npz,../data/LIP-RTVE/transcriptions/speaker025/speaker025_0196.txt,5,utf-8
3994,LIP-RTVE,speaker025_0197,187,../data/LIP-RTVE/WAVs/speaker025/speaker025_0197.wav,../data/LIP-RTVE/ROIs/speaker025/speaker025_0197.npz,../data/LIP-RTVE/transcriptions/speaker025/speaker025_0197.txt,5,utf-8
3995,LIP-RTVE,speaker025_0198,142,../data/LIP-RTVE/WAVs/speaker025/speaker025_0198.wav,../data/LIP-RTVE/ROIs/speaker025/speaker025_0198.npz,../data/LIP-RTVE/transcriptions/speaker025/speaker025_0198.txt,5,utf-8
3996,LIP-RTVE,speaker025_0200,66,../data/LIP-RTVE/WAVs/speaker025/speaker025_0200.wav,../data/LIP-RTVE/ROIs/speaker025/speaker025_0200.npz,../data/LIP-RTVE/transcriptions/speaker025/speaker025_0200.txt,5,utf-8
3997,LIP-RTVE,speaker025_0201,258,../data/LIP-RTVE/WAVs/speaker025/speaker025_0201.wav,../data/LIP-RTVE/ROIs/speaker025/speaker025_0201.npz,../data/LIP-RTVE/transcriptions/speaker025/speaker025_0201.txt,5,utf-8
3998,LIP-RTVE,speaker025_0202,189,../data/LIP-RTVE/WAVs/speaker025/speaker025_0202.wav,../data/LIP-RTVE/ROIs/speaker025/speaker025_0202.npz,../data/LIP-RTVE/transcriptions/speaker025/speaker025_0202.txt,5,utf-8
3999,LIP-RTVE,speaker025_0204,149,../data/LIP-RTVE/WAVs/speaker025/speaker025_0204.wav,../data/LIP-RTVE/ROIs/speaker025/speaker025_0204.npz,../data/LIP-RTVE/transcriptions/speaker025/speaker025_0204.txt,5,utf-8
4000,LIP-RTVE,speaker025_0205,119,../data/LIP-RTVE/WAVs/speaker025/speaker025_0205.wav,../data/LIP-RTVE/ROIs/speaker025/speaker025_0205.npz,../data/LIP-RTVE/transcriptions/speaker025/speaker025_0205.txt,5,utf-8
4001,LIP-RTVE,speaker025_0206,80,../data/LIP-RTVE/WAVs/speaker025/speaker025_0206.wav,../data/LIP-RTVE/ROIs/speaker025/speaker025_0206.npz,../data/LIP-RTVE/transcriptions/speaker025/speaker025_0206.txt,5,utf-8
4002,LIP-RTVE,speaker025_0207,100,../data/LIP-RTVE/WAVs/speaker025/speaker025_0207.wav,../data/LIP-RTVE/ROIs/speaker025/speaker025_0207.npz,../data/LIP-RTVE/transcriptions/speaker025/speaker025_0207.txt,5,utf-8
4003,LIP-RTVE,speaker025_0208,173,../data/LIP-RTVE/WAVs/speaker025/speaker025_0208.wav,../data/LIP-RTVE/ROIs/speaker025/speaker025_0208.npz,../data/LIP-RTVE/transcriptions/speaker025/speaker025_0208.txt,5,utf-8
4004,LIP-RTVE,speaker025_0209,67,../data/LIP-RTVE/WAVs/speaker025/speaker025_0209.wav,../data/LIP-RTVE/ROIs/speaker025/speaker025_0209.npz,../data/LIP-RTVE/transcriptions/speaker025/speaker025_0209.txt,5,utf-8
4005,LIP-RTVE,speaker025_0210,27,../data/LIP-RTVE/WAVs/speaker025/speaker025_0210.wav,../data/LIP-RTVE/ROIs/speaker025/speaker025_0210.npz,../data/LIP-RTVE/transcriptions/speaker025/speaker025_0210.txt,5,utf-8
4006,LIP-RTVE,speaker025_0212,82,../data/LIP-RTVE/WAVs/speaker025/speaker025_0212.wav,../data/LIP-RTVE/ROIs/speaker025/speaker025_0212.npz,../data/LIP-RTVE/transcriptions/speaker025/speaker025_0212.txt,5,utf-8
4007,LIP-RTVE,speaker025_0213,52,../data/LIP-RTVE/WAVs/speaker025/speaker025_0213.wav,../data/LIP-RTVE/ROIs/speaker025/speaker025_0213.npz,../data/LIP-RTVE/transcriptions/speaker025/speaker025_0213.txt,5,utf-8
4008,LIP-RTVE,speaker025_0215,146,../data/LIP-RTVE/WAVs/speaker025/speaker025_0215.wav,../data/LIP-RTVE/ROIs/speaker025/speaker025_0215.npz,../data/LIP-RTVE/transcriptions/speaker025/speaker025_0215.txt,5,utf-8
4009,LIP-RTVE,speaker025_0217,241,../data/LIP-RTVE/WAVs/speaker025/speaker025_0217.wav,../data/LIP-RTVE/ROIs/speaker025/speaker025_0217.npz,../data/LIP-RTVE/transcriptions/speaker025/speaker025_0217.txt,5,utf-8
4010,LIP-RTVE,speaker025_0218,85,../data/LIP-RTVE/WAVs/speaker025/speaker025_0218.wav,../data/LIP-RTVE/ROIs/speaker025/speaker025_0218.npz,../data/LIP-RTVE/transcriptions/speaker025/speaker025_0218.txt,5,utf-8
4011,LIP-RTVE,speaker025_0221,195,../data/LIP-RTVE/WAVs/speaker025/speaker025_0221.wav,../data/LIP-RTVE/ROIs/speaker025/speaker025_0221.npz,../data/LIP-RTVE/transcriptions/speaker025/speaker025_0221.txt,5,utf-8
4012,LIP-RTVE,speaker025_0224,149,../data/LIP-RTVE/WAVs/speaker025/speaker025_0224.wav,../data/LIP-RTVE/ROIs/speaker025/speaker025_0224.npz,../data/LIP-RTVE/transcriptions/speaker025/speaker025_0224.txt,5,utf-8
4013,LIP-RTVE,speaker025_0226,120,../data/LIP-RTVE/WAVs/speaker025/speaker025_0226.wav,../data/LIP-RTVE/ROIs/speaker025/speaker025_0226.npz,../data/LIP-RTVE/transcriptions/speaker025/speaker025_0226.txt,5,utf-8
4014,LIP-RTVE,speaker026_0000,50,../data/LIP-RTVE/WAVs/speaker026/speaker026_0000.wav,../data/LIP-RTVE/ROIs/speaker026/speaker026_0000.npz,../data/LIP-RTVE/transcriptions/speaker026/speaker026_0000.txt,5,utf-8
4015,LIP-RTVE,speaker026_0002,248,../data/LIP-RTVE/WAVs/speaker026/speaker026_0002.wav,../data/LIP-RTVE/ROIs/speaker026/speaker026_0002.npz,../data/LIP-RTVE/transcriptions/speaker026/speaker026_0002.txt,5,utf-8
4016,LIP-RTVE,speaker026_0005,58,../data/LIP-RTVE/WAVs/speaker026/speaker026_0005.wav,../data/LIP-RTVE/ROIs/speaker026/speaker026_0005.npz,../data/LIP-RTVE/transcriptions/speaker026/speaker026_0005.txt,5,utf-8
4017,LIP-RTVE,speaker026_0006,54,../data/LIP-RTVE/WAVs/speaker026/speaker026_0006.wav,../data/LIP-RTVE/ROIs/speaker026/speaker026_0006.npz,../data/LIP-RTVE/transcriptions/speaker026/speaker026_0006.txt,5,utf-8
4018,LIP-RTVE,speaker026_0007,229,../data/LIP-RTVE/WAVs/speaker026/speaker026_0007.wav,../data/LIP-RTVE/ROIs/speaker026/speaker026_0007.npz,../data/LIP-RTVE/transcriptions/speaker026/speaker026_0007.txt,5,utf-8
4019,LIP-RTVE,speaker026_0009,212,../data/LIP-RTVE/WAVs/speaker026/speaker026_0009.wav,../data/LIP-RTVE/ROIs/speaker026/speaker026_0009.npz,../data/LIP-RTVE/transcriptions/speaker026/speaker026_0009.txt,5,utf-8
4020,LIP-RTVE,speaker026_0010,133,../data/LIP-RTVE/WAVs/speaker026/speaker026_0010.wav,../data/LIP-RTVE/ROIs/speaker026/speaker026_0010.npz,../data/LIP-RTVE/transcriptions/speaker026/speaker026_0010.txt,5,utf-8
4021,LIP-RTVE,speaker026_0011,102,../data/LIP-RTVE/WAVs/speaker026/speaker026_0011.wav,../data/LIP-RTVE/ROIs/speaker026/speaker026_0011.npz,../data/LIP-RTVE/transcriptions/speaker026/speaker026_0011.txt,5,utf-8
4022,LIP-RTVE,speaker026_0014,121,../data/LIP-RTVE/WAVs/speaker026/speaker026_0014.wav,../data/LIP-RTVE/ROIs/speaker026/speaker026_0014.npz,../data/LIP-RTVE/transcriptions/speaker026/speaker026_0014.txt,5,utf-8
4023,LIP-RTVE,speaker026_0016,202,../data/LIP-RTVE/WAVs/speaker026/speaker026_0016.wav,../data/LIP-RTVE/ROIs/speaker026/speaker026_0016.npz,../data/LIP-RTVE/transcriptions/speaker026/speaker026_0016.txt,5,utf-8
4024,LIP-RTVE,speaker026_0017,46,../data/LIP-RTVE/WAVs/speaker026/speaker026_0017.wav,../data/LIP-RTVE/ROIs/speaker026/speaker026_0017.npz,../data/LIP-RTVE/transcriptions/speaker026/speaker026_0017.txt,5,utf-8
4025,LIP-RTVE,speaker026_0018,107,../data/LIP-RTVE/WAVs/speaker026/speaker026_0018.wav,../data/LIP-RTVE/ROIs/speaker026/speaker026_0018.npz,../data/LIP-RTVE/transcriptions/speaker026/speaker026_0018.txt,5,utf-8
4026,LIP-RTVE,speaker026_0019,27,../data/LIP-RTVE/WAVs/speaker026/speaker026_0019.wav,../data/LIP-RTVE/ROIs/speaker026/speaker026_0019.npz,../data/LIP-RTVE/transcriptions/speaker026/speaker026_0019.txt,5,utf-8
4027,LIP-RTVE,speaker026_0020,26,../data/LIP-RTVE/WAVs/speaker026/speaker026_0020.wav,../data/LIP-RTVE/ROIs/speaker026/speaker026_0020.npz,../data/LIP-RTVE/transcriptions/speaker026/speaker026_0020.txt,5,utf-8
4028,LIP-RTVE,speaker026_0021,57,../data/LIP-RTVE/WAVs/speaker026/speaker026_0021.wav,../data/LIP-RTVE/ROIs/speaker026/speaker026_0021.npz,../data/LIP-RTVE/transcriptions/speaker026/speaker026_0021.txt,5,utf-8
4029,LIP-RTVE,speaker026_0022,115,../data/LIP-RTVE/WAVs/speaker026/speaker026_0022.wav,../data/LIP-RTVE/ROIs/speaker026/speaker026_0022.npz,../data/LIP-RTVE/transcriptions/speaker026/speaker026_0022.txt,5,utf-8
4030,LIP-RTVE,speaker026_0025,46,../data/LIP-RTVE/WAVs/speaker026/speaker026_0025.wav,../data/LIP-RTVE/ROIs/speaker026/speaker026_0025.npz,../data/LIP-RTVE/transcriptions/speaker026/speaker026_0025.txt,5,utf-8
4031,LIP-RTVE,speaker026_0026,62,../data/LIP-RTVE/WAVs/speaker026/speaker026_0026.wav,../data/LIP-RTVE/ROIs/speaker026/speaker026_0026.npz,../data/LIP-RTVE/transcriptions/speaker026/speaker026_0026.txt,5,utf-8
4032,LIP-RTVE,speaker026_0029,103,../data/LIP-RTVE/WAVs/speaker026/speaker026_0029.wav,../data/LIP-RTVE/ROIs/speaker026/speaker026_0029.npz,../data/LIP-RTVE/transcriptions/speaker026/speaker026_0029.txt,5,utf-8
4033,LIP-RTVE,speaker026_0030,56,../data/LIP-RTVE/WAVs/speaker026/speaker026_0030.wav,../data/LIP-RTVE/ROIs/speaker026/speaker026_0030.npz,../data/LIP-RTVE/transcriptions/speaker026/speaker026_0030.txt,5,utf-8
4034,LIP-RTVE,speaker026_0034,68,../data/LIP-RTVE/WAVs/speaker026/speaker026_0034.wav,../data/LIP-RTVE/ROIs/speaker026/speaker026_0034.npz,../data/LIP-RTVE/transcriptions/speaker026/speaker026_0034.txt,5,utf-8
4035,LIP-RTVE,speaker026_0036,27,../data/LIP-RTVE/WAVs/speaker026/speaker026_0036.wav,../data/LIP-RTVE/ROIs/speaker026/speaker026_0036.npz,../data/LIP-RTVE/transcriptions/speaker026/speaker026_0036.txt,5,utf-8
4036,LIP-RTVE,speaker026_0037,114,../data/LIP-RTVE/WAVs/speaker026/speaker026_0037.wav,../data/LIP-RTVE/ROIs/speaker026/speaker026_0037.npz,../data/LIP-RTVE/transcriptions/speaker026/speaker026_0037.txt,5,utf-8
4037,LIP-RTVE,speaker026_0038,85,../data/LIP-RTVE/WAVs/speaker026/speaker026_0038.wav,../data/LIP-RTVE/ROIs/speaker026/speaker026_0038.npz,../data/LIP-RTVE/transcriptions/speaker026/speaker026_0038.txt,5,utf-8
4038,LIP-RTVE,speaker026_0039,40,../data/LIP-RTVE/WAVs/speaker026/speaker026_0039.wav,../data/LIP-RTVE/ROIs/speaker026/speaker026_0039.npz,../data/LIP-RTVE/transcriptions/speaker026/speaker026_0039.txt,5,utf-8
4039,LIP-RTVE,speaker026_0040,218,../data/LIP-RTVE/WAVs/speaker026/speaker026_0040.wav,../data/LIP-RTVE/ROIs/speaker026/speaker026_0040.npz,../data/LIP-RTVE/transcriptions/speaker026/speaker026_0040.txt,5,utf-8
4040,LIP-RTVE,speaker026_0041,130,../data/LIP-RTVE/WAVs/speaker026/speaker026_0041.wav,../data/LIP-RTVE/ROIs/speaker026/speaker026_0041.npz,../data/LIP-RTVE/transcriptions/speaker026/speaker026_0041.txt,5,utf-8
4041,LIP-RTVE,speaker026_0042,91,../data/LIP-RTVE/WAVs/speaker026/speaker026_0042.wav,../data/LIP-RTVE/ROIs/speaker026/speaker026_0042.npz,../data/LIP-RTVE/transcriptions/speaker026/speaker026_0042.txt,5,utf-8
4042,LIP-RTVE,speaker026_0043,213,../data/LIP-RTVE/WAVs/speaker026/speaker026_0043.wav,../data/LIP-RTVE/ROIs/speaker026/speaker026_0043.npz,../data/LIP-RTVE/transcriptions/speaker026/speaker026_0043.txt,5,utf-8
4043,LIP-RTVE,speaker026_0044,180,../data/LIP-RTVE/WAVs/speaker026/speaker026_0044.wav,../data/LIP-RTVE/ROIs/speaker026/speaker026_0044.npz,../data/LIP-RTVE/transcriptions/speaker026/speaker026_0044.txt,5,utf-8
4044,LIP-RTVE,speaker026_0045,92,../data/LIP-RTVE/WAVs/speaker026/speaker026_0045.wav,../data/LIP-RTVE/ROIs/speaker026/speaker026_0045.npz,../data/LIP-RTVE/transcriptions/speaker026/speaker026_0045.txt,5,utf-8
4045,LIP-RTVE,speaker026_0046,26,../data/LIP-RTVE/WAVs/speaker026/speaker026_0046.wav,../data/LIP-RTVE/ROIs/speaker026/speaker026_0046.npz,../data/LIP-RTVE/transcriptions/speaker026/speaker026_0046.txt,5,utf-8
4046,LIP-RTVE,speaker026_0047,59,../data/LIP-RTVE/WAVs/speaker026/speaker026_0047.wav,../data/LIP-RTVE/ROIs/speaker026/speaker026_0047.npz,../data/LIP-RTVE/transcriptions/speaker026/speaker026_0047.txt,5,utf-8
4047,LIP-RTVE,speaker026_0048,117,../data/LIP-RTVE/WAVs/speaker026/speaker026_0048.wav,../data/LIP-RTVE/ROIs/speaker026/speaker026_0048.npz,../data/LIP-RTVE/transcriptions/speaker026/speaker026_0048.txt,5,utf-8
4048,LIP-RTVE,speaker026_0049,108,../data/LIP-RTVE/WAVs/speaker026/speaker026_0049.wav,../data/LIP-RTVE/ROIs/speaker026/speaker026_0049.npz,../data/LIP-RTVE/transcriptions/speaker026/speaker026_0049.txt,5,utf-8
4049,LIP-RTVE,speaker026_0051,53,../data/LIP-RTVE/WAVs/speaker026/speaker026_0051.wav,../data/LIP-RTVE/ROIs/speaker026/speaker026_0051.npz,../data/LIP-RTVE/transcriptions/speaker026/speaker026_0051.txt,5,utf-8
4050,LIP-RTVE,speaker026_0053,28,../data/LIP-RTVE/WAVs/speaker026/speaker026_0053.wav,../data/LIP-RTVE/ROIs/speaker026/speaker026_0053.npz,../data/LIP-RTVE/transcriptions/speaker026/speaker026_0053.txt,5,utf-8
4051,LIP-RTVE,speaker026_0054,35,../data/LIP-RTVE/WAVs/speaker026/speaker026_0054.wav,../data/LIP-RTVE/ROIs/speaker026/speaker026_0054.npz,../data/LIP-RTVE/transcriptions/speaker026/speaker026_0054.txt,5,utf-8
4052,LIP-RTVE,speaker026_0055,68,../data/LIP-RTVE/WAVs/speaker026/speaker026_0055.wav,../data/LIP-RTVE/ROIs/speaker026/speaker026_0055.npz,../data/LIP-RTVE/transcriptions/speaker026/speaker026_0055.txt,5,utf-8
4053,LIP-RTVE,speaker026_0057,155,../data/LIP-RTVE/WAVs/speaker026/speaker026_0057.wav,../data/LIP-RTVE/ROIs/speaker026/speaker026_0057.npz,../data/LIP-RTVE/transcriptions/speaker026/speaker026_0057.txt,5,utf-8
4054,LIP-RTVE,speaker026_0058,79,../data/LIP-RTVE/WAVs/speaker026/speaker026_0058.wav,../data/LIP-RTVE/ROIs/speaker026/speaker026_0058.npz,../data/LIP-RTVE/transcriptions/speaker026/speaker026_0058.txt,5,utf-8
4055,LIP-RTVE,speaker026_0059,60,../data/LIP-RTVE/WAVs/speaker026/speaker026_0059.wav,../data/LIP-RTVE/ROIs/speaker026/speaker026_0059.npz,../data/LIP-RTVE/transcriptions/speaker026/speaker026_0059.txt,5,utf-8
4056,LIP-RTVE,speaker026_0061,44,../data/LIP-RTVE/WAVs/speaker026/speaker026_0061.wav,../data/LIP-RTVE/ROIs/speaker026/speaker026_0061.npz,../data/LIP-RTVE/transcriptions/speaker026/speaker026_0061.txt,5,utf-8
4057,LIP-RTVE,speaker026_0062,99,../data/LIP-RTVE/WAVs/speaker026/speaker026_0062.wav,../data/LIP-RTVE/ROIs/speaker026/speaker026_0062.npz,../data/LIP-RTVE/transcriptions/speaker026/speaker026_0062.txt,5,utf-8
4058,LIP-RTVE,speaker026_0065,109,../data/LIP-RTVE/WAVs/speaker026/speaker026_0065.wav,../data/LIP-RTVE/ROIs/speaker026/speaker026_0065.npz,../data/LIP-RTVE/transcriptions/speaker026/speaker026_0065.txt,5,utf-8
4059,LIP-RTVE,speaker026_0066,151,../data/LIP-RTVE/WAVs/speaker026/speaker026_0066.wav,../data/LIP-RTVE/ROIs/speaker026/speaker026_0066.npz,../data/LIP-RTVE/transcriptions/speaker026/speaker026_0066.txt,5,utf-8
4060,LIP-RTVE,speaker026_0067,55,../data/LIP-RTVE/WAVs/speaker026/speaker026_0067.wav,../data/LIP-RTVE/ROIs/speaker026/speaker026_0067.npz,../data/LIP-RTVE/transcriptions/speaker026/speaker026_0067.txt,5,utf-8
4061,LIP-RTVE,speaker026_0068,116,../data/LIP-RTVE/WAVs/speaker026/speaker026_0068.wav,../data/LIP-RTVE/ROIs/speaker026/speaker026_0068.npz,../data/LIP-RTVE/transcriptions/speaker026/speaker026_0068.txt,5,utf-8
4062,LIP-RTVE,speaker026_0069,63,../data/LIP-RTVE/WAVs/speaker026/speaker026_0069.wav,../data/LIP-RTVE/ROIs/speaker026/speaker026_0069.npz,../data/LIP-RTVE/transcriptions/speaker026/speaker026_0069.txt,5,utf-8
4063,LIP-RTVE,speaker026_0070,43,../data/LIP-RTVE/WAVs/speaker026/speaker026_0070.wav,../data/LIP-RTVE/ROIs/speaker026/speaker026_0070.npz,../data/LIP-RTVE/transcriptions/speaker026/speaker026_0070.txt,5,utf-8
4064,LIP-RTVE,speaker026_0071,54,../data/LIP-RTVE/WAVs/speaker026/speaker026_0071.wav,../data/LIP-RTVE/ROIs/speaker026/speaker026_0071.npz,../data/LIP-RTVE/transcriptions/speaker026/speaker026_0071.txt,5,utf-8
4065,LIP-RTVE,speaker026_0073,43,../data/LIP-RTVE/WAVs/speaker026/speaker026_0073.wav,../data/LIP-RTVE/ROIs/speaker026/speaker026_0073.npz,../data/LIP-RTVE/transcriptions/speaker026/speaker026_0073.txt,5,utf-8
4066,LIP-RTVE,speaker026_0075,43,../data/LIP-RTVE/WAVs/speaker026/speaker026_0075.wav,../data/LIP-RTVE/ROIs/speaker026/speaker026_0075.npz,../data/LIP-RTVE/transcriptions/speaker026/speaker026_0075.txt,5,utf-8
4067,LIP-RTVE,speaker026_0076,83,../data/LIP-RTVE/WAVs/speaker026/speaker026_0076.wav,../data/LIP-RTVE/ROIs/speaker026/speaker026_0076.npz,../data/LIP-RTVE/transcriptions/speaker026/speaker026_0076.txt,5,utf-8
4068,LIP-RTVE,speaker026_0077,98,../data/LIP-RTVE/WAVs/speaker026/speaker026_0077.wav,../data/LIP-RTVE/ROIs/speaker026/speaker026_0077.npz,../data/LIP-RTVE/transcriptions/speaker026/speaker026_0077.txt,5,utf-8
4069,LIP-RTVE,speaker026_0078,43,../data/LIP-RTVE/WAVs/speaker026/speaker026_0078.wav,../data/LIP-RTVE/ROIs/speaker026/speaker026_0078.npz,../data/LIP-RTVE/transcriptions/speaker026/speaker026_0078.txt,5,utf-8
4070,LIP-RTVE,speaker026_0080,59,../data/LIP-RTVE/WAVs/speaker026/speaker026_0080.wav,../data/LIP-RTVE/ROIs/speaker026/speaker026_0080.npz,../data/LIP-RTVE/transcriptions/speaker026/speaker026_0080.txt,5,utf-8
4071,LIP-RTVE,speaker026_0081,95,../data/LIP-RTVE/WAVs/speaker026/speaker026_0081.wav,../data/LIP-RTVE/ROIs/speaker026/speaker026_0081.npz,../data/LIP-RTVE/transcriptions/speaker026/speaker026_0081.txt,5,utf-8
4072,LIP-RTVE,speaker026_0082,42,../data/LIP-RTVE/WAVs/speaker026/speaker026_0082.wav,../data/LIP-RTVE/ROIs/speaker026/speaker026_0082.npz,../data/LIP-RTVE/transcriptions/speaker026/speaker026_0082.txt,5,utf-8
4073,LIP-RTVE,speaker026_0083,67,../data/LIP-RTVE/WAVs/speaker026/speaker026_0083.wav,../data/LIP-RTVE/ROIs/speaker026/speaker026_0083.npz,../data/LIP-RTVE/transcriptions/speaker026/speaker026_0083.txt,5,utf-8
4074,LIP-RTVE,speaker026_0084,28,../data/LIP-RTVE/WAVs/speaker026/speaker026_0084.wav,../data/LIP-RTVE/ROIs/speaker026/speaker026_0084.npz,../data/LIP-RTVE/transcriptions/speaker026/speaker026_0084.txt,5,utf-8
4075,LIP-RTVE,speaker026_0085,100,../data/LIP-RTVE/WAVs/speaker026/speaker026_0085.wav,../data/LIP-RTVE/ROIs/speaker026/speaker026_0085.npz,../data/LIP-RTVE/transcriptions/speaker026/speaker026_0085.txt,5,utf-8
4076,LIP-RTVE,speaker026_0087,87,../data/LIP-RTVE/WAVs/speaker026/speaker026_0087.wav,../data/LIP-RTVE/ROIs/speaker026/speaker026_0087.npz,../data/LIP-RTVE/transcriptions/speaker026/speaker026_0087.txt,5,utf-8
4077,LIP-RTVE,speaker026_0088,25,../data/LIP-RTVE/WAVs/speaker026/speaker026_0088.wav,../data/LIP-RTVE/ROIs/speaker026/speaker026_0088.npz,../data/LIP-RTVE/transcriptions/speaker026/speaker026_0088.txt,5,utf-8
4078,LIP-RTVE,speaker026_0089,35,../data/LIP-RTVE/WAVs/speaker026/speaker026_0089.wav,../data/LIP-RTVE/ROIs/speaker026/speaker026_0089.npz,../data/LIP-RTVE/transcriptions/speaker026/speaker026_0089.txt,5,utf-8
4079,LIP-RTVE,speaker026_0091,177,../data/LIP-RTVE/WAVs/speaker026/speaker026_0091.wav,../data/LIP-RTVE/ROIs/speaker026/speaker026_0091.npz,../data/LIP-RTVE/transcriptions/speaker026/speaker026_0091.txt,5,utf-8
4080,LIP-RTVE,speaker026_0092,118,../data/LIP-RTVE/WAVs/speaker026/speaker026_0092.wav,../data/LIP-RTVE/ROIs/speaker026/speaker026_0092.npz,../data/LIP-RTVE/transcriptions/speaker026/speaker026_0092.txt,5,utf-8
4081,LIP-RTVE,speaker026_0093,165,../data/LIP-RTVE/WAVs/speaker026/speaker026_0093.wav,../data/LIP-RTVE/ROIs/speaker026/speaker026_0093.npz,../data/LIP-RTVE/transcriptions/speaker026/speaker026_0093.txt,5,utf-8
4082,LIP-RTVE,speaker026_0094,51,../data/LIP-RTVE/WAVs/speaker026/speaker026_0094.wav,../data/LIP-RTVE/ROIs/speaker026/speaker026_0094.npz,../data/LIP-RTVE/transcriptions/speaker026/speaker026_0094.txt,5,utf-8
4083,LIP-RTVE,speaker026_0095,36,../data/LIP-RTVE/WAVs/speaker026/speaker026_0095.wav,../data/LIP-RTVE/ROIs/speaker026/speaker026_0095.npz,../data/LIP-RTVE/transcriptions/speaker026/speaker026_0095.txt,5,utf-8
4084,LIP-RTVE,speaker026_0098,164,../data/LIP-RTVE/WAVs/speaker026/speaker026_0098.wav,../data/LIP-RTVE/ROIs/speaker026/speaker026_0098.npz,../data/LIP-RTVE/transcriptions/speaker026/speaker026_0098.txt,5,utf-8
4085,LIP-RTVE,speaker026_0099,133,../data/LIP-RTVE/WAVs/speaker026/speaker026_0099.wav,../data/LIP-RTVE/ROIs/speaker026/speaker026_0099.npz,../data/LIP-RTVE/transcriptions/speaker026/speaker026_0099.txt,5,utf-8
4086,LIP-RTVE,speaker026_0100,170,../data/LIP-RTVE/WAVs/speaker026/speaker026_0100.wav,../data/LIP-RTVE/ROIs/speaker026/speaker026_0100.npz,../data/LIP-RTVE/transcriptions/speaker026/speaker026_0100.txt,5,utf-8
4087,LIP-RTVE,speaker026_0103,61,../data/LIP-RTVE/WAVs/speaker026/speaker026_0103.wav,../data/LIP-RTVE/ROIs/speaker026/speaker026_0103.npz,../data/LIP-RTVE/transcriptions/speaker026/speaker026_0103.txt,5,utf-8
4088,LIP-RTVE,speaker026_0104,145,../data/LIP-RTVE/WAVs/speaker026/speaker026_0104.wav,../data/LIP-RTVE/ROIs/speaker026/speaker026_0104.npz,../data/LIP-RTVE/transcriptions/speaker026/speaker026_0104.txt,5,utf-8
4089,LIP-RTVE,speaker026_0105,109,../data/LIP-RTVE/WAVs/speaker026/speaker026_0105.wav,../data/LIP-RTVE/ROIs/speaker026/speaker026_0105.npz,../data/LIP-RTVE/transcriptions/speaker026/speaker026_0105.txt,5,utf-8
4090,LIP-RTVE,speaker026_0106,75,../data/LIP-RTVE/WAVs/speaker026/speaker026_0106.wav,../data/LIP-RTVE/ROIs/speaker026/speaker026_0106.npz,../data/LIP-RTVE/transcriptions/speaker026/speaker026_0106.txt,5,utf-8
4091,LIP-RTVE,speaker026_0107,36,../data/LIP-RTVE/WAVs/speaker026/speaker026_0107.wav,../data/LIP-RTVE/ROIs/speaker026/speaker026_0107.npz,../data/LIP-RTVE/transcriptions/speaker026/speaker026_0107.txt,5,utf-8
4092,LIP-RTVE,speaker026_0108,60,../data/LIP-RTVE/WAVs/speaker026/speaker026_0108.wav,../data/LIP-RTVE/ROIs/speaker026/speaker026_0108.npz,../data/LIP-RTVE/transcriptions/speaker026/speaker026_0108.txt,5,utf-8
4093,LIP-RTVE,speaker026_0109,80,../data/LIP-RTVE/WAVs/speaker026/speaker026_0109.wav,../data/LIP-RTVE/ROIs/speaker026/speaker026_0109.npz,../data/LIP-RTVE/transcriptions/speaker026/speaker026_0109.txt,5,utf-8
4094,LIP-RTVE,speaker026_0110,77,../data/LIP-RTVE/WAVs/speaker026/speaker026_0110.wav,../data/LIP-RTVE/ROIs/speaker026/speaker026_0110.npz,../data/LIP-RTVE/transcriptions/speaker026/speaker026_0110.txt,5,utf-8
4095,LIP-RTVE,speaker026_0111,35,../data/LIP-RTVE/WAVs/speaker026/speaker026_0111.wav,../data/LIP-RTVE/ROIs/speaker026/speaker026_0111.npz,../data/LIP-RTVE/transcriptions/speaker026/speaker026_0111.txt,5,utf-8
4096,LIP-RTVE,speaker026_0116,48,../data/LIP-RTVE/WAVs/speaker026/speaker026_0116.wav,../data/LIP-RTVE/ROIs/speaker026/speaker026_0116.npz,../data/LIP-RTVE/transcriptions/speaker026/speaker026_0116.txt,5,utf-8
4097,LIP-RTVE,speaker026_0117,79,../data/LIP-RTVE/WAVs/speaker026/speaker026_0117.wav,../data/LIP-RTVE/ROIs/speaker026/speaker026_0117.npz,../data/LIP-RTVE/transcriptions/speaker026/speaker026_0117.txt,5,utf-8
4098,LIP-RTVE,speaker026_0118,48,../data/LIP-RTVE/WAVs/speaker026/speaker026_0118.wav,../data/LIP-RTVE/ROIs/speaker026/speaker026_0118.npz,../data/LIP-RTVE/transcriptions/speaker026/speaker026_0118.txt,5,utf-8
4099,LIP-RTVE,speaker026_0120,93,../data/LIP-RTVE/WAVs/speaker026/speaker026_0120.wav,../data/LIP-RTVE/ROIs/speaker026/speaker026_0120.npz,../data/LIP-RTVE/transcriptions/speaker026/speaker026_0120.txt,5,utf-8
4100,LIP-RTVE,speaker026_0122,111,../data/LIP-RTVE/WAVs/speaker026/speaker026_0122.wav,../data/LIP-RTVE/ROIs/speaker026/speaker026_0122.npz,../data/LIP-RTVE/transcriptions/speaker026/speaker026_0122.txt,5,utf-8
4101,LIP-RTVE,speaker026_0123,175,../data/LIP-RTVE/WAVs/speaker026/speaker026_0123.wav,../data/LIP-RTVE/ROIs/speaker026/speaker026_0123.npz,../data/LIP-RTVE/transcriptions/speaker026/speaker026_0123.txt,5,utf-8
4102,LIP-RTVE,speaker026_0124,69,../data/LIP-RTVE/WAVs/speaker026/speaker026_0124.wav,../data/LIP-RTVE/ROIs/speaker026/speaker026_0124.npz,../data/LIP-RTVE/transcriptions/speaker026/speaker026_0124.txt,5,utf-8
4103,LIP-RTVE,speaker026_0125,96,../data/LIP-RTVE/WAVs/speaker026/speaker026_0125.wav,../data/LIP-RTVE/ROIs/speaker026/speaker026_0125.npz,../data/LIP-RTVE/transcriptions/speaker026/speaker026_0125.txt,5,utf-8
4104,LIP-RTVE,speaker026_0126,268,../data/LIP-RTVE/WAVs/speaker026/speaker026_0126.wav,../data/LIP-RTVE/ROIs/speaker026/speaker026_0126.npz,../data/LIP-RTVE/transcriptions/speaker026/speaker026_0126.txt,5,utf-8
4105,LIP-RTVE,speaker026_0127,115,../data/LIP-RTVE/WAVs/speaker026/speaker026_0127.wav,../data/LIP-RTVE/ROIs/speaker026/speaker026_0127.npz,../data/LIP-RTVE/transcriptions/speaker026/speaker026_0127.txt,5,utf-8
4106,LIP-RTVE,speaker026_0128,175,../data/LIP-RTVE/WAVs/speaker026/speaker026_0128.wav,../data/LIP-RTVE/ROIs/speaker026/speaker026_0128.npz,../data/LIP-RTVE/transcriptions/speaker026/speaker026_0128.txt,5,utf-8
4107,LIP-RTVE,speaker026_0129,138,../data/LIP-RTVE/WAVs/speaker026/speaker026_0129.wav,../data/LIP-RTVE/ROIs/speaker026/speaker026_0129.npz,../data/LIP-RTVE/transcriptions/speaker026/speaker026_0129.txt,5,utf-8
4108,LIP-RTVE,speaker026_0130,76,../data/LIP-RTVE/WAVs/speaker026/speaker026_0130.wav,../data/LIP-RTVE/ROIs/speaker026/speaker026_0130.npz,../data/LIP-RTVE/transcriptions/speaker026/speaker026_0130.txt,5,utf-8
4109,LIP-RTVE,speaker026_0131,117,../data/LIP-RTVE/WAVs/speaker026/speaker026_0131.wav,../data/LIP-RTVE/ROIs/speaker026/speaker026_0131.npz,../data/LIP-RTVE/transcriptions/speaker026/speaker026_0131.txt,5,utf-8
4110,LIP-RTVE,speaker026_0132,249,../data/LIP-RTVE/WAVs/speaker026/speaker026_0132.wav,../data/LIP-RTVE/ROIs/speaker026/speaker026_0132.npz,../data/LIP-RTVE/transcriptions/speaker026/speaker026_0132.txt,5,utf-8
4111,LIP-RTVE,speaker026_0133,134,../data/LIP-RTVE/WAVs/speaker026/speaker026_0133.wav,../data/LIP-RTVE/ROIs/speaker026/speaker026_0133.npz,../data/LIP-RTVE/transcriptions/speaker026/speaker026_0133.txt,5,utf-8
4112,LIP-RTVE,speaker026_0136,67,../data/LIP-RTVE/WAVs/speaker026/speaker026_0136.wav,../data/LIP-RTVE/ROIs/speaker026/speaker026_0136.npz,../data/LIP-RTVE/transcriptions/speaker026/speaker026_0136.txt,5,utf-8
4113,LIP-RTVE,speaker026_0138,96,../data/LIP-RTVE/WAVs/speaker026/speaker026_0138.wav,../data/LIP-RTVE/ROIs/speaker026/speaker026_0138.npz,../data/LIP-RTVE/transcriptions/speaker026/speaker026_0138.txt,5,utf-8
4114,LIP-RTVE,speaker026_0139,251,../data/LIP-RTVE/WAVs/speaker026/speaker026_0139.wav,../data/LIP-RTVE/ROIs/speaker026/speaker026_0139.npz,../data/LIP-RTVE/transcriptions/speaker026/speaker026_0139.txt,5,utf-8
4115,LIP-RTVE,speaker026_0141,110,../data/LIP-RTVE/WAVs/speaker026/speaker026_0141.wav,../data/LIP-RTVE/ROIs/speaker026/speaker026_0141.npz,../data/LIP-RTVE/transcriptions/speaker026/speaker026_0141.txt,5,utf-8
4116,LIP-RTVE,speaker026_0143,126,../data/LIP-RTVE/WAVs/speaker026/speaker026_0143.wav,../data/LIP-RTVE/ROIs/speaker026/speaker026_0143.npz,../data/LIP-RTVE/transcriptions/speaker026/speaker026_0143.txt,5,utf-8
4117,LIP-RTVE,speaker026_0144,131,../data/LIP-RTVE/WAVs/speaker026/speaker026_0144.wav,../data/LIP-RTVE/ROIs/speaker026/speaker026_0144.npz,../data/LIP-RTVE/transcriptions/speaker026/speaker026_0144.txt,5,utf-8
4118,LIP-RTVE,speaker026_0145,50,../data/LIP-RTVE/WAVs/speaker026/speaker026_0145.wav,../data/LIP-RTVE/ROIs/speaker026/speaker026_0145.npz,../data/LIP-RTVE/transcriptions/speaker026/speaker026_0145.txt,5,utf-8
4119,LIP-RTVE,speaker026_0146,92,../data/LIP-RTVE/WAVs/speaker026/speaker026_0146.wav,../data/LIP-RTVE/ROIs/speaker026/speaker026_0146.npz,../data/LIP-RTVE/transcriptions/speaker026/speaker026_0146.txt,5,utf-8
4120,LIP-RTVE,speaker026_0147,251,../data/LIP-RTVE/WAVs/speaker026/speaker026_0147.wav,../data/LIP-RTVE/ROIs/speaker026/speaker026_0147.npz,../data/LIP-RTVE/transcriptions/speaker026/speaker026_0147.txt,5,utf-8
4121,LIP-RTVE,speaker026_0149,49,../data/LIP-RTVE/WAVs/speaker026/speaker026_0149.wav,../data/LIP-RTVE/ROIs/speaker026/speaker026_0149.npz,../data/LIP-RTVE/transcriptions/speaker026/speaker026_0149.txt,5,utf-8
4122,LIP-RTVE,speaker026_0151,93,../data/LIP-RTVE/WAVs/speaker026/speaker026_0151.wav,../data/LIP-RTVE/ROIs/speaker026/speaker026_0151.npz,../data/LIP-RTVE/transcriptions/speaker026/speaker026_0151.txt,5,utf-8
4123,LIP-RTVE,speaker026_0152,204,../data/LIP-RTVE/WAVs/speaker026/speaker026_0152.wav,../data/LIP-RTVE/ROIs/speaker026/speaker026_0152.npz,../data/LIP-RTVE/transcriptions/speaker026/speaker026_0152.txt,5,utf-8
4124,LIP-RTVE,speaker026_0155,194,../data/LIP-RTVE/WAVs/speaker026/speaker026_0155.wav,../data/LIP-RTVE/ROIs/speaker026/speaker026_0155.npz,../data/LIP-RTVE/transcriptions/speaker026/speaker026_0155.txt,5,utf-8
4125,LIP-RTVE,speaker026_0157,234,../data/LIP-RTVE/WAVs/speaker026/speaker026_0157.wav,../data/LIP-RTVE/ROIs/speaker026/speaker026_0157.npz,../data/LIP-RTVE/transcriptions/speaker026/speaker026_0157.txt,5,utf-8
4126,LIP-RTVE,speaker026_0160,255,../data/LIP-RTVE/WAVs/speaker026/speaker026_0160.wav,../data/LIP-RTVE/ROIs/speaker026/speaker026_0160.npz,../data/LIP-RTVE/transcriptions/speaker026/speaker026_0160.txt,5,utf-8
4127,LIP-RTVE,speaker026_0161,122,../data/LIP-RTVE/WAVs/speaker026/speaker026_0161.wav,../data/LIP-RTVE/ROIs/speaker026/speaker026_0161.npz,../data/LIP-RTVE/transcriptions/speaker026/speaker026_0161.txt,5,utf-8
4128,LIP-RTVE,speaker026_0162,150,../data/LIP-RTVE/WAVs/speaker026/speaker026_0162.wav,../data/LIP-RTVE/ROIs/speaker026/speaker026_0162.npz,../data/LIP-RTVE/transcriptions/speaker026/speaker026_0162.txt,5,utf-8
4129,LIP-RTVE,speaker026_0163,269,../data/LIP-RTVE/WAVs/speaker026/speaker026_0163.wav,../data/LIP-RTVE/ROIs/speaker026/speaker026_0163.npz,../data/LIP-RTVE/transcriptions/speaker026/speaker026_0163.txt,5,utf-8
4130,LIP-RTVE,speaker026_0164,119,../data/LIP-RTVE/WAVs/speaker026/speaker026_0164.wav,../data/LIP-RTVE/ROIs/speaker026/speaker026_0164.npz,../data/LIP-RTVE/transcriptions/speaker026/speaker026_0164.txt,5,utf-8
4131,LIP-RTVE,speaker026_0168,107,../data/LIP-RTVE/WAVs/speaker026/speaker026_0168.wav,../data/LIP-RTVE/ROIs/speaker026/speaker026_0168.npz,../data/LIP-RTVE/transcriptions/speaker026/speaker026_0168.txt,5,utf-8
4132,LIP-RTVE,speaker026_0169,32,../data/LIP-RTVE/WAVs/speaker026/speaker026_0169.wav,../data/LIP-RTVE/ROIs/speaker026/speaker026_0169.npz,../data/LIP-RTVE/transcriptions/speaker026/speaker026_0169.txt,5,utf-8
4133,LIP-RTVE,speaker026_0170,221,../data/LIP-RTVE/WAVs/speaker026/speaker026_0170.wav,../data/LIP-RTVE/ROIs/speaker026/speaker026_0170.npz,../data/LIP-RTVE/transcriptions/speaker026/speaker026_0170.txt,5,utf-8
4134,LIP-RTVE,speaker026_0171,124,../data/LIP-RTVE/WAVs/speaker026/speaker026_0171.wav,../data/LIP-RTVE/ROIs/speaker026/speaker026_0171.npz,../data/LIP-RTVE/transcriptions/speaker026/speaker026_0171.txt,5,utf-8
4135,LIP-RTVE,speaker026_0172,275,../data/LIP-RTVE/WAVs/speaker026/speaker026_0172.wav,../data/LIP-RTVE/ROIs/speaker026/speaker026_0172.npz,../data/LIP-RTVE/transcriptions/speaker026/speaker026_0172.txt,5,utf-8
4136,LIP-RTVE,speaker026_0173,145,../data/LIP-RTVE/WAVs/speaker026/speaker026_0173.wav,../data/LIP-RTVE/ROIs/speaker026/speaker026_0173.npz,../data/LIP-RTVE/transcriptions/speaker026/speaker026_0173.txt,5,utf-8
4137,LIP-RTVE,speaker026_0175,129,../data/LIP-RTVE/WAVs/speaker026/speaker026_0175.wav,../data/LIP-RTVE/ROIs/speaker026/speaker026_0175.npz,../data/LIP-RTVE/transcriptions/speaker026/speaker026_0175.txt,5,utf-8
4138,LIP-RTVE,speaker026_0176,129,../data/LIP-RTVE/WAVs/speaker026/speaker026_0176.wav,../data/LIP-RTVE/ROIs/speaker026/speaker026_0176.npz,../data/LIP-RTVE/transcriptions/speaker026/speaker026_0176.txt,5,utf-8
4139,LIP-RTVE,speaker026_0177,46,../data/LIP-RTVE/WAVs/speaker026/speaker026_0177.wav,../data/LIP-RTVE/ROIs/speaker026/speaker026_0177.npz,../data/LIP-RTVE/transcriptions/speaker026/speaker026_0177.txt,5,utf-8
4140,LIP-RTVE,speaker026_0178,183,../data/LIP-RTVE/WAVs/speaker026/speaker026_0178.wav,../data/LIP-RTVE/ROIs/speaker026/speaker026_0178.npz,../data/LIP-RTVE/transcriptions/speaker026/speaker026_0178.txt,5,utf-8
4141,LIP-RTVE,speaker026_0179,106,../data/LIP-RTVE/WAVs/speaker026/speaker026_0179.wav,../data/LIP-RTVE/ROIs/speaker026/speaker026_0179.npz,../data/LIP-RTVE/transcriptions/speaker026/speaker026_0179.txt,5,utf-8
4142,LIP-RTVE,speaker026_0180,233,../data/LIP-RTVE/WAVs/speaker026/speaker026_0180.wav,../data/LIP-RTVE/ROIs/speaker026/speaker026_0180.npz,../data/LIP-RTVE/transcriptions/speaker026/speaker026_0180.txt,5,utf-8
4143,LIP-RTVE,speaker026_0181,149,../data/LIP-RTVE/WAVs/speaker026/speaker026_0181.wav,../data/LIP-RTVE/ROIs/speaker026/speaker026_0181.npz,../data/LIP-RTVE/transcriptions/speaker026/speaker026_0181.txt,5,utf-8
4144,LIP-RTVE,speaker026_0183,112,../data/LIP-RTVE/WAVs/speaker026/speaker026_0183.wav,../data/LIP-RTVE/ROIs/speaker026/speaker026_0183.npz,../data/LIP-RTVE/transcriptions/speaker026/speaker026_0183.txt,5,utf-8
4145,LIP-RTVE,speaker026_0184,246,../data/LIP-RTVE/WAVs/speaker026/speaker026_0184.wav,../data/LIP-RTVE/ROIs/speaker026/speaker026_0184.npz,../data/LIP-RTVE/transcriptions/speaker026/speaker026_0184.txt,5,utf-8
4146,LIP-RTVE,speaker026_0185,137,../data/LIP-RTVE/WAVs/speaker026/speaker026_0185.wav,../data/LIP-RTVE/ROIs/speaker026/speaker026_0185.npz,../data/LIP-RTVE/transcriptions/speaker026/speaker026_0185.txt,5,utf-8
4147,LIP-RTVE,speaker026_0187,63,../data/LIP-RTVE/WAVs/speaker026/speaker026_0187.wav,../data/LIP-RTVE/ROIs/speaker026/speaker026_0187.npz,../data/LIP-RTVE/transcriptions/speaker026/speaker026_0187.txt,5,utf-8
4148,LIP-RTVE,speaker026_0188,225,../data/LIP-RTVE/WAVs/speaker026/speaker026_0188.wav,../data/LIP-RTVE/ROIs/speaker026/speaker026_0188.npz,../data/LIP-RTVE/transcriptions/speaker026/speaker026_0188.txt,5,utf-8
4149,LIP-RTVE,speaker026_0189,123,../data/LIP-RTVE/WAVs/speaker026/speaker026_0189.wav,../data/LIP-RTVE/ROIs/speaker026/speaker026_0189.npz,../data/LIP-RTVE/transcriptions/speaker026/speaker026_0189.txt,5,utf-8
4150,LIP-RTVE,speaker026_0190,34,../data/LIP-RTVE/WAVs/speaker026/speaker026_0190.wav,../data/LIP-RTVE/ROIs/speaker026/speaker026_0190.npz,../data/LIP-RTVE/transcriptions/speaker026/speaker026_0190.txt,5,utf-8
4151,LIP-RTVE,speaker026_0191,74,../data/LIP-RTVE/WAVs/speaker026/speaker026_0191.wav,../data/LIP-RTVE/ROIs/speaker026/speaker026_0191.npz,../data/LIP-RTVE/transcriptions/speaker026/speaker026_0191.txt,5,utf-8
4152,LIP-RTVE,speaker026_0192,168,../data/LIP-RTVE/WAVs/speaker026/speaker026_0192.wav,../data/LIP-RTVE/ROIs/speaker026/speaker026_0192.npz,../data/LIP-RTVE/transcriptions/speaker026/speaker026_0192.txt,5,utf-8
4153,LIP-RTVE,speaker026_0193,76,../data/LIP-RTVE/WAVs/speaker026/speaker026_0193.wav,../data/LIP-RTVE/ROIs/speaker026/speaker026_0193.npz,../data/LIP-RTVE/transcriptions/speaker026/speaker026_0193.txt,5,utf-8
4154,LIP-RTVE,speaker026_0195,134,../data/LIP-RTVE/WAVs/speaker026/speaker026_0195.wav,../data/LIP-RTVE/ROIs/speaker026/speaker026_0195.npz,../data/LIP-RTVE/transcriptions/speaker026/speaker026_0195.txt,5,utf-8
4155,LIP-RTVE,speaker026_0197,149,../data/LIP-RTVE/WAVs/speaker026/speaker026_0197.wav,../data/LIP-RTVE/ROIs/speaker026/speaker026_0197.npz,../data/LIP-RTVE/transcriptions/speaker026/speaker026_0197.txt,5,utf-8
4156,LIP-RTVE,speaker026_0198,73,../data/LIP-RTVE/WAVs/speaker026/speaker026_0198.wav,../data/LIP-RTVE/ROIs/speaker026/speaker026_0198.npz,../data/LIP-RTVE/transcriptions/speaker026/speaker026_0198.txt,5,utf-8
4157,LIP-RTVE,speaker026_0199,187,../data/LIP-RTVE/WAVs/speaker026/speaker026_0199.wav,../data/LIP-RTVE/ROIs/speaker026/speaker026_0199.npz,../data/LIP-RTVE/transcriptions/speaker026/speaker026_0199.txt,5,utf-8
4158,LIP-RTVE,speaker026_0201,184,../data/LIP-RTVE/WAVs/speaker026/speaker026_0201.wav,../data/LIP-RTVE/ROIs/speaker026/speaker026_0201.npz,../data/LIP-RTVE/transcriptions/speaker026/speaker026_0201.txt,5,utf-8
4159,LIP-RTVE,speaker026_0202,113,../data/LIP-RTVE/WAVs/speaker026/speaker026_0202.wav,../data/LIP-RTVE/ROIs/speaker026/speaker026_0202.npz,../data/LIP-RTVE/transcriptions/speaker026/speaker026_0202.txt,5,utf-8
4160,LIP-RTVE,speaker026_0203,261,../data/LIP-RTVE/WAVs/speaker026/speaker026_0203.wav,../data/LIP-RTVE/ROIs/speaker026/speaker026_0203.npz,../data/LIP-RTVE/transcriptions/speaker026/speaker026_0203.txt,5,utf-8
4161,LIP-RTVE,speaker026_0205,182,../data/LIP-RTVE/WAVs/speaker026/speaker026_0205.wav,../data/LIP-RTVE/ROIs/speaker026/speaker026_0205.npz,../data/LIP-RTVE/transcriptions/speaker026/speaker026_0205.txt,5,utf-8
4162,LIP-RTVE,speaker026_0206,35,../data/LIP-RTVE/WAVs/speaker026/speaker026_0206.wav,../data/LIP-RTVE/ROIs/speaker026/speaker026_0206.npz,../data/LIP-RTVE/transcriptions/speaker026/speaker026_0206.txt,5,utf-8
4163,LIP-RTVE,speaker026_0207,165,../data/LIP-RTVE/WAVs/speaker026/speaker026_0207.wav,../data/LIP-RTVE/ROIs/speaker026/speaker026_0207.npz,../data/LIP-RTVE/transcriptions/speaker026/speaker026_0207.txt,5,utf-8
4164,LIP-RTVE,speaker026_0208,115,../data/LIP-RTVE/WAVs/speaker026/speaker026_0208.wav,../data/LIP-RTVE/ROIs/speaker026/speaker026_0208.npz,../data/LIP-RTVE/transcriptions/speaker026/speaker026_0208.txt,5,utf-8
4165,LIP-RTVE,speaker026_0210,148,../data/LIP-RTVE/WAVs/speaker026/speaker026_0210.wav,../data/LIP-RTVE/ROIs/speaker026/speaker026_0210.npz,../data/LIP-RTVE/transcriptions/speaker026/speaker026_0210.txt,5,utf-8
4166,LIP-RTVE,speaker026_0211,218,../data/LIP-RTVE/WAVs/speaker026/speaker026_0211.wav,../data/LIP-RTVE/ROIs/speaker026/speaker026_0211.npz,../data/LIP-RTVE/transcriptions/speaker026/speaker026_0211.txt,5,utf-8
4167,LIP-RTVE,speaker026_0215,195,../data/LIP-RTVE/WAVs/speaker026/speaker026_0215.wav,../data/LIP-RTVE/ROIs/speaker026/speaker026_0215.npz,../data/LIP-RTVE/transcriptions/speaker026/speaker026_0215.txt,5,utf-8
4168,LIP-RTVE,speaker026_0216,109,../data/LIP-RTVE/WAVs/speaker026/speaker026_0216.wav,../data/LIP-RTVE/ROIs/speaker026/speaker026_0216.npz,../data/LIP-RTVE/transcriptions/speaker026/speaker026_0216.txt,5,utf-8
4169,LIP-RTVE,speaker026_0218,97,../data/LIP-RTVE/WAVs/speaker026/speaker026_0218.wav,../data/LIP-RTVE/ROIs/speaker026/speaker026_0218.npz,../data/LIP-RTVE/transcriptions/speaker026/speaker026_0218.txt,5,utf-8
4170,LIP-RTVE,speaker026_0220,195,../data/LIP-RTVE/WAVs/speaker026/speaker026_0220.wav,../data/LIP-RTVE/ROIs/speaker026/speaker026_0220.npz,../data/LIP-RTVE/transcriptions/speaker026/speaker026_0220.txt,5,utf-8
4171,LIP-RTVE,speaker027_0001,192,../data/LIP-RTVE/WAVs/speaker027/speaker027_0001.wav,../data/LIP-RTVE/ROIs/speaker027/speaker027_0001.npz,../data/LIP-RTVE/transcriptions/speaker027/speaker027_0001.txt,5,utf-8
4172,LIP-RTVE,speaker027_0002,100,../data/LIP-RTVE/WAVs/speaker027/speaker027_0002.wav,../data/LIP-RTVE/ROIs/speaker027/speaker027_0002.npz,../data/LIP-RTVE/transcriptions/speaker027/speaker027_0002.txt,5,utf-8
4173,LIP-RTVE,speaker027_0003,44,../data/LIP-RTVE/WAVs/speaker027/speaker027_0003.wav,../data/LIP-RTVE/ROIs/speaker027/speaker027_0003.npz,../data/LIP-RTVE/transcriptions/speaker027/speaker027_0003.txt,5,utf-8
4174,LIP-RTVE,speaker027_0004,234,../data/LIP-RTVE/WAVs/speaker027/speaker027_0004.wav,../data/LIP-RTVE/ROIs/speaker027/speaker027_0004.npz,../data/LIP-RTVE/transcriptions/speaker027/speaker027_0004.txt,5,utf-8
4175,LIP-RTVE,speaker027_0005,26,../data/LIP-RTVE/WAVs/speaker027/speaker027_0005.wav,../data/LIP-RTVE/ROIs/speaker027/speaker027_0005.npz,../data/LIP-RTVE/transcriptions/speaker027/speaker027_0005.txt,5,utf-8
4176,LIP-RTVE,speaker027_0006,54,../data/LIP-RTVE/WAVs/speaker027/speaker027_0006.wav,../data/LIP-RTVE/ROIs/speaker027/speaker027_0006.npz,../data/LIP-RTVE/transcriptions/speaker027/speaker027_0006.txt,5,utf-8
4177,LIP-RTVE,speaker027_0007,94,../data/LIP-RTVE/WAVs/speaker027/speaker027_0007.wav,../data/LIP-RTVE/ROIs/speaker027/speaker027_0007.npz,../data/LIP-RTVE/transcriptions/speaker027/speaker027_0007.txt,5,utf-8
4178,LIP-RTVE,speaker027_0008,86,../data/LIP-RTVE/WAVs/speaker027/speaker027_0008.wav,../data/LIP-RTVE/ROIs/speaker027/speaker027_0008.npz,../data/LIP-RTVE/transcriptions/speaker027/speaker027_0008.txt,5,utf-8
4179,LIP-RTVE,speaker027_0009,37,../data/LIP-RTVE/WAVs/speaker027/speaker027_0009.wav,../data/LIP-RTVE/ROIs/speaker027/speaker027_0009.npz,../data/LIP-RTVE/transcriptions/speaker027/speaker027_0009.txt,5,utf-8
4180,LIP-RTVE,speaker027_0010,134,../data/LIP-RTVE/WAVs/speaker027/speaker027_0010.wav,../data/LIP-RTVE/ROIs/speaker027/speaker027_0010.npz,../data/LIP-RTVE/transcriptions/speaker027/speaker027_0010.txt,5,utf-8
4181,LIP-RTVE,speaker027_0011,93,../data/LIP-RTVE/WAVs/speaker027/speaker027_0011.wav,../data/LIP-RTVE/ROIs/speaker027/speaker027_0011.npz,../data/LIP-RTVE/transcriptions/speaker027/speaker027_0011.txt,5,utf-8
4182,LIP-RTVE,speaker027_0012,150,../data/LIP-RTVE/WAVs/speaker027/speaker027_0012.wav,../data/LIP-RTVE/ROIs/speaker027/speaker027_0012.npz,../data/LIP-RTVE/transcriptions/speaker027/speaker027_0012.txt,5,utf-8
4183,LIP-RTVE,speaker027_0014,41,../data/LIP-RTVE/WAVs/speaker027/speaker027_0014.wav,../data/LIP-RTVE/ROIs/speaker027/speaker027_0014.npz,../data/LIP-RTVE/transcriptions/speaker027/speaker027_0014.txt,5,utf-8
4184,LIP-RTVE,speaker027_0015,182,../data/LIP-RTVE/WAVs/speaker027/speaker027_0015.wav,../data/LIP-RTVE/ROIs/speaker027/speaker027_0015.npz,../data/LIP-RTVE/transcriptions/speaker027/speaker027_0015.txt,5,utf-8
4185,LIP-RTVE,speaker027_0016,104,../data/LIP-RTVE/WAVs/speaker027/speaker027_0016.wav,../data/LIP-RTVE/ROIs/speaker027/speaker027_0016.npz,../data/LIP-RTVE/transcriptions/speaker027/speaker027_0016.txt,5,utf-8
4186,LIP-RTVE,speaker027_0017,50,../data/LIP-RTVE/WAVs/speaker027/speaker027_0017.wav,../data/LIP-RTVE/ROIs/speaker027/speaker027_0017.npz,../data/LIP-RTVE/transcriptions/speaker027/speaker027_0017.txt,5,utf-8
4187,LIP-RTVE,speaker027_0019,54,../data/LIP-RTVE/WAVs/speaker027/speaker027_0019.wav,../data/LIP-RTVE/ROIs/speaker027/speaker027_0019.npz,../data/LIP-RTVE/transcriptions/speaker027/speaker027_0019.txt,5,utf-8
4188,LIP-RTVE,speaker027_0020,36,../data/LIP-RTVE/WAVs/speaker027/speaker027_0020.wav,../data/LIP-RTVE/ROIs/speaker027/speaker027_0020.npz,../data/LIP-RTVE/transcriptions/speaker027/speaker027_0020.txt,5,utf-8
4189,LIP-RTVE,speaker027_0022,45,../data/LIP-RTVE/WAVs/speaker027/speaker027_0022.wav,../data/LIP-RTVE/ROIs/speaker027/speaker027_0022.npz,../data/LIP-RTVE/transcriptions/speaker027/speaker027_0022.txt,5,utf-8
4190,LIP-RTVE,speaker027_0024,129,../data/LIP-RTVE/WAVs/speaker027/speaker027_0024.wav,../data/LIP-RTVE/ROIs/speaker027/speaker027_0024.npz,../data/LIP-RTVE/transcriptions/speaker027/speaker027_0024.txt,5,utf-8
4191,LIP-RTVE,speaker027_0026,209,../data/LIP-RTVE/WAVs/speaker027/speaker027_0026.wav,../data/LIP-RTVE/ROIs/speaker027/speaker027_0026.npz,../data/LIP-RTVE/transcriptions/speaker027/speaker027_0026.txt,5,utf-8
4192,LIP-RTVE,speaker027_0028,125,../data/LIP-RTVE/WAVs/speaker027/speaker027_0028.wav,../data/LIP-RTVE/ROIs/speaker027/speaker027_0028.npz,../data/LIP-RTVE/transcriptions/speaker027/speaker027_0028.txt,5,utf-8
4193,LIP-RTVE,speaker027_0032,69,../data/LIP-RTVE/WAVs/speaker027/speaker027_0032.wav,../data/LIP-RTVE/ROIs/speaker027/speaker027_0032.npz,../data/LIP-RTVE/transcriptions/speaker027/speaker027_0032.txt,5,utf-8
4194,LIP-RTVE,speaker027_0033,76,../data/LIP-RTVE/WAVs/speaker027/speaker027_0033.wav,../data/LIP-RTVE/ROIs/speaker027/speaker027_0033.npz,../data/LIP-RTVE/transcriptions/speaker027/speaker027_0033.txt,5,utf-8
4195,LIP-RTVE,speaker027_0034,179,../data/LIP-RTVE/WAVs/speaker027/speaker027_0034.wav,../data/LIP-RTVE/ROIs/speaker027/speaker027_0034.npz,../data/LIP-RTVE/transcriptions/speaker027/speaker027_0034.txt,5,utf-8
4196,LIP-RTVE,speaker027_0036,85,../data/LIP-RTVE/WAVs/speaker027/speaker027_0036.wav,../data/LIP-RTVE/ROIs/speaker027/speaker027_0036.npz,../data/LIP-RTVE/transcriptions/speaker027/speaker027_0036.txt,5,utf-8
4197,LIP-RTVE,speaker027_0037,31,../data/LIP-RTVE/WAVs/speaker027/speaker027_0037.wav,../data/LIP-RTVE/ROIs/speaker027/speaker027_0037.npz,../data/LIP-RTVE/transcriptions/speaker027/speaker027_0037.txt,5,utf-8
4198,LIP-RTVE,speaker027_0039,48,../data/LIP-RTVE/WAVs/speaker027/speaker027_0039.wav,../data/LIP-RTVE/ROIs/speaker027/speaker027_0039.npz,../data/LIP-RTVE/transcriptions/speaker027/speaker027_0039.txt,5,utf-8
4199,LIP-RTVE,speaker027_0040,116,../data/LIP-RTVE/WAVs/speaker027/speaker027_0040.wav,../data/LIP-RTVE/ROIs/speaker027/speaker027_0040.npz,../data/LIP-RTVE/transcriptions/speaker027/speaker027_0040.txt,5,utf-8
4200,LIP-RTVE,speaker027_0041,64,../data/LIP-RTVE/WAVs/speaker027/speaker027_0041.wav,../data/LIP-RTVE/ROIs/speaker027/speaker027_0041.npz,../data/LIP-RTVE/transcriptions/speaker027/speaker027_0041.txt,5,utf-8
4201,LIP-RTVE,speaker027_0042,132,../data/LIP-RTVE/WAVs/speaker027/speaker027_0042.wav,../data/LIP-RTVE/ROIs/speaker027/speaker027_0042.npz,../data/LIP-RTVE/transcriptions/speaker027/speaker027_0042.txt,5,utf-8
4202,LIP-RTVE,speaker027_0043,37,../data/LIP-RTVE/WAVs/speaker027/speaker027_0043.wav,../data/LIP-RTVE/ROIs/speaker027/speaker027_0043.npz,../data/LIP-RTVE/transcriptions/speaker027/speaker027_0043.txt,5,utf-8
4203,LIP-RTVE,speaker027_0044,27,../data/LIP-RTVE/WAVs/speaker027/speaker027_0044.wav,../data/LIP-RTVE/ROIs/speaker027/speaker027_0044.npz,../data/LIP-RTVE/transcriptions/speaker027/speaker027_0044.txt,5,utf-8
4204,LIP-RTVE,speaker027_0047,26,../data/LIP-RTVE/WAVs/speaker027/speaker027_0047.wav,../data/LIP-RTVE/ROIs/speaker027/speaker027_0047.npz,../data/LIP-RTVE/transcriptions/speaker027/speaker027_0047.txt,5,utf-8
4205,LIP-RTVE,speaker027_0048,132,../data/LIP-RTVE/WAVs/speaker027/speaker027_0048.wav,../data/LIP-RTVE/ROIs/speaker027/speaker027_0048.npz,../data/LIP-RTVE/transcriptions/speaker027/speaker027_0048.txt,5,utf-8
4206,LIP-RTVE,speaker027_0049,107,../data/LIP-RTVE/WAVs/speaker027/speaker027_0049.wav,../data/LIP-RTVE/ROIs/speaker027/speaker027_0049.npz,../data/LIP-RTVE/transcriptions/speaker027/speaker027_0049.txt,5,utf-8
4207,LIP-RTVE,speaker027_0050,142,../data/LIP-RTVE/WAVs/speaker027/speaker027_0050.wav,../data/LIP-RTVE/ROIs/speaker027/speaker027_0050.npz,../data/LIP-RTVE/transcriptions/speaker027/speaker027_0050.txt,5,utf-8
4208,LIP-RTVE,speaker027_0051,54,../data/LIP-RTVE/WAVs/speaker027/speaker027_0051.wav,../data/LIP-RTVE/ROIs/speaker027/speaker027_0051.npz,../data/LIP-RTVE/transcriptions/speaker027/speaker027_0051.txt,5,utf-8
4209,LIP-RTVE,speaker027_0052,36,../data/LIP-RTVE/WAVs/speaker027/speaker027_0052.wav,../data/LIP-RTVE/ROIs/speaker027/speaker027_0052.npz,../data/LIP-RTVE/transcriptions/speaker027/speaker027_0052.txt,5,utf-8
4210,LIP-RTVE,speaker027_0053,128,../data/LIP-RTVE/WAVs/speaker027/speaker027_0053.wav,../data/LIP-RTVE/ROIs/speaker027/speaker027_0053.npz,../data/LIP-RTVE/transcriptions/speaker027/speaker027_0053.txt,5,utf-8
4211,LIP-RTVE,speaker027_0054,72,../data/LIP-RTVE/WAVs/speaker027/speaker027_0054.wav,../data/LIP-RTVE/ROIs/speaker027/speaker027_0054.npz,../data/LIP-RTVE/transcriptions/speaker027/speaker027_0054.txt,5,utf-8
4212,LIP-RTVE,speaker027_0055,37,../data/LIP-RTVE/WAVs/speaker027/speaker027_0055.wav,../data/LIP-RTVE/ROIs/speaker027/speaker027_0055.npz,../data/LIP-RTVE/transcriptions/speaker027/speaker027_0055.txt,5,utf-8
4213,LIP-RTVE,speaker027_0056,75,../data/LIP-RTVE/WAVs/speaker027/speaker027_0056.wav,../data/LIP-RTVE/ROIs/speaker027/speaker027_0056.npz,../data/LIP-RTVE/transcriptions/speaker027/speaker027_0056.txt,5,utf-8
4214,LIP-RTVE,speaker027_0057,70,../data/LIP-RTVE/WAVs/speaker027/speaker027_0057.wav,../data/LIP-RTVE/ROIs/speaker027/speaker027_0057.npz,../data/LIP-RTVE/transcriptions/speaker027/speaker027_0057.txt,5,utf-8
4215,LIP-RTVE,speaker027_0059,211,../data/LIP-RTVE/WAVs/speaker027/speaker027_0059.wav,../data/LIP-RTVE/ROIs/speaker027/speaker027_0059.npz,../data/LIP-RTVE/transcriptions/speaker027/speaker027_0059.txt,5,utf-8
4216,LIP-RTVE,speaker027_0060,88,../data/LIP-RTVE/WAVs/speaker027/speaker027_0060.wav,../data/LIP-RTVE/ROIs/speaker027/speaker027_0060.npz,../data/LIP-RTVE/transcriptions/speaker027/speaker027_0060.txt,5,utf-8
4217,LIP-RTVE,speaker027_0061,102,../data/LIP-RTVE/WAVs/speaker027/speaker027_0061.wav,../data/LIP-RTVE/ROIs/speaker027/speaker027_0061.npz,../data/LIP-RTVE/transcriptions/speaker027/speaker027_0061.txt,5,utf-8
4218,LIP-RTVE,speaker027_0064,103,../data/LIP-RTVE/WAVs/speaker027/speaker027_0064.wav,../data/LIP-RTVE/ROIs/speaker027/speaker027_0064.npz,../data/LIP-RTVE/transcriptions/speaker027/speaker027_0064.txt,5,utf-8
4219,LIP-RTVE,speaker027_0065,50,../data/LIP-RTVE/WAVs/speaker027/speaker027_0065.wav,../data/LIP-RTVE/ROIs/speaker027/speaker027_0065.npz,../data/LIP-RTVE/transcriptions/speaker027/speaker027_0065.txt,5,utf-8
4220,LIP-RTVE,speaker027_0066,103,../data/LIP-RTVE/WAVs/speaker027/speaker027_0066.wav,../data/LIP-RTVE/ROIs/speaker027/speaker027_0066.npz,../data/LIP-RTVE/transcriptions/speaker027/speaker027_0066.txt,5,utf-8
4221,LIP-RTVE,speaker027_0067,141,../data/LIP-RTVE/WAVs/speaker027/speaker027_0067.wav,../data/LIP-RTVE/ROIs/speaker027/speaker027_0067.npz,../data/LIP-RTVE/transcriptions/speaker027/speaker027_0067.txt,5,utf-8
4222,LIP-RTVE,speaker027_0068,254,../data/LIP-RTVE/WAVs/speaker027/speaker027_0068.wav,../data/LIP-RTVE/ROIs/speaker027/speaker027_0068.npz,../data/LIP-RTVE/transcriptions/speaker027/speaker027_0068.txt,5,utf-8
4223,LIP-RTVE,speaker027_0069,108,../data/LIP-RTVE/WAVs/speaker027/speaker027_0069.wav,../data/LIP-RTVE/ROIs/speaker027/speaker027_0069.npz,../data/LIP-RTVE/transcriptions/speaker027/speaker027_0069.txt,5,utf-8
4224,LIP-RTVE,speaker027_0070,152,../data/LIP-RTVE/WAVs/speaker027/speaker027_0070.wav,../data/LIP-RTVE/ROIs/speaker027/speaker027_0070.npz,../data/LIP-RTVE/transcriptions/speaker027/speaker027_0070.txt,5,utf-8
4225,LIP-RTVE,speaker027_0074,36,../data/LIP-RTVE/WAVs/speaker027/speaker027_0074.wav,../data/LIP-RTVE/ROIs/speaker027/speaker027_0074.npz,../data/LIP-RTVE/transcriptions/speaker027/speaker027_0074.txt,5,utf-8
4226,LIP-RTVE,speaker027_0075,123,../data/LIP-RTVE/WAVs/speaker027/speaker027_0075.wav,../data/LIP-RTVE/ROIs/speaker027/speaker027_0075.npz,../data/LIP-RTVE/transcriptions/speaker027/speaker027_0075.txt,5,utf-8
4227,LIP-RTVE,speaker027_0076,250,../data/LIP-RTVE/WAVs/speaker027/speaker027_0076.wav,../data/LIP-RTVE/ROIs/speaker027/speaker027_0076.npz,../data/LIP-RTVE/transcriptions/speaker027/speaker027_0076.txt,5,utf-8
4228,LIP-RTVE,speaker027_0077,129,../data/LIP-RTVE/WAVs/speaker027/speaker027_0077.wav,../data/LIP-RTVE/ROIs/speaker027/speaker027_0077.npz,../data/LIP-RTVE/transcriptions/speaker027/speaker027_0077.txt,5,utf-8
4229,LIP-RTVE,speaker027_0079,135,../data/LIP-RTVE/WAVs/speaker027/speaker027_0079.wav,../data/LIP-RTVE/ROIs/speaker027/speaker027_0079.npz,../data/LIP-RTVE/transcriptions/speaker027/speaker027_0079.txt,5,utf-8
4230,LIP-RTVE,speaker027_0081,151,../data/LIP-RTVE/WAVs/speaker027/speaker027_0081.wav,../data/LIP-RTVE/ROIs/speaker027/speaker027_0081.npz,../data/LIP-RTVE/transcriptions/speaker027/speaker027_0081.txt,5,utf-8
4231,LIP-RTVE,speaker027_0082,70,../data/LIP-RTVE/WAVs/speaker027/speaker027_0082.wav,../data/LIP-RTVE/ROIs/speaker027/speaker027_0082.npz,../data/LIP-RTVE/transcriptions/speaker027/speaker027_0082.txt,5,utf-8
4232,LIP-RTVE,speaker027_0083,140,../data/LIP-RTVE/WAVs/speaker027/speaker027_0083.wav,../data/LIP-RTVE/ROIs/speaker027/speaker027_0083.npz,../data/LIP-RTVE/transcriptions/speaker027/speaker027_0083.txt,5,utf-8
4233,LIP-RTVE,speaker027_0084,72,../data/LIP-RTVE/WAVs/speaker027/speaker027_0084.wav,../data/LIP-RTVE/ROIs/speaker027/speaker027_0084.npz,../data/LIP-RTVE/transcriptions/speaker027/speaker027_0084.txt,5,utf-8
4234,LIP-RTVE,speaker027_0086,253,../data/LIP-RTVE/WAVs/speaker027/speaker027_0086.wav,../data/LIP-RTVE/ROIs/speaker027/speaker027_0086.npz,../data/LIP-RTVE/transcriptions/speaker027/speaker027_0086.txt,5,utf-8
4235,LIP-RTVE,speaker028_0000,75,../data/LIP-RTVE/WAVs/speaker028/speaker028_0000.wav,../data/LIP-RTVE/ROIs/speaker028/speaker028_0000.npz,../data/LIP-RTVE/transcriptions/speaker028/speaker028_0000.txt,5,utf-8
4236,LIP-RTVE,speaker028_0001,102,../data/LIP-RTVE/WAVs/speaker028/speaker028_0001.wav,../data/LIP-RTVE/ROIs/speaker028/speaker028_0001.npz,../data/LIP-RTVE/transcriptions/speaker028/speaker028_0001.txt,5,utf-8
4237,LIP-RTVE,speaker028_0002,297,../data/LIP-RTVE/WAVs/speaker028/speaker028_0002.wav,../data/LIP-RTVE/ROIs/speaker028/speaker028_0002.npz,../data/LIP-RTVE/transcriptions/speaker028/speaker028_0002.txt,5,utf-8
4238,LIP-RTVE,speaker028_0003,35,../data/LIP-RTVE/WAVs/speaker028/speaker028_0003.wav,../data/LIP-RTVE/ROIs/speaker028/speaker028_0003.npz,../data/LIP-RTVE/transcriptions/speaker028/speaker028_0003.txt,5,utf-8
4239,LIP-RTVE,speaker028_0007,121,../data/LIP-RTVE/WAVs/speaker028/speaker028_0007.wav,../data/LIP-RTVE/ROIs/speaker028/speaker028_0007.npz,../data/LIP-RTVE/transcriptions/speaker028/speaker028_0007.txt,5,utf-8
4240,LIP-RTVE,speaker028_0008,49,../data/LIP-RTVE/WAVs/speaker028/speaker028_0008.wav,../data/LIP-RTVE/ROIs/speaker028/speaker028_0008.npz,../data/LIP-RTVE/transcriptions/speaker028/speaker028_0008.txt,5,utf-8
4241,LIP-RTVE,speaker028_0010,225,../data/LIP-RTVE/WAVs/speaker028/speaker028_0010.wav,../data/LIP-RTVE/ROIs/speaker028/speaker028_0010.npz,../data/LIP-RTVE/transcriptions/speaker028/speaker028_0010.txt,5,utf-8
4242,LIP-RTVE,speaker028_0011,181,../data/LIP-RTVE/WAVs/speaker028/speaker028_0011.wav,../data/LIP-RTVE/ROIs/speaker028/speaker028_0011.npz,../data/LIP-RTVE/transcriptions/speaker028/speaker028_0011.txt,5,utf-8
4243,LIP-RTVE,speaker028_0013,156,../data/LIP-RTVE/WAVs/speaker028/speaker028_0013.wav,../data/LIP-RTVE/ROIs/speaker028/speaker028_0013.npz,../data/LIP-RTVE/transcriptions/speaker028/speaker028_0013.txt,5,utf-8
4244,LIP-RTVE,speaker028_0015,166,../data/LIP-RTVE/WAVs/speaker028/speaker028_0015.wav,../data/LIP-RTVE/ROIs/speaker028/speaker028_0015.npz,../data/LIP-RTVE/transcriptions/speaker028/speaker028_0015.txt,5,utf-8
4245,LIP-RTVE,speaker028_0016,121,../data/LIP-RTVE/WAVs/speaker028/speaker028_0016.wav,../data/LIP-RTVE/ROIs/speaker028/speaker028_0016.npz,../data/LIP-RTVE/transcriptions/speaker028/speaker028_0016.txt,5,utf-8
4246,LIP-RTVE,speaker028_0017,69,../data/LIP-RTVE/WAVs/speaker028/speaker028_0017.wav,../data/LIP-RTVE/ROIs/speaker028/speaker028_0017.npz,../data/LIP-RTVE/transcriptions/speaker028/speaker028_0017.txt,5,utf-8
4247,LIP-RTVE,speaker029_0002,223,../data/LIP-RTVE/WAVs/speaker029/speaker029_0002.wav,../data/LIP-RTVE/ROIs/speaker029/speaker029_0002.npz,../data/LIP-RTVE/transcriptions/speaker029/speaker029_0002.txt,5,utf-8
4248,LIP-RTVE,speaker029_0004,165,../data/LIP-RTVE/WAVs/speaker029/speaker029_0004.wav,../data/LIP-RTVE/ROIs/speaker029/speaker029_0004.npz,../data/LIP-RTVE/transcriptions/speaker029/speaker029_0004.txt,5,utf-8
4249,LIP-RTVE,speaker029_0005,46,../data/LIP-RTVE/WAVs/speaker029/speaker029_0005.wav,../data/LIP-RTVE/ROIs/speaker029/speaker029_0005.npz,../data/LIP-RTVE/transcriptions/speaker029/speaker029_0005.txt,5,utf-8
4250,LIP-RTVE,speaker029_0006,42,../data/LIP-RTVE/WAVs/speaker029/speaker029_0006.wav,../data/LIP-RTVE/ROIs/speaker029/speaker029_0006.npz,../data/LIP-RTVE/transcriptions/speaker029/speaker029_0006.txt,5,utf-8
4251,LIP-RTVE,speaker029_0008,291,../data/LIP-RTVE/WAVs/speaker029/speaker029_0008.wav,../data/LIP-RTVE/ROIs/speaker029/speaker029_0008.npz,../data/LIP-RTVE/transcriptions/speaker029/speaker029_0008.txt,5,utf-8
4252,LIP-RTVE,speaker029_0009,237,../data/LIP-RTVE/WAVs/speaker029/speaker029_0009.wav,../data/LIP-RTVE/ROIs/speaker029/speaker029_0009.npz,../data/LIP-RTVE/transcriptions/speaker029/speaker029_0009.txt,5,utf-8
4253,LIP-RTVE,speaker029_0010,61,../data/LIP-RTVE/WAVs/speaker029/speaker029_0010.wav,../data/LIP-RTVE/ROIs/speaker029/speaker029_0010.npz,../data/LIP-RTVE/transcriptions/speaker029/speaker029_0010.txt,5,utf-8
4254,LIP-RTVE,speaker029_0011,36,../data/LIP-RTVE/WAVs/speaker029/speaker029_0011.wav,../data/LIP-RTVE/ROIs/speaker029/speaker029_0011.npz,../data/LIP-RTVE/transcriptions/speaker029/speaker029_0011.txt,5,utf-8
4255,LIP-RTVE,speaker029_0014,119,../data/LIP-RTVE/WAVs/speaker029/speaker029_0014.wav,../data/LIP-RTVE/ROIs/speaker029/speaker029_0014.npz,../data/LIP-RTVE/transcriptions/speaker029/speaker029_0014.txt,5,utf-8
4256,LIP-RTVE,speaker029_0016,153,../data/LIP-RTVE/WAVs/speaker029/speaker029_0016.wav,../data/LIP-RTVE/ROIs/speaker029/speaker029_0016.npz,../data/LIP-RTVE/transcriptions/speaker029/speaker029_0016.txt,5,utf-8
4257,LIP-RTVE,speaker029_0017,192,../data/LIP-RTVE/WAVs/speaker029/speaker029_0017.wav,../data/LIP-RTVE/ROIs/speaker029/speaker029_0017.npz,../data/LIP-RTVE/transcriptions/speaker029/speaker029_0017.txt,5,utf-8
4258,LIP-RTVE,speaker029_0018,45,../data/LIP-RTVE/WAVs/speaker029/speaker029_0018.wav,../data/LIP-RTVE/ROIs/speaker029/speaker029_0018.npz,../data/LIP-RTVE/transcriptions/speaker029/speaker029_0018.txt,5,utf-8
4259,LIP-RTVE,speaker029_0020,73,../data/LIP-RTVE/WAVs/speaker029/speaker029_0020.wav,../data/LIP-RTVE/ROIs/speaker029/speaker029_0020.npz,../data/LIP-RTVE/transcriptions/speaker029/speaker029_0020.txt,5,utf-8
4260,LIP-RTVE,speaker029_0021,38,../data/LIP-RTVE/WAVs/speaker029/speaker029_0021.wav,../data/LIP-RTVE/ROIs/speaker029/speaker029_0021.npz,../data/LIP-RTVE/transcriptions/speaker029/speaker029_0021.txt,5,utf-8
4261,LIP-RTVE,speaker029_0022,171,../data/LIP-RTVE/WAVs/speaker029/speaker029_0022.wav,../data/LIP-RTVE/ROIs/speaker029/speaker029_0022.npz,../data/LIP-RTVE/transcriptions/speaker029/speaker029_0022.txt,5,utf-8
4262,LIP-RTVE,speaker029_0023,76,../data/LIP-RTVE/WAVs/speaker029/speaker029_0023.wav,../data/LIP-RTVE/ROIs/speaker029/speaker029_0023.npz,../data/LIP-RTVE/transcriptions/speaker029/speaker029_0023.txt,5,utf-8
4263,LIP-RTVE,speaker029_0024,117,../data/LIP-RTVE/WAVs/speaker029/speaker029_0024.wav,../data/LIP-RTVE/ROIs/speaker029/speaker029_0024.npz,../data/LIP-RTVE/transcriptions/speaker029/speaker029_0024.txt,5,utf-8
4264,LIP-RTVE,speaker029_0025,62,../data/LIP-RTVE/WAVs/speaker029/speaker029_0025.wav,../data/LIP-RTVE/ROIs/speaker029/speaker029_0025.npz,../data/LIP-RTVE/transcriptions/speaker029/speaker029_0025.txt,5,utf-8
4265,LIP-RTVE,speaker029_0027,157,../data/LIP-RTVE/WAVs/speaker029/speaker029_0027.wav,../data/LIP-RTVE/ROIs/speaker029/speaker029_0027.npz,../data/LIP-RTVE/transcriptions/speaker029/speaker029_0027.txt,5,utf-8
4266,LIP-RTVE,speaker029_0028,103,../data/LIP-RTVE/WAVs/speaker029/speaker029_0028.wav,../data/LIP-RTVE/ROIs/speaker029/speaker029_0028.npz,../data/LIP-RTVE/transcriptions/speaker029/speaker029_0028.txt,5,utf-8
4267,LIP-RTVE,speaker029_0029,159,../data/LIP-RTVE/WAVs/speaker029/speaker029_0029.wav,../data/LIP-RTVE/ROIs/speaker029/speaker029_0029.npz,../data/LIP-RTVE/transcriptions/speaker029/speaker029_0029.txt,5,utf-8
4268,LIP-RTVE,speaker029_0032,87,../data/LIP-RTVE/WAVs/speaker029/speaker029_0032.wav,../data/LIP-RTVE/ROIs/speaker029/speaker029_0032.npz,../data/LIP-RTVE/transcriptions/speaker029/speaker029_0032.txt,5,utf-8
4269,LIP-RTVE,speaker029_0033,53,../data/LIP-RTVE/WAVs/speaker029/speaker029_0033.wav,../data/LIP-RTVE/ROIs/speaker029/speaker029_0033.npz,../data/LIP-RTVE/transcriptions/speaker029/speaker029_0033.txt,5,utf-8
4270,LIP-RTVE,speaker029_0034,37,../data/LIP-RTVE/WAVs/speaker029/speaker029_0034.wav,../data/LIP-RTVE/ROIs/speaker029/speaker029_0034.npz,../data/LIP-RTVE/transcriptions/speaker029/speaker029_0034.txt,5,utf-8
4271,LIP-RTVE,speaker029_0035,74,../data/LIP-RTVE/WAVs/speaker029/speaker029_0035.wav,../data/LIP-RTVE/ROIs/speaker029/speaker029_0035.npz,../data/LIP-RTVE/transcriptions/speaker029/speaker029_0035.txt,5,utf-8
4272,LIP-RTVE,speaker029_0037,136,../data/LIP-RTVE/WAVs/speaker029/speaker029_0037.wav,../data/LIP-RTVE/ROIs/speaker029/speaker029_0037.npz,../data/LIP-RTVE/transcriptions/speaker029/speaker029_0037.txt,5,utf-8
4273,LIP-RTVE,speaker029_0039,94,../data/LIP-RTVE/WAVs/speaker029/speaker029_0039.wav,../data/LIP-RTVE/ROIs/speaker029/speaker029_0039.npz,../data/LIP-RTVE/transcriptions/speaker029/speaker029_0039.txt,5,utf-8
4274,LIP-RTVE,speaker029_0041,25,../data/LIP-RTVE/WAVs/speaker029/speaker029_0041.wav,../data/LIP-RTVE/ROIs/speaker029/speaker029_0041.npz,../data/LIP-RTVE/transcriptions/speaker029/speaker029_0041.txt,5,utf-8
4275,LIP-RTVE,speaker029_0042,83,../data/LIP-RTVE/WAVs/speaker029/speaker029_0042.wav,../data/LIP-RTVE/ROIs/speaker029/speaker029_0042.npz,../data/LIP-RTVE/transcriptions/speaker029/speaker029_0042.txt,5,utf-8
4276,LIP-RTVE,speaker029_0043,44,../data/LIP-RTVE/WAVs/speaker029/speaker029_0043.wav,../data/LIP-RTVE/ROIs/speaker029/speaker029_0043.npz,../data/LIP-RTVE/transcriptions/speaker029/speaker029_0043.txt,5,utf-8
4277,LIP-RTVE,speaker029_0044,137,../data/LIP-RTVE/WAVs/speaker029/speaker029_0044.wav,../data/LIP-RTVE/ROIs/speaker029/speaker029_0044.npz,../data/LIP-RTVE/transcriptions/speaker029/speaker029_0044.txt,5,utf-8
4278,LIP-RTVE,speaker029_0045,120,../data/LIP-RTVE/WAVs/speaker029/speaker029_0045.wav,../data/LIP-RTVE/ROIs/speaker029/speaker029_0045.npz,../data/LIP-RTVE/transcriptions/speaker029/speaker029_0045.txt,5,utf-8
4279,LIP-RTVE,speaker029_0046,61,../data/LIP-RTVE/WAVs/speaker029/speaker029_0046.wav,../data/LIP-RTVE/ROIs/speaker029/speaker029_0046.npz,../data/LIP-RTVE/transcriptions/speaker029/speaker029_0046.txt,5,utf-8
4280,LIP-RTVE,speaker029_0047,72,../data/LIP-RTVE/WAVs/speaker029/speaker029_0047.wav,../data/LIP-RTVE/ROIs/speaker029/speaker029_0047.npz,../data/LIP-RTVE/transcriptions/speaker029/speaker029_0047.txt,5,utf-8
4281,LIP-RTVE,speaker029_0048,53,../data/LIP-RTVE/WAVs/speaker029/speaker029_0048.wav,../data/LIP-RTVE/ROIs/speaker029/speaker029_0048.npz,../data/LIP-RTVE/transcriptions/speaker029/speaker029_0048.txt,5,utf-8
4282,LIP-RTVE,speaker029_0049,47,../data/LIP-RTVE/WAVs/speaker029/speaker029_0049.wav,../data/LIP-RTVE/ROIs/speaker029/speaker029_0049.npz,../data/LIP-RTVE/transcriptions/speaker029/speaker029_0049.txt,5,utf-8
4283,LIP-RTVE,speaker029_0050,105,../data/LIP-RTVE/WAVs/speaker029/speaker029_0050.wav,../data/LIP-RTVE/ROIs/speaker029/speaker029_0050.npz,../data/LIP-RTVE/transcriptions/speaker029/speaker029_0050.txt,5,utf-8
4284,LIP-RTVE,speaker029_0051,175,../data/LIP-RTVE/WAVs/speaker029/speaker029_0051.wav,../data/LIP-RTVE/ROIs/speaker029/speaker029_0051.npz,../data/LIP-RTVE/transcriptions/speaker029/speaker029_0051.txt,5,utf-8
4285,LIP-RTVE,speaker029_0052,108,../data/LIP-RTVE/WAVs/speaker029/speaker029_0052.wav,../data/LIP-RTVE/ROIs/speaker029/speaker029_0052.npz,../data/LIP-RTVE/transcriptions/speaker029/speaker029_0052.txt,5,utf-8
4286,LIP-RTVE,speaker029_0053,57,../data/LIP-RTVE/WAVs/speaker029/speaker029_0053.wav,../data/LIP-RTVE/ROIs/speaker029/speaker029_0053.npz,../data/LIP-RTVE/transcriptions/speaker029/speaker029_0053.txt,5,utf-8
4287,LIP-RTVE,speaker029_0057,168,../data/LIP-RTVE/WAVs/speaker029/speaker029_0057.wav,../data/LIP-RTVE/ROIs/speaker029/speaker029_0057.npz,../data/LIP-RTVE/transcriptions/speaker029/speaker029_0057.txt,5,utf-8
4288,LIP-RTVE,speaker029_0059,124,../data/LIP-RTVE/WAVs/speaker029/speaker029_0059.wav,../data/LIP-RTVE/ROIs/speaker029/speaker029_0059.npz,../data/LIP-RTVE/transcriptions/speaker029/speaker029_0059.txt,5,utf-8
4289,LIP-RTVE,speaker029_0060,57,../data/LIP-RTVE/WAVs/speaker029/speaker029_0060.wav,../data/LIP-RTVE/ROIs/speaker029/speaker029_0060.npz,../data/LIP-RTVE/transcriptions/speaker029/speaker029_0060.txt,5,utf-8
4290,LIP-RTVE,speaker029_0061,25,../data/LIP-RTVE/WAVs/speaker029/speaker029_0061.wav,../data/LIP-RTVE/ROIs/speaker029/speaker029_0061.npz,../data/LIP-RTVE/transcriptions/speaker029/speaker029_0061.txt,5,utf-8
4291,LIP-RTVE,speaker029_0062,36,../data/LIP-RTVE/WAVs/speaker029/speaker029_0062.wav,../data/LIP-RTVE/ROIs/speaker029/speaker029_0062.npz,../data/LIP-RTVE/transcriptions/speaker029/speaker029_0062.txt,5,utf-8
4292,LIP-RTVE,speaker029_0063,41,../data/LIP-RTVE/WAVs/speaker029/speaker029_0063.wav,../data/LIP-RTVE/ROIs/speaker029/speaker029_0063.npz,../data/LIP-RTVE/transcriptions/speaker029/speaker029_0063.txt,5,utf-8
4293,LIP-RTVE,speaker029_0064,213,../data/LIP-RTVE/WAVs/speaker029/speaker029_0064.wav,../data/LIP-RTVE/ROIs/speaker029/speaker029_0064.npz,../data/LIP-RTVE/transcriptions/speaker029/speaker029_0064.txt,5,utf-8
4294,LIP-RTVE,speaker029_0066,81,../data/LIP-RTVE/WAVs/speaker029/speaker029_0066.wav,../data/LIP-RTVE/ROIs/speaker029/speaker029_0066.npz,../data/LIP-RTVE/transcriptions/speaker029/speaker029_0066.txt,5,utf-8
4295,LIP-RTVE,speaker029_0070,152,../data/LIP-RTVE/WAVs/speaker029/speaker029_0070.wav,../data/LIP-RTVE/ROIs/speaker029/speaker029_0070.npz,../data/LIP-RTVE/transcriptions/speaker029/speaker029_0070.txt,5,utf-8
4296,LIP-RTVE,speaker029_0071,205,../data/LIP-RTVE/WAVs/speaker029/speaker029_0071.wav,../data/LIP-RTVE/ROIs/speaker029/speaker029_0071.npz,../data/LIP-RTVE/transcriptions/speaker029/speaker029_0071.txt,5,utf-8
4297,LIP-RTVE,speaker029_0072,60,../data/LIP-RTVE/WAVs/speaker029/speaker029_0072.wav,../data/LIP-RTVE/ROIs/speaker029/speaker029_0072.npz,../data/LIP-RTVE/transcriptions/speaker029/speaker029_0072.txt,5,utf-8
4298,LIP-RTVE,speaker029_0074,72,../data/LIP-RTVE/WAVs/speaker029/speaker029_0074.wav,../data/LIP-RTVE/ROIs/speaker029/speaker029_0074.npz,../data/LIP-RTVE/transcriptions/speaker029/speaker029_0074.txt,5,utf-8
4299,LIP-RTVE,speaker029_0075,146,../data/LIP-RTVE/WAVs/speaker029/speaker029_0075.wav,../data/LIP-RTVE/ROIs/speaker029/speaker029_0075.npz,../data/LIP-RTVE/transcriptions/speaker029/speaker029_0075.txt,5,utf-8
4300,LIP-RTVE,speaker029_0076,260,../data/LIP-RTVE/WAVs/speaker029/speaker029_0076.wav,../data/LIP-RTVE/ROIs/speaker029/speaker029_0076.npz,../data/LIP-RTVE/transcriptions/speaker029/speaker029_0076.txt,5,utf-8
4301,LIP-RTVE,speaker029_0077,49,../data/LIP-RTVE/WAVs/speaker029/speaker029_0077.wav,../data/LIP-RTVE/ROIs/speaker029/speaker029_0077.npz,../data/LIP-RTVE/transcriptions/speaker029/speaker029_0077.txt,5,utf-8
4302,LIP-RTVE,speaker029_0080,137,../data/LIP-RTVE/WAVs/speaker029/speaker029_0080.wav,../data/LIP-RTVE/ROIs/speaker029/speaker029_0080.npz,../data/LIP-RTVE/transcriptions/speaker029/speaker029_0080.txt,5,utf-8
4303,LIP-RTVE,speaker029_0081,260,../data/LIP-RTVE/WAVs/speaker029/speaker029_0081.wav,../data/LIP-RTVE/ROIs/speaker029/speaker029_0081.npz,../data/LIP-RTVE/transcriptions/speaker029/speaker029_0081.txt,5,utf-8
4304,LIP-RTVE,speaker029_0082,123,../data/LIP-RTVE/WAVs/speaker029/speaker029_0082.wav,../data/LIP-RTVE/ROIs/speaker029/speaker029_0082.npz,../data/LIP-RTVE/transcriptions/speaker029/speaker029_0082.txt,5,utf-8
4305,LIP-RTVE,speaker029_0084,117,../data/LIP-RTVE/WAVs/speaker029/speaker029_0084.wav,../data/LIP-RTVE/ROIs/speaker029/speaker029_0084.npz,../data/LIP-RTVE/transcriptions/speaker029/speaker029_0084.txt,5,utf-8
4306,LIP-RTVE,speaker029_0088,110,../data/LIP-RTVE/WAVs/speaker029/speaker029_0088.wav,../data/LIP-RTVE/ROIs/speaker029/speaker029_0088.npz,../data/LIP-RTVE/transcriptions/speaker029/speaker029_0088.txt,5,utf-8
4307,LIP-RTVE,speaker029_0089,47,../data/LIP-RTVE/WAVs/speaker029/speaker029_0089.wav,../data/LIP-RTVE/ROIs/speaker029/speaker029_0089.npz,../data/LIP-RTVE/transcriptions/speaker029/speaker029_0089.txt,5,utf-8
4308,LIP-RTVE,speaker029_0090,239,../data/LIP-RTVE/WAVs/speaker029/speaker029_0090.wav,../data/LIP-RTVE/ROIs/speaker029/speaker029_0090.npz,../data/LIP-RTVE/transcriptions/speaker029/speaker029_0090.txt,5,utf-8
4309,LIP-RTVE,speaker029_0091,123,../data/LIP-RTVE/WAVs/speaker029/speaker029_0091.wav,../data/LIP-RTVE/ROIs/speaker029/speaker029_0091.npz,../data/LIP-RTVE/transcriptions/speaker029/speaker029_0091.txt,5,utf-8
4310,LIP-RTVE,speaker029_0092,66,../data/LIP-RTVE/WAVs/speaker029/speaker029_0092.wav,../data/LIP-RTVE/ROIs/speaker029/speaker029_0092.npz,../data/LIP-RTVE/transcriptions/speaker029/speaker029_0092.txt,5,utf-8
4311,LIP-RTVE,speaker030_0001,228,../data/LIP-RTVE/WAVs/speaker030/speaker030_0001.wav,../data/LIP-RTVE/ROIs/speaker030/speaker030_0001.npz,../data/LIP-RTVE/transcriptions/speaker030/speaker030_0001.txt,5,utf-8
4312,LIP-RTVE,speaker030_0003,80,../data/LIP-RTVE/WAVs/speaker030/speaker030_0003.wav,../data/LIP-RTVE/ROIs/speaker030/speaker030_0003.npz,../data/LIP-RTVE/transcriptions/speaker030/speaker030_0003.txt,5,utf-8
4313,LIP-RTVE,speaker030_0004,59,../data/LIP-RTVE/WAVs/speaker030/speaker030_0004.wav,../data/LIP-RTVE/ROIs/speaker030/speaker030_0004.npz,../data/LIP-RTVE/transcriptions/speaker030/speaker030_0004.txt,5,utf-8
4314,LIP-RTVE,speaker030_0005,135,../data/LIP-RTVE/WAVs/speaker030/speaker030_0005.wav,../data/LIP-RTVE/ROIs/speaker030/speaker030_0005.npz,../data/LIP-RTVE/transcriptions/speaker030/speaker030_0005.txt,5,utf-8
4315,LIP-RTVE,speaker030_0006,129,../data/LIP-RTVE/WAVs/speaker030/speaker030_0006.wav,../data/LIP-RTVE/ROIs/speaker030/speaker030_0006.npz,../data/LIP-RTVE/transcriptions/speaker030/speaker030_0006.txt,5,utf-8
4316,LIP-RTVE,speaker030_0007,54,../data/LIP-RTVE/WAVs/speaker030/speaker030_0007.wav,../data/LIP-RTVE/ROIs/speaker030/speaker030_0007.npz,../data/LIP-RTVE/transcriptions/speaker030/speaker030_0007.txt,5,utf-8
4317,LIP-RTVE,speaker030_0008,41,../data/LIP-RTVE/WAVs/speaker030/speaker030_0008.wav,../data/LIP-RTVE/ROIs/speaker030/speaker030_0008.npz,../data/LIP-RTVE/transcriptions/speaker030/speaker030_0008.txt,5,utf-8
4318,LIP-RTVE,speaker030_0009,83,../data/LIP-RTVE/WAVs/speaker030/speaker030_0009.wav,../data/LIP-RTVE/ROIs/speaker030/speaker030_0009.npz,../data/LIP-RTVE/transcriptions/speaker030/speaker030_0009.txt,5,utf-8
4319,LIP-RTVE,speaker030_0011,117,../data/LIP-RTVE/WAVs/speaker030/speaker030_0011.wav,../data/LIP-RTVE/ROIs/speaker030/speaker030_0011.npz,../data/LIP-RTVE/transcriptions/speaker030/speaker030_0011.txt,5,utf-8
4320,LIP-RTVE,speaker030_0012,135,../data/LIP-RTVE/WAVs/speaker030/speaker030_0012.wav,../data/LIP-RTVE/ROIs/speaker030/speaker030_0012.npz,../data/LIP-RTVE/transcriptions/speaker030/speaker030_0012.txt,5,utf-8
4321,LIP-RTVE,speaker030_0013,138,../data/LIP-RTVE/WAVs/speaker030/speaker030_0013.wav,../data/LIP-RTVE/ROIs/speaker030/speaker030_0013.npz,../data/LIP-RTVE/transcriptions/speaker030/speaker030_0013.txt,5,utf-8
4322,LIP-RTVE,speaker030_0014,27,../data/LIP-RTVE/WAVs/speaker030/speaker030_0014.wav,../data/LIP-RTVE/ROIs/speaker030/speaker030_0014.npz,../data/LIP-RTVE/transcriptions/speaker030/speaker030_0014.txt,5,utf-8
4323,LIP-RTVE,speaker030_0015,110,../data/LIP-RTVE/WAVs/speaker030/speaker030_0015.wav,../data/LIP-RTVE/ROIs/speaker030/speaker030_0015.npz,../data/LIP-RTVE/transcriptions/speaker030/speaker030_0015.txt,5,utf-8
4324,LIP-RTVE,speaker030_0016,127,../data/LIP-RTVE/WAVs/speaker030/speaker030_0016.wav,../data/LIP-RTVE/ROIs/speaker030/speaker030_0016.npz,../data/LIP-RTVE/transcriptions/speaker030/speaker030_0016.txt,5,utf-8
4325,LIP-RTVE,speaker030_0017,27,../data/LIP-RTVE/WAVs/speaker030/speaker030_0017.wav,../data/LIP-RTVE/ROIs/speaker030/speaker030_0017.npz,../data/LIP-RTVE/transcriptions/speaker030/speaker030_0017.txt,5,utf-8
4326,LIP-RTVE,speaker030_0020,262,../data/LIP-RTVE/WAVs/speaker030/speaker030_0020.wav,../data/LIP-RTVE/ROIs/speaker030/speaker030_0020.npz,../data/LIP-RTVE/transcriptions/speaker030/speaker030_0020.txt,5,utf-8
4327,LIP-RTVE,speaker030_0021,196,../data/LIP-RTVE/WAVs/speaker030/speaker030_0021.wav,../data/LIP-RTVE/ROIs/speaker030/speaker030_0021.npz,../data/LIP-RTVE/transcriptions/speaker030/speaker030_0021.txt,5,utf-8
4328,LIP-RTVE,speaker030_0022,84,../data/LIP-RTVE/WAVs/speaker030/speaker030_0022.wav,../data/LIP-RTVE/ROIs/speaker030/speaker030_0022.npz,../data/LIP-RTVE/transcriptions/speaker030/speaker030_0022.txt,5,utf-8
4329,LIP-RTVE,speaker031_0000,91,../data/LIP-RTVE/WAVs/speaker031/speaker031_0000.wav,../data/LIP-RTVE/ROIs/speaker031/speaker031_0000.npz,../data/LIP-RTVE/transcriptions/speaker031/speaker031_0000.txt,5,utf-8
4330,LIP-RTVE,speaker031_0001,86,../data/LIP-RTVE/WAVs/speaker031/speaker031_0001.wav,../data/LIP-RTVE/ROIs/speaker031/speaker031_0001.npz,../data/LIP-RTVE/transcriptions/speaker031/speaker031_0001.txt,5,utf-8
4331,LIP-RTVE,speaker031_0003,62,../data/LIP-RTVE/WAVs/speaker031/speaker031_0003.wav,../data/LIP-RTVE/ROIs/speaker031/speaker031_0003.npz,../data/LIP-RTVE/transcriptions/speaker031/speaker031_0003.txt,5,utf-8
4332,LIP-RTVE,speaker031_0004,89,../data/LIP-RTVE/WAVs/speaker031/speaker031_0004.wav,../data/LIP-RTVE/ROIs/speaker031/speaker031_0004.npz,../data/LIP-RTVE/transcriptions/speaker031/speaker031_0004.txt,5,utf-8
4333,LIP-RTVE,speaker031_0006,73,../data/LIP-RTVE/WAVs/speaker031/speaker031_0006.wav,../data/LIP-RTVE/ROIs/speaker031/speaker031_0006.npz,../data/LIP-RTVE/transcriptions/speaker031/speaker031_0006.txt,5,utf-8
4334,LIP-RTVE,speaker031_0009,40,../data/LIP-RTVE/WAVs/speaker031/speaker031_0009.wav,../data/LIP-RTVE/ROIs/speaker031/speaker031_0009.npz,../data/LIP-RTVE/transcriptions/speaker031/speaker031_0009.txt,5,utf-8
4335,LIP-RTVE,speaker031_0010,63,../data/LIP-RTVE/WAVs/speaker031/speaker031_0010.wav,../data/LIP-RTVE/ROIs/speaker031/speaker031_0010.npz,../data/LIP-RTVE/transcriptions/speaker031/speaker031_0010.txt,5,utf-8
4336,LIP-RTVE,speaker031_0012,44,../data/LIP-RTVE/WAVs/speaker031/speaker031_0012.wav,../data/LIP-RTVE/ROIs/speaker031/speaker031_0012.npz,../data/LIP-RTVE/transcriptions/speaker031/speaker031_0012.txt,5,utf-8
4337,LIP-RTVE,speaker031_0015,132,../data/LIP-RTVE/WAVs/speaker031/speaker031_0015.wav,../data/LIP-RTVE/ROIs/speaker031/speaker031_0015.npz,../data/LIP-RTVE/transcriptions/speaker031/speaker031_0015.txt,5,utf-8
4338,LIP-RTVE,speaker031_0017,80,../data/LIP-RTVE/WAVs/speaker031/speaker031_0017.wav,../data/LIP-RTVE/ROIs/speaker031/speaker031_0017.npz,../data/LIP-RTVE/transcriptions/speaker031/speaker031_0017.txt,5,utf-8
4339,LIP-RTVE,speaker031_0018,71,../data/LIP-RTVE/WAVs/speaker031/speaker031_0018.wav,../data/LIP-RTVE/ROIs/speaker031/speaker031_0018.npz,../data/LIP-RTVE/transcriptions/speaker031/speaker031_0018.txt,5,utf-8
4340,LIP-RTVE,speaker031_0019,44,../data/LIP-RTVE/WAVs/speaker031/speaker031_0019.wav,../data/LIP-RTVE/ROIs/speaker031/speaker031_0019.npz,../data/LIP-RTVE/transcriptions/speaker031/speaker031_0019.txt,5,utf-8
4341,LIP-RTVE,speaker031_0021,99,../data/LIP-RTVE/WAVs/speaker031/speaker031_0021.wav,../data/LIP-RTVE/ROIs/speaker031/speaker031_0021.npz,../data/LIP-RTVE/transcriptions/speaker031/speaker031_0021.txt,5,utf-8
4342,LIP-RTVE,speaker031_0022,67,../data/LIP-RTVE/WAVs/speaker031/speaker031_0022.wav,../data/LIP-RTVE/ROIs/speaker031/speaker031_0022.npz,../data/LIP-RTVE/transcriptions/speaker031/speaker031_0022.txt,5,utf-8
4343,LIP-RTVE,speaker031_0023,136,../data/LIP-RTVE/WAVs/speaker031/speaker031_0023.wav,../data/LIP-RTVE/ROIs/speaker031/speaker031_0023.npz,../data/LIP-RTVE/transcriptions/speaker031/speaker031_0023.txt,5,utf-8
4344,LIP-RTVE,speaker031_0024,70,../data/LIP-RTVE/WAVs/speaker031/speaker031_0024.wav,../data/LIP-RTVE/ROIs/speaker031/speaker031_0024.npz,../data/LIP-RTVE/transcriptions/speaker031/speaker031_0024.txt,5,utf-8
4345,LIP-RTVE,speaker031_0025,195,../data/LIP-RTVE/WAVs/speaker031/speaker031_0025.wav,../data/LIP-RTVE/ROIs/speaker031/speaker031_0025.npz,../data/LIP-RTVE/transcriptions/speaker031/speaker031_0025.txt,5,utf-8
4346,LIP-RTVE,speaker031_0038,38,../data/LIP-RTVE/WAVs/speaker031/speaker031_0038.wav,../data/LIP-RTVE/ROIs/speaker031/speaker031_0038.npz,../data/LIP-RTVE/transcriptions/speaker031/speaker031_0038.txt,5,utf-8
4347,LIP-RTVE,speaker031_0040,38,../data/LIP-RTVE/WAVs/speaker031/speaker031_0040.wav,../data/LIP-RTVE/ROIs/speaker031/speaker031_0040.npz,../data/LIP-RTVE/transcriptions/speaker031/speaker031_0040.txt,5,utf-8
4348,LIP-RTVE,speaker031_0041,84,../data/LIP-RTVE/WAVs/speaker031/speaker031_0041.wav,../data/LIP-RTVE/ROIs/speaker031/speaker031_0041.npz,../data/LIP-RTVE/transcriptions/speaker031/speaker031_0041.txt,5,utf-8
4349,LIP-RTVE,speaker031_0043,155,../data/LIP-RTVE/WAVs/speaker031/speaker031_0043.wav,../data/LIP-RTVE/ROIs/speaker031/speaker031_0043.npz,../data/LIP-RTVE/transcriptions/speaker031/speaker031_0043.txt,5,utf-8
4350,LIP-RTVE,speaker031_0044,90,../data/LIP-RTVE/WAVs/speaker031/speaker031_0044.wav,../data/LIP-RTVE/ROIs/speaker031/speaker031_0044.npz,../data/LIP-RTVE/transcriptions/speaker031/speaker031_0044.txt,5,utf-8
4351,LIP-RTVE,speaker031_0046,127,../data/LIP-RTVE/WAVs/speaker031/speaker031_0046.wav,../data/LIP-RTVE/ROIs/speaker031/speaker031_0046.npz,../data/LIP-RTVE/transcriptions/speaker031/speaker031_0046.txt,5,utf-8
4352,LIP-RTVE,speaker031_0047,203,../data/LIP-RTVE/WAVs/speaker031/speaker031_0047.wav,../data/LIP-RTVE/ROIs/speaker031/speaker031_0047.npz,../data/LIP-RTVE/transcriptions/speaker031/speaker031_0047.txt,5,utf-8
4353,LIP-RTVE,speaker031_0048,34,../data/LIP-RTVE/WAVs/speaker031/speaker031_0048.wav,../data/LIP-RTVE/ROIs/speaker031/speaker031_0048.npz,../data/LIP-RTVE/transcriptions/speaker031/speaker031_0048.txt,5,utf-8
4354,LIP-RTVE,speaker031_0050,112,../data/LIP-RTVE/WAVs/speaker031/speaker031_0050.wav,../data/LIP-RTVE/ROIs/speaker031/speaker031_0050.npz,../data/LIP-RTVE/transcriptions/speaker031/speaker031_0050.txt,5,utf-8
4355,LIP-RTVE,speaker031_0051,66,../data/LIP-RTVE/WAVs/speaker031/speaker031_0051.wav,../data/LIP-RTVE/ROIs/speaker031/speaker031_0051.npz,../data/LIP-RTVE/transcriptions/speaker031/speaker031_0051.txt,5,utf-8
4356,LIP-RTVE,speaker031_0052,46,../data/LIP-RTVE/WAVs/speaker031/speaker031_0052.wav,../data/LIP-RTVE/ROIs/speaker031/speaker031_0052.npz,../data/LIP-RTVE/transcriptions/speaker031/speaker031_0052.txt,5,utf-8
4357,LIP-RTVE,speaker031_0054,87,../data/LIP-RTVE/WAVs/speaker031/speaker031_0054.wav,../data/LIP-RTVE/ROIs/speaker031/speaker031_0054.npz,../data/LIP-RTVE/transcriptions/speaker031/speaker031_0054.txt,5,utf-8
4358,LIP-RTVE,speaker031_0056,156,../data/LIP-RTVE/WAVs/speaker031/speaker031_0056.wav,../data/LIP-RTVE/ROIs/speaker031/speaker031_0056.npz,../data/LIP-RTVE/transcriptions/speaker031/speaker031_0056.txt,5,utf-8
4359,LIP-RTVE,speaker031_0057,46,../data/LIP-RTVE/WAVs/speaker031/speaker031_0057.wav,../data/LIP-RTVE/ROIs/speaker031/speaker031_0057.npz,../data/LIP-RTVE/transcriptions/speaker031/speaker031_0057.txt,5,utf-8
4360,LIP-RTVE,speaker031_0058,175,../data/LIP-RTVE/WAVs/speaker031/speaker031_0058.wav,../data/LIP-RTVE/ROIs/speaker031/speaker031_0058.npz,../data/LIP-RTVE/transcriptions/speaker031/speaker031_0058.txt,5,utf-8
4361,LIP-RTVE,speaker031_0059,29,../data/LIP-RTVE/WAVs/speaker031/speaker031_0059.wav,../data/LIP-RTVE/ROIs/speaker031/speaker031_0059.npz,../data/LIP-RTVE/transcriptions/speaker031/speaker031_0059.txt,5,utf-8
4362,LIP-RTVE,speaker031_0060,80,../data/LIP-RTVE/WAVs/speaker031/speaker031_0060.wav,../data/LIP-RTVE/ROIs/speaker031/speaker031_0060.npz,../data/LIP-RTVE/transcriptions/speaker031/speaker031_0060.txt,5,utf-8
4363,LIP-RTVE,speaker031_0061,44,../data/LIP-RTVE/WAVs/speaker031/speaker031_0061.wav,../data/LIP-RTVE/ROIs/speaker031/speaker031_0061.npz,../data/LIP-RTVE/transcriptions/speaker031/speaker031_0061.txt,5,utf-8
4364,LIP-RTVE,speaker031_0063,58,../data/LIP-RTVE/WAVs/speaker031/speaker031_0063.wav,../data/LIP-RTVE/ROIs/speaker031/speaker031_0063.npz,../data/LIP-RTVE/transcriptions/speaker031/speaker031_0063.txt,5,utf-8
4365,LIP-RTVE,speaker031_0064,75,../data/LIP-RTVE/WAVs/speaker031/speaker031_0064.wav,../data/LIP-RTVE/ROIs/speaker031/speaker031_0064.npz,../data/LIP-RTVE/transcriptions/speaker031/speaker031_0064.txt,5,utf-8
4366,LIP-RTVE,speaker031_0065,84,../data/LIP-RTVE/WAVs/speaker031/speaker031_0065.wav,../data/LIP-RTVE/ROIs/speaker031/speaker031_0065.npz,../data/LIP-RTVE/transcriptions/speaker031/speaker031_0065.txt,5,utf-8
4367,LIP-RTVE,speaker031_0068,67,../data/LIP-RTVE/WAVs/speaker031/speaker031_0068.wav,../data/LIP-RTVE/ROIs/speaker031/speaker031_0068.npz,../data/LIP-RTVE/transcriptions/speaker031/speaker031_0068.txt,5,utf-8
4368,LIP-RTVE,speaker031_0069,56,../data/LIP-RTVE/WAVs/speaker031/speaker031_0069.wav,../data/LIP-RTVE/ROIs/speaker031/speaker031_0069.npz,../data/LIP-RTVE/transcriptions/speaker031/speaker031_0069.txt,5,utf-8
4369,LIP-RTVE,speaker031_0070,76,../data/LIP-RTVE/WAVs/speaker031/speaker031_0070.wav,../data/LIP-RTVE/ROIs/speaker031/speaker031_0070.npz,../data/LIP-RTVE/transcriptions/speaker031/speaker031_0070.txt,5,utf-8
4370,LIP-RTVE,speaker031_0072,126,../data/LIP-RTVE/WAVs/speaker031/speaker031_0072.wav,../data/LIP-RTVE/ROIs/speaker031/speaker031_0072.npz,../data/LIP-RTVE/transcriptions/speaker031/speaker031_0072.txt,5,utf-8
4371,LIP-RTVE,speaker031_0073,53,../data/LIP-RTVE/WAVs/speaker031/speaker031_0073.wav,../data/LIP-RTVE/ROIs/speaker031/speaker031_0073.npz,../data/LIP-RTVE/transcriptions/speaker031/speaker031_0073.txt,5,utf-8
4372,LIP-RTVE,speaker031_0074,31,../data/LIP-RTVE/WAVs/speaker031/speaker031_0074.wav,../data/LIP-RTVE/ROIs/speaker031/speaker031_0074.npz,../data/LIP-RTVE/transcriptions/speaker031/speaker031_0074.txt,5,utf-8
4373,LIP-RTVE,speaker031_0076,74,../data/LIP-RTVE/WAVs/speaker031/speaker031_0076.wav,../data/LIP-RTVE/ROIs/speaker031/speaker031_0076.npz,../data/LIP-RTVE/transcriptions/speaker031/speaker031_0076.txt,5,utf-8
4374,LIP-RTVE,speaker031_0077,130,../data/LIP-RTVE/WAVs/speaker031/speaker031_0077.wav,../data/LIP-RTVE/ROIs/speaker031/speaker031_0077.npz,../data/LIP-RTVE/transcriptions/speaker031/speaker031_0077.txt,5,utf-8
4375,LIP-RTVE,speaker031_0078,53,../data/LIP-RTVE/WAVs/speaker031/speaker031_0078.wav,../data/LIP-RTVE/ROIs/speaker031/speaker031_0078.npz,../data/LIP-RTVE/transcriptions/speaker031/speaker031_0078.txt,5,utf-8
4376,LIP-RTVE,speaker031_0079,107,../data/LIP-RTVE/WAVs/speaker031/speaker031_0079.wav,../data/LIP-RTVE/ROIs/speaker031/speaker031_0079.npz,../data/LIP-RTVE/transcriptions/speaker031/speaker031_0079.txt,5,utf-8
4377,LIP-RTVE,speaker031_0082,93,../data/LIP-RTVE/WAVs/speaker031/speaker031_0082.wav,../data/LIP-RTVE/ROIs/speaker031/speaker031_0082.npz,../data/LIP-RTVE/transcriptions/speaker031/speaker031_0082.txt,5,utf-8
4378,LIP-RTVE,speaker031_0083,32,../data/LIP-RTVE/WAVs/speaker031/speaker031_0083.wav,../data/LIP-RTVE/ROIs/speaker031/speaker031_0083.npz,../data/LIP-RTVE/transcriptions/speaker031/speaker031_0083.txt,5,utf-8
4379,LIP-RTVE,speaker031_0084,81,../data/LIP-RTVE/WAVs/speaker031/speaker031_0084.wav,../data/LIP-RTVE/ROIs/speaker031/speaker031_0084.npz,../data/LIP-RTVE/transcriptions/speaker031/speaker031_0084.txt,5,utf-8
4380,LIP-RTVE,speaker031_0085,112,../data/LIP-RTVE/WAVs/speaker031/speaker031_0085.wav,../data/LIP-RTVE/ROIs/speaker031/speaker031_0085.npz,../data/LIP-RTVE/transcriptions/speaker031/speaker031_0085.txt,5,utf-8
4381,LIP-RTVE,speaker031_0087,66,../data/LIP-RTVE/WAVs/speaker031/speaker031_0087.wav,../data/LIP-RTVE/ROIs/speaker031/speaker031_0087.npz,../data/LIP-RTVE/transcriptions/speaker031/speaker031_0087.txt,5,utf-8
4382,LIP-RTVE,speaker031_0088,105,../data/LIP-RTVE/WAVs/speaker031/speaker031_0088.wav,../data/LIP-RTVE/ROIs/speaker031/speaker031_0088.npz,../data/LIP-RTVE/transcriptions/speaker031/speaker031_0088.txt,5,utf-8
4383,LIP-RTVE,speaker031_0089,44,../data/LIP-RTVE/WAVs/speaker031/speaker031_0089.wav,../data/LIP-RTVE/ROIs/speaker031/speaker031_0089.npz,../data/LIP-RTVE/transcriptions/speaker031/speaker031_0089.txt,5,utf-8
4384,LIP-RTVE,speaker031_0090,116,../data/LIP-RTVE/WAVs/speaker031/speaker031_0090.wav,../data/LIP-RTVE/ROIs/speaker031/speaker031_0090.npz,../data/LIP-RTVE/transcriptions/speaker031/speaker031_0090.txt,5,utf-8
4385,LIP-RTVE,speaker031_0091,136,../data/LIP-RTVE/WAVs/speaker031/speaker031_0091.wav,../data/LIP-RTVE/ROIs/speaker031/speaker031_0091.npz,../data/LIP-RTVE/transcriptions/speaker031/speaker031_0091.txt,5,utf-8
4386,LIP-RTVE,speaker031_0092,74,../data/LIP-RTVE/WAVs/speaker031/speaker031_0092.wav,../data/LIP-RTVE/ROIs/speaker031/speaker031_0092.npz,../data/LIP-RTVE/transcriptions/speaker031/speaker031_0092.txt,5,utf-8
4387,LIP-RTVE,speaker031_0093,47,../data/LIP-RTVE/WAVs/speaker031/speaker031_0093.wav,../data/LIP-RTVE/ROIs/speaker031/speaker031_0093.npz,../data/LIP-RTVE/transcriptions/speaker031/speaker031_0093.txt,5,utf-8
4388,LIP-RTVE,speaker031_0096,69,../data/LIP-RTVE/WAVs/speaker031/speaker031_0096.wav,../data/LIP-RTVE/ROIs/speaker031/speaker031_0096.npz,../data/LIP-RTVE/transcriptions/speaker031/speaker031_0096.txt,5,utf-8
4389,LIP-RTVE,speaker031_0097,98,../data/LIP-RTVE/WAVs/speaker031/speaker031_0097.wav,../data/LIP-RTVE/ROIs/speaker031/speaker031_0097.npz,../data/LIP-RTVE/transcriptions/speaker031/speaker031_0097.txt,5,utf-8
4390,LIP-RTVE,speaker031_0098,90,../data/LIP-RTVE/WAVs/speaker031/speaker031_0098.wav,../data/LIP-RTVE/ROIs/speaker031/speaker031_0098.npz,../data/LIP-RTVE/transcriptions/speaker031/speaker031_0098.txt,5,utf-8
4391,LIP-RTVE,speaker031_0100,153,../data/LIP-RTVE/WAVs/speaker031/speaker031_0100.wav,../data/LIP-RTVE/ROIs/speaker031/speaker031_0100.npz,../data/LIP-RTVE/transcriptions/speaker031/speaker031_0100.txt,5,utf-8
4392,LIP-RTVE,speaker031_0101,98,../data/LIP-RTVE/WAVs/speaker031/speaker031_0101.wav,../data/LIP-RTVE/ROIs/speaker031/speaker031_0101.npz,../data/LIP-RTVE/transcriptions/speaker031/speaker031_0101.txt,5,utf-8
4393,LIP-RTVE,speaker031_0102,39,../data/LIP-RTVE/WAVs/speaker031/speaker031_0102.wav,../data/LIP-RTVE/ROIs/speaker031/speaker031_0102.npz,../data/LIP-RTVE/transcriptions/speaker031/speaker031_0102.txt,5,utf-8
4394,LIP-RTVE,speaker031_0104,228,../data/LIP-RTVE/WAVs/speaker031/speaker031_0104.wav,../data/LIP-RTVE/ROIs/speaker031/speaker031_0104.npz,../data/LIP-RTVE/transcriptions/speaker031/speaker031_0104.txt,5,utf-8
4395,LIP-RTVE,speaker031_0107,71,../data/LIP-RTVE/WAVs/speaker031/speaker031_0107.wav,../data/LIP-RTVE/ROIs/speaker031/speaker031_0107.npz,../data/LIP-RTVE/transcriptions/speaker031/speaker031_0107.txt,5,utf-8
4396,LIP-RTVE,speaker031_0108,235,../data/LIP-RTVE/WAVs/speaker031/speaker031_0108.wav,../data/LIP-RTVE/ROIs/speaker031/speaker031_0108.npz,../data/LIP-RTVE/transcriptions/speaker031/speaker031_0108.txt,5,utf-8
4397,LIP-RTVE,speaker031_0109,139,../data/LIP-RTVE/WAVs/speaker031/speaker031_0109.wav,../data/LIP-RTVE/ROIs/speaker031/speaker031_0109.npz,../data/LIP-RTVE/transcriptions/speaker031/speaker031_0109.txt,5,utf-8
4398,LIP-RTVE,speaker032_0000,98,../data/LIP-RTVE/WAVs/speaker032/speaker032_0000.wav,../data/LIP-RTVE/ROIs/speaker032/speaker032_0000.npz,../data/LIP-RTVE/transcriptions/speaker032/speaker032_0000.txt,5,utf-8
4399,LIP-RTVE,speaker032_0003,190,../data/LIP-RTVE/WAVs/speaker032/speaker032_0003.wav,../data/LIP-RTVE/ROIs/speaker032/speaker032_0003.npz,../data/LIP-RTVE/transcriptions/speaker032/speaker032_0003.txt,5,utf-8
4400,LIP-RTVE,speaker032_0004,247,../data/LIP-RTVE/WAVs/speaker032/speaker032_0004.wav,../data/LIP-RTVE/ROIs/speaker032/speaker032_0004.npz,../data/LIP-RTVE/transcriptions/speaker032/speaker032_0004.txt,5,utf-8
4401,LIP-RTVE,speaker032_0005,382,../data/LIP-RTVE/WAVs/speaker032/speaker032_0005.wav,../data/LIP-RTVE/ROIs/speaker032/speaker032_0005.npz,../data/LIP-RTVE/transcriptions/speaker032/speaker032_0005.txt,5,utf-8
4402,LIP-RTVE,speaker032_0006,32,../data/LIP-RTVE/WAVs/speaker032/speaker032_0006.wav,../data/LIP-RTVE/ROIs/speaker032/speaker032_0006.npz,../data/LIP-RTVE/transcriptions/speaker032/speaker032_0006.txt,5,utf-8
4403,LIP-RTVE,speaker032_0007,45,../data/LIP-RTVE/WAVs/speaker032/speaker032_0007.wav,../data/LIP-RTVE/ROIs/speaker032/speaker032_0007.npz,../data/LIP-RTVE/transcriptions/speaker032/speaker032_0007.txt,5,utf-8
4404,LIP-RTVE,speaker032_0008,40,../data/LIP-RTVE/WAVs/speaker032/speaker032_0008.wav,../data/LIP-RTVE/ROIs/speaker032/speaker032_0008.npz,../data/LIP-RTVE/transcriptions/speaker032/speaker032_0008.txt,5,utf-8
4405,LIP-RTVE,speaker032_0009,27,../data/LIP-RTVE/WAVs/speaker032/speaker032_0009.wav,../data/LIP-RTVE/ROIs/speaker032/speaker032_0009.npz,../data/LIP-RTVE/transcriptions/speaker032/speaker032_0009.txt,5,utf-8
4406,LIP-RTVE,speaker032_0010,62,../data/LIP-RTVE/WAVs/speaker032/speaker032_0010.wav,../data/LIP-RTVE/ROIs/speaker032/speaker032_0010.npz,../data/LIP-RTVE/transcriptions/speaker032/speaker032_0010.txt,5,utf-8
4407,LIP-RTVE,speaker032_0011,31,../data/LIP-RTVE/WAVs/speaker032/speaker032_0011.wav,../data/LIP-RTVE/ROIs/speaker032/speaker032_0011.npz,../data/LIP-RTVE/transcriptions/speaker032/speaker032_0011.txt,5,utf-8
4408,LIP-RTVE,speaker032_0012,60,../data/LIP-RTVE/WAVs/speaker032/speaker032_0012.wav,../data/LIP-RTVE/ROIs/speaker032/speaker032_0012.npz,../data/LIP-RTVE/transcriptions/speaker032/speaker032_0012.txt,5,utf-8
4409,LIP-RTVE,speaker032_0013,122,../data/LIP-RTVE/WAVs/speaker032/speaker032_0013.wav,../data/LIP-RTVE/ROIs/speaker032/speaker032_0013.npz,../data/LIP-RTVE/transcriptions/speaker032/speaker032_0013.txt,5,utf-8
4410,LIP-RTVE,speaker032_0014,151,../data/LIP-RTVE/WAVs/speaker032/speaker032_0014.wav,../data/LIP-RTVE/ROIs/speaker032/speaker032_0014.npz,../data/LIP-RTVE/transcriptions/speaker032/speaker032_0014.txt,5,utf-8
4411,LIP-RTVE,speaker032_0015,58,../data/LIP-RTVE/WAVs/speaker032/speaker032_0015.wav,../data/LIP-RTVE/ROIs/speaker032/speaker032_0015.npz,../data/LIP-RTVE/transcriptions/speaker032/speaker032_0015.txt,5,utf-8
4412,LIP-RTVE,speaker032_0018,66,../data/LIP-RTVE/WAVs/speaker032/speaker032_0018.wav,../data/LIP-RTVE/ROIs/speaker032/speaker032_0018.npz,../data/LIP-RTVE/transcriptions/speaker032/speaker032_0018.txt,5,utf-8
4413,LIP-RTVE,speaker032_0019,31,../data/LIP-RTVE/WAVs/speaker032/speaker032_0019.wav,../data/LIP-RTVE/ROIs/speaker032/speaker032_0019.npz,../data/LIP-RTVE/transcriptions/speaker032/speaker032_0019.txt,5,utf-8
4414,LIP-RTVE,speaker032_0020,32,../data/LIP-RTVE/WAVs/speaker032/speaker032_0020.wav,../data/LIP-RTVE/ROIs/speaker032/speaker032_0020.npz,../data/LIP-RTVE/transcriptions/speaker032/speaker032_0020.txt,5,utf-8
4415,LIP-RTVE,speaker032_0021,71,../data/LIP-RTVE/WAVs/speaker032/speaker032_0021.wav,../data/LIP-RTVE/ROIs/speaker032/speaker032_0021.npz,../data/LIP-RTVE/transcriptions/speaker032/speaker032_0021.txt,5,utf-8
4416,LIP-RTVE,speaker032_0023,30,../data/LIP-RTVE/WAVs/speaker032/speaker032_0023.wav,../data/LIP-RTVE/ROIs/speaker032/speaker032_0023.npz,../data/LIP-RTVE/transcriptions/speaker032/speaker032_0023.txt,5,utf-8
4417,LIP-RTVE,speaker032_0025,90,../data/LIP-RTVE/WAVs/speaker032/speaker032_0025.wav,../data/LIP-RTVE/ROIs/speaker032/speaker032_0025.npz,../data/LIP-RTVE/transcriptions/speaker032/speaker032_0025.txt,5,utf-8
4418,LIP-RTVE,speaker032_0027,28,../data/LIP-RTVE/WAVs/speaker032/speaker032_0027.wav,../data/LIP-RTVE/ROIs/speaker032/speaker032_0027.npz,../data/LIP-RTVE/transcriptions/speaker032/speaker032_0027.txt,5,utf-8
4419,LIP-RTVE,speaker032_0028,110,../data/LIP-RTVE/WAVs/speaker032/speaker032_0028.wav,../data/LIP-RTVE/ROIs/speaker032/speaker032_0028.npz,../data/LIP-RTVE/transcriptions/speaker032/speaker032_0028.txt,5,utf-8
4420,LIP-RTVE,speaker032_0029,43,../data/LIP-RTVE/WAVs/speaker032/speaker032_0029.wav,../data/LIP-RTVE/ROIs/speaker032/speaker032_0029.npz,../data/LIP-RTVE/transcriptions/speaker032/speaker032_0029.txt,5,utf-8
4421,LIP-RTVE,speaker032_0030,78,../data/LIP-RTVE/WAVs/speaker032/speaker032_0030.wav,../data/LIP-RTVE/ROIs/speaker032/speaker032_0030.npz,../data/LIP-RTVE/transcriptions/speaker032/speaker032_0030.txt,5,utf-8
4422,LIP-RTVE,speaker032_0031,46,../data/LIP-RTVE/WAVs/speaker032/speaker032_0031.wav,../data/LIP-RTVE/ROIs/speaker032/speaker032_0031.npz,../data/LIP-RTVE/transcriptions/speaker032/speaker032_0031.txt,5,utf-8
4423,LIP-RTVE,speaker032_0034,119,../data/LIP-RTVE/WAVs/speaker032/speaker032_0034.wav,../data/LIP-RTVE/ROIs/speaker032/speaker032_0034.npz,../data/LIP-RTVE/transcriptions/speaker032/speaker032_0034.txt,5,utf-8
4424,LIP-RTVE,speaker032_0035,154,../data/LIP-RTVE/WAVs/speaker032/speaker032_0035.wav,../data/LIP-RTVE/ROIs/speaker032/speaker032_0035.npz,../data/LIP-RTVE/transcriptions/speaker032/speaker032_0035.txt,5,utf-8
4425,LIP-RTVE,speaker032_0036,149,../data/LIP-RTVE/WAVs/speaker032/speaker032_0036.wav,../data/LIP-RTVE/ROIs/speaker032/speaker032_0036.npz,../data/LIP-RTVE/transcriptions/speaker032/speaker032_0036.txt,5,utf-8
4426,LIP-RTVE,speaker032_0038,194,../data/LIP-RTVE/WAVs/speaker032/speaker032_0038.wav,../data/LIP-RTVE/ROIs/speaker032/speaker032_0038.npz,../data/LIP-RTVE/transcriptions/speaker032/speaker032_0038.txt,5,utf-8
4427,LIP-RTVE,speaker032_0040,180,../data/LIP-RTVE/WAVs/speaker032/speaker032_0040.wav,../data/LIP-RTVE/ROIs/speaker032/speaker032_0040.npz,../data/LIP-RTVE/transcriptions/speaker032/speaker032_0040.txt,5,utf-8
4428,LIP-RTVE,speaker032_0042,41,../data/LIP-RTVE/WAVs/speaker032/speaker032_0042.wav,../data/LIP-RTVE/ROIs/speaker032/speaker032_0042.npz,../data/LIP-RTVE/transcriptions/speaker032/speaker032_0042.txt,5,utf-8
4429,LIP-RTVE,speaker032_0043,126,../data/LIP-RTVE/WAVs/speaker032/speaker032_0043.wav,../data/LIP-RTVE/ROIs/speaker032/speaker032_0043.npz,../data/LIP-RTVE/transcriptions/speaker032/speaker032_0043.txt,5,utf-8
4430,LIP-RTVE,speaker032_0045,36,../data/LIP-RTVE/WAVs/speaker032/speaker032_0045.wav,../data/LIP-RTVE/ROIs/speaker032/speaker032_0045.npz,../data/LIP-RTVE/transcriptions/speaker032/speaker032_0045.txt,5,utf-8
4431,LIP-RTVE,speaker032_0046,27,../data/LIP-RTVE/WAVs/speaker032/speaker032_0046.wav,../data/LIP-RTVE/ROIs/speaker032/speaker032_0046.npz,../data/LIP-RTVE/transcriptions/speaker032/speaker032_0046.txt,5,utf-8
4432,LIP-RTVE,speaker032_0047,102,../data/LIP-RTVE/WAVs/speaker032/speaker032_0047.wav,../data/LIP-RTVE/ROIs/speaker032/speaker032_0047.npz,../data/LIP-RTVE/transcriptions/speaker032/speaker032_0047.txt,5,utf-8
4433,LIP-RTVE,speaker032_0048,179,../data/LIP-RTVE/WAVs/speaker032/speaker032_0048.wav,../data/LIP-RTVE/ROIs/speaker032/speaker032_0048.npz,../data/LIP-RTVE/transcriptions/speaker032/speaker032_0048.txt,5,utf-8
4434,LIP-RTVE,speaker032_0050,195,../data/LIP-RTVE/WAVs/speaker032/speaker032_0050.wav,../data/LIP-RTVE/ROIs/speaker032/speaker032_0050.npz,../data/LIP-RTVE/transcriptions/speaker032/speaker032_0050.txt,5,utf-8
4435,LIP-RTVE,speaker032_0054,79,../data/LIP-RTVE/WAVs/speaker032/speaker032_0054.wav,../data/LIP-RTVE/ROIs/speaker032/speaker032_0054.npz,../data/LIP-RTVE/transcriptions/speaker032/speaker032_0054.txt,5,utf-8
4436,LIP-RTVE,speaker032_0055,124,../data/LIP-RTVE/WAVs/speaker032/speaker032_0055.wav,../data/LIP-RTVE/ROIs/speaker032/speaker032_0055.npz,../data/LIP-RTVE/transcriptions/speaker032/speaker032_0055.txt,5,utf-8
4437,LIP-RTVE,speaker032_0056,169,../data/LIP-RTVE/WAVs/speaker032/speaker032_0056.wav,../data/LIP-RTVE/ROIs/speaker032/speaker032_0056.npz,../data/LIP-RTVE/transcriptions/speaker032/speaker032_0056.txt,5,utf-8
4438,LIP-RTVE,speaker032_0057,103,../data/LIP-RTVE/WAVs/speaker032/speaker032_0057.wav,../data/LIP-RTVE/ROIs/speaker032/speaker032_0057.npz,../data/LIP-RTVE/transcriptions/speaker032/speaker032_0057.txt,5,utf-8
4439,LIP-RTVE,speaker032_0058,159,../data/LIP-RTVE/WAVs/speaker032/speaker032_0058.wav,../data/LIP-RTVE/ROIs/speaker032/speaker032_0058.npz,../data/LIP-RTVE/transcriptions/speaker032/speaker032_0058.txt,5,utf-8
4440,LIP-RTVE,speaker032_0059,187,../data/LIP-RTVE/WAVs/speaker032/speaker032_0059.wav,../data/LIP-RTVE/ROIs/speaker032/speaker032_0059.npz,../data/LIP-RTVE/transcriptions/speaker032/speaker032_0059.txt,5,utf-8
4441,LIP-RTVE,speaker032_0060,88,../data/LIP-RTVE/WAVs/speaker032/speaker032_0060.wav,../data/LIP-RTVE/ROIs/speaker032/speaker032_0060.npz,../data/LIP-RTVE/transcriptions/speaker032/speaker032_0060.txt,5,utf-8
4442,LIP-RTVE,speaker032_0061,283,../data/LIP-RTVE/WAVs/speaker032/speaker032_0061.wav,../data/LIP-RTVE/ROIs/speaker032/speaker032_0061.npz,../data/LIP-RTVE/transcriptions/speaker032/speaker032_0061.txt,5,utf-8
4443,LIP-RTVE,speaker032_0062,153,../data/LIP-RTVE/WAVs/speaker032/speaker032_0062.wav,../data/LIP-RTVE/ROIs/speaker032/speaker032_0062.npz,../data/LIP-RTVE/transcriptions/speaker032/speaker032_0062.txt,5,utf-8
4444,LIP-RTVE,speaker032_0063,68,../data/LIP-RTVE/WAVs/speaker032/speaker032_0063.wav,../data/LIP-RTVE/ROIs/speaker032/speaker032_0063.npz,../data/LIP-RTVE/transcriptions/speaker032/speaker032_0063.txt,5,utf-8
4445,LIP-RTVE,speaker032_0065,329,../data/LIP-RTVE/WAVs/speaker032/speaker032_0065.wav,../data/LIP-RTVE/ROIs/speaker032/speaker032_0065.npz,../data/LIP-RTVE/transcriptions/speaker032/speaker032_0065.txt,5,utf-8
4446,LIP-RTVE,speaker032_0066,52,../data/LIP-RTVE/WAVs/speaker032/speaker032_0066.wav,../data/LIP-RTVE/ROIs/speaker032/speaker032_0066.npz,../data/LIP-RTVE/transcriptions/speaker032/speaker032_0066.txt,5,utf-8
4447,LIP-RTVE,speaker032_0067,251,../data/LIP-RTVE/WAVs/speaker032/speaker032_0067.wav,../data/LIP-RTVE/ROIs/speaker032/speaker032_0067.npz,../data/LIP-RTVE/transcriptions/speaker032/speaker032_0067.txt,5,utf-8
4448,LIP-RTVE,speaker032_0068,117,../data/LIP-RTVE/WAVs/speaker032/speaker032_0068.wav,../data/LIP-RTVE/ROIs/speaker032/speaker032_0068.npz,../data/LIP-RTVE/transcriptions/speaker032/speaker032_0068.txt,5,utf-8
4449,LIP-RTVE,speaker032_0072,97,../data/LIP-RTVE/WAVs/speaker032/speaker032_0072.wav,../data/LIP-RTVE/ROIs/speaker032/speaker032_0072.npz,../data/LIP-RTVE/transcriptions/speaker032/speaker032_0072.txt,5,utf-8
4450,LIP-RTVE,speaker032_0074,93,../data/LIP-RTVE/WAVs/speaker032/speaker032_0074.wav,../data/LIP-RTVE/ROIs/speaker032/speaker032_0074.npz,../data/LIP-RTVE/transcriptions/speaker032/speaker032_0074.txt,5,utf-8
4451,LIP-RTVE,speaker032_0075,146,../data/LIP-RTVE/WAVs/speaker032/speaker032_0075.wav,../data/LIP-RTVE/ROIs/speaker032/speaker032_0075.npz,../data/LIP-RTVE/transcriptions/speaker032/speaker032_0075.txt,5,utf-8
4452,LIP-RTVE,speaker032_0076,52,../data/LIP-RTVE/WAVs/speaker032/speaker032_0076.wav,../data/LIP-RTVE/ROIs/speaker032/speaker032_0076.npz,../data/LIP-RTVE/transcriptions/speaker032/speaker032_0076.txt,5,utf-8
4453,LIP-RTVE,speaker032_0077,187,../data/LIP-RTVE/WAVs/speaker032/speaker032_0077.wav,../data/LIP-RTVE/ROIs/speaker032/speaker032_0077.npz,../data/LIP-RTVE/transcriptions/speaker032/speaker032_0077.txt,5,utf-8
4454,LIP-RTVE,speaker032_0078,35,../data/LIP-RTVE/WAVs/speaker032/speaker032_0078.wav,../data/LIP-RTVE/ROIs/speaker032/speaker032_0078.npz,../data/LIP-RTVE/transcriptions/speaker032/speaker032_0078.txt,5,utf-8
4455,LIP-RTVE,speaker032_0079,116,../data/LIP-RTVE/WAVs/speaker032/speaker032_0079.wav,../data/LIP-RTVE/ROIs/speaker032/speaker032_0079.npz,../data/LIP-RTVE/transcriptions/speaker032/speaker032_0079.txt,5,utf-8
4456,LIP-RTVE,speaker032_0082,77,../data/LIP-RTVE/WAVs/speaker032/speaker032_0082.wav,../data/LIP-RTVE/ROIs/speaker032/speaker032_0082.npz,../data/LIP-RTVE/transcriptions/speaker032/speaker032_0082.txt,5,utf-8
4457,LIP-RTVE,speaker032_0083,164,../data/LIP-RTVE/WAVs/speaker032/speaker032_0083.wav,../data/LIP-RTVE/ROIs/speaker032/speaker032_0083.npz,../data/LIP-RTVE/transcriptions/speaker032/speaker032_0083.txt,5,utf-8
4458,LIP-RTVE,speaker032_0084,119,../data/LIP-RTVE/WAVs/speaker032/speaker032_0084.wav,../data/LIP-RTVE/ROIs/speaker032/speaker032_0084.npz,../data/LIP-RTVE/transcriptions/speaker032/speaker032_0084.txt,5,utf-8
4459,LIP-RTVE,speaker032_0085,30,../data/LIP-RTVE/WAVs/speaker032/speaker032_0085.wav,../data/LIP-RTVE/ROIs/speaker032/speaker032_0085.npz,../data/LIP-RTVE/transcriptions/speaker032/speaker032_0085.txt,5,utf-8
4460,LIP-RTVE,speaker032_0086,92,../data/LIP-RTVE/WAVs/speaker032/speaker032_0086.wav,../data/LIP-RTVE/ROIs/speaker032/speaker032_0086.npz,../data/LIP-RTVE/transcriptions/speaker032/speaker032_0086.txt,5,utf-8
4461,LIP-RTVE,speaker032_0087,138,../data/LIP-RTVE/WAVs/speaker032/speaker032_0087.wav,../data/LIP-RTVE/ROIs/speaker032/speaker032_0087.npz,../data/LIP-RTVE/transcriptions/speaker032/speaker032_0087.txt,5,utf-8
4462,LIP-RTVE,speaker032_0088,102,../data/LIP-RTVE/WAVs/speaker032/speaker032_0088.wav,../data/LIP-RTVE/ROIs/speaker032/speaker032_0088.npz,../data/LIP-RTVE/transcriptions/speaker032/speaker032_0088.txt,5,utf-8
4463,LIP-RTVE,speaker032_0089,274,../data/LIP-RTVE/WAVs/speaker032/speaker032_0089.wav,../data/LIP-RTVE/ROIs/speaker032/speaker032_0089.npz,../data/LIP-RTVE/transcriptions/speaker032/speaker032_0089.txt,5,utf-8
4464,LIP-RTVE,speaker032_0091,181,../data/LIP-RTVE/WAVs/speaker032/speaker032_0091.wav,../data/LIP-RTVE/ROIs/speaker032/speaker032_0091.npz,../data/LIP-RTVE/transcriptions/speaker032/speaker032_0091.txt,5,utf-8
4465,LIP-RTVE,speaker032_0093,130,../data/LIP-RTVE/WAVs/speaker032/speaker032_0093.wav,../data/LIP-RTVE/ROIs/speaker032/speaker032_0093.npz,../data/LIP-RTVE/transcriptions/speaker032/speaker032_0093.txt,5,utf-8
4466,LIP-RTVE,speaker032_0095,127,../data/LIP-RTVE/WAVs/speaker032/speaker032_0095.wav,../data/LIP-RTVE/ROIs/speaker032/speaker032_0095.npz,../data/LIP-RTVE/transcriptions/speaker032/speaker032_0095.txt,5,utf-8
4467,LIP-RTVE,speaker032_0096,251,../data/LIP-RTVE/WAVs/speaker032/speaker032_0096.wav,../data/LIP-RTVE/ROIs/speaker032/speaker032_0096.npz,../data/LIP-RTVE/transcriptions/speaker032/speaker032_0096.txt,5,utf-8
4468,LIP-RTVE,speaker033_0001,177,../data/LIP-RTVE/WAVs/speaker033/speaker033_0001.wav,../data/LIP-RTVE/ROIs/speaker033/speaker033_0001.npz,../data/LIP-RTVE/transcriptions/speaker033/speaker033_0001.txt,5,utf-8
4469,LIP-RTVE,speaker033_0002,179,../data/LIP-RTVE/WAVs/speaker033/speaker033_0002.wav,../data/LIP-RTVE/ROIs/speaker033/speaker033_0002.npz,../data/LIP-RTVE/transcriptions/speaker033/speaker033_0002.txt,5,utf-8
4470,LIP-RTVE,speaker033_0003,113,../data/LIP-RTVE/WAVs/speaker033/speaker033_0003.wav,../data/LIP-RTVE/ROIs/speaker033/speaker033_0003.npz,../data/LIP-RTVE/transcriptions/speaker033/speaker033_0003.txt,5,utf-8
4471,LIP-RTVE,speaker033_0004,43,../data/LIP-RTVE/WAVs/speaker033/speaker033_0004.wav,../data/LIP-RTVE/ROIs/speaker033/speaker033_0004.npz,../data/LIP-RTVE/transcriptions/speaker033/speaker033_0004.txt,5,utf-8
4472,LIP-RTVE,speaker033_0006,377,../data/LIP-RTVE/WAVs/speaker033/speaker033_0006.wav,../data/LIP-RTVE/ROIs/speaker033/speaker033_0006.npz,../data/LIP-RTVE/transcriptions/speaker033/speaker033_0006.txt,5,utf-8
4473,LIP-RTVE,speaker033_0008,153,../data/LIP-RTVE/WAVs/speaker033/speaker033_0008.wav,../data/LIP-RTVE/ROIs/speaker033/speaker033_0008.npz,../data/LIP-RTVE/transcriptions/speaker033/speaker033_0008.txt,5,utf-8
4474,LIP-RTVE,speaker033_0009,199,../data/LIP-RTVE/WAVs/speaker033/speaker033_0009.wav,../data/LIP-RTVE/ROIs/speaker033/speaker033_0009.npz,../data/LIP-RTVE/transcriptions/speaker033/speaker033_0009.txt,5,utf-8
4475,LIP-RTVE,speaker033_0011,237,../data/LIP-RTVE/WAVs/speaker033/speaker033_0011.wav,../data/LIP-RTVE/ROIs/speaker033/speaker033_0011.npz,../data/LIP-RTVE/transcriptions/speaker033/speaker033_0011.txt,5,utf-8
4476,LIP-RTVE,speaker033_0012,150,../data/LIP-RTVE/WAVs/speaker033/speaker033_0012.wav,../data/LIP-RTVE/ROIs/speaker033/speaker033_0012.npz,../data/LIP-RTVE/transcriptions/speaker033/speaker033_0012.txt,5,utf-8
4477,LIP-RTVE,speaker033_0013,269,../data/LIP-RTVE/WAVs/speaker033/speaker033_0013.wav,../data/LIP-RTVE/ROIs/speaker033/speaker033_0013.npz,../data/LIP-RTVE/transcriptions/speaker033/speaker033_0013.txt,5,utf-8
4478,LIP-RTVE,speaker033_0015,225,../data/LIP-RTVE/WAVs/speaker033/speaker033_0015.wav,../data/LIP-RTVE/ROIs/speaker033/speaker033_0015.npz,../data/LIP-RTVE/transcriptions/speaker033/speaker033_0015.txt,5,utf-8
4479,LIP-RTVE,speaker033_0016,252,../data/LIP-RTVE/WAVs/speaker033/speaker033_0016.wav,../data/LIP-RTVE/ROIs/speaker033/speaker033_0016.npz,../data/LIP-RTVE/transcriptions/speaker033/speaker033_0016.txt,5,utf-8
4480,LIP-RTVE,speaker033_0017,187,../data/LIP-RTVE/WAVs/speaker033/speaker033_0017.wav,../data/LIP-RTVE/ROIs/speaker033/speaker033_0017.npz,../data/LIP-RTVE/transcriptions/speaker033/speaker033_0017.txt,5,utf-8
4481,LIP-RTVE,speaker033_0018,72,../data/LIP-RTVE/WAVs/speaker033/speaker033_0018.wav,../data/LIP-RTVE/ROIs/speaker033/speaker033_0018.npz,../data/LIP-RTVE/transcriptions/speaker033/speaker033_0018.txt,5,utf-8
4482,LIP-RTVE,speaker033_0020,198,../data/LIP-RTVE/WAVs/speaker033/speaker033_0020.wav,../data/LIP-RTVE/ROIs/speaker033/speaker033_0020.npz,../data/LIP-RTVE/transcriptions/speaker033/speaker033_0020.txt,5,utf-8
4483,LIP-RTVE,speaker033_0021,109,../data/LIP-RTVE/WAVs/speaker033/speaker033_0021.wav,../data/LIP-RTVE/ROIs/speaker033/speaker033_0021.npz,../data/LIP-RTVE/transcriptions/speaker033/speaker033_0021.txt,5,utf-8
4484,LIP-RTVE,speaker033_0022,170,../data/LIP-RTVE/WAVs/speaker033/speaker033_0022.wav,../data/LIP-RTVE/ROIs/speaker033/speaker033_0022.npz,../data/LIP-RTVE/transcriptions/speaker033/speaker033_0022.txt,5,utf-8
4485,LIP-RTVE,speaker033_0023,185,../data/LIP-RTVE/WAVs/speaker033/speaker033_0023.wav,../data/LIP-RTVE/ROIs/speaker033/speaker033_0023.npz,../data/LIP-RTVE/transcriptions/speaker033/speaker033_0023.txt,5,utf-8
4486,LIP-RTVE,speaker033_0024,234,../data/LIP-RTVE/WAVs/speaker033/speaker033_0024.wav,../data/LIP-RTVE/ROIs/speaker033/speaker033_0024.npz,../data/LIP-RTVE/transcriptions/speaker033/speaker033_0024.txt,5,utf-8
4487,LIP-RTVE,speaker033_0025,100,../data/LIP-RTVE/WAVs/speaker033/speaker033_0025.wav,../data/LIP-RTVE/ROIs/speaker033/speaker033_0025.npz,../data/LIP-RTVE/transcriptions/speaker033/speaker033_0025.txt,5,utf-8
4488,LIP-RTVE,speaker033_0026,139,../data/LIP-RTVE/WAVs/speaker033/speaker033_0026.wav,../data/LIP-RTVE/ROIs/speaker033/speaker033_0026.npz,../data/LIP-RTVE/transcriptions/speaker033/speaker033_0026.txt,5,utf-8
4489,LIP-RTVE,speaker033_0027,93,../data/LIP-RTVE/WAVs/speaker033/speaker033_0027.wav,../data/LIP-RTVE/ROIs/speaker033/speaker033_0027.npz,../data/LIP-RTVE/transcriptions/speaker033/speaker033_0027.txt,5,utf-8
4490,LIP-RTVE,speaker033_0028,131,../data/LIP-RTVE/WAVs/speaker033/speaker033_0028.wav,../data/LIP-RTVE/ROIs/speaker033/speaker033_0028.npz,../data/LIP-RTVE/transcriptions/speaker033/speaker033_0028.txt,5,utf-8
4491,LIP-RTVE,speaker033_0029,56,../data/LIP-RTVE/WAVs/speaker033/speaker033_0029.wav,../data/LIP-RTVE/ROIs/speaker033/speaker033_0029.npz,../data/LIP-RTVE/transcriptions/speaker033/speaker033_0029.txt,5,utf-8
4492,LIP-RTVE,speaker033_0031,39,../data/LIP-RTVE/WAVs/speaker033/speaker033_0031.wav,../data/LIP-RTVE/ROIs/speaker033/speaker033_0031.npz,../data/LIP-RTVE/transcriptions/speaker033/speaker033_0031.txt,5,utf-8
4493,LIP-RTVE,speaker033_0032,114,../data/LIP-RTVE/WAVs/speaker033/speaker033_0032.wav,../data/LIP-RTVE/ROIs/speaker033/speaker033_0032.npz,../data/LIP-RTVE/transcriptions/speaker033/speaker033_0032.txt,5,utf-8
4494,LIP-RTVE,speaker033_0033,43,../data/LIP-RTVE/WAVs/speaker033/speaker033_0033.wav,../data/LIP-RTVE/ROIs/speaker033/speaker033_0033.npz,../data/LIP-RTVE/transcriptions/speaker033/speaker033_0033.txt,5,utf-8
4495,LIP-RTVE,speaker033_0035,60,../data/LIP-RTVE/WAVs/speaker033/speaker033_0035.wav,../data/LIP-RTVE/ROIs/speaker033/speaker033_0035.npz,../data/LIP-RTVE/transcriptions/speaker033/speaker033_0035.txt,5,utf-8
4496,LIP-RTVE,speaker033_0037,80,../data/LIP-RTVE/WAVs/speaker033/speaker033_0037.wav,../data/LIP-RTVE/ROIs/speaker033/speaker033_0037.npz,../data/LIP-RTVE/transcriptions/speaker033/speaker033_0037.txt,5,utf-8
4497,LIP-RTVE,speaker033_0039,70,../data/LIP-RTVE/WAVs/speaker033/speaker033_0039.wav,../data/LIP-RTVE/ROIs/speaker033/speaker033_0039.npz,../data/LIP-RTVE/transcriptions/speaker033/speaker033_0039.txt,5,utf-8
4498,LIP-RTVE,speaker033_0040,44,../data/LIP-RTVE/WAVs/speaker033/speaker033_0040.wav,../data/LIP-RTVE/ROIs/speaker033/speaker033_0040.npz,../data/LIP-RTVE/transcriptions/speaker033/speaker033_0040.txt,5,utf-8
4499,LIP-RTVE,speaker033_0041,26,../data/LIP-RTVE/WAVs/speaker033/speaker033_0041.wav,../data/LIP-RTVE/ROIs/speaker033/speaker033_0041.npz,../data/LIP-RTVE/transcriptions/speaker033/speaker033_0041.txt,5,utf-8
4500,LIP-RTVE,speaker033_0042,30,../data/LIP-RTVE/WAVs/speaker033/speaker033_0042.wav,../data/LIP-RTVE/ROIs/speaker033/speaker033_0042.npz,../data/LIP-RTVE/transcriptions/speaker033/speaker033_0042.txt,5,utf-8
4501,LIP-RTVE,speaker033_0044,164,../data/LIP-RTVE/WAVs/speaker033/speaker033_0044.wav,../data/LIP-RTVE/ROIs/speaker033/speaker033_0044.npz,../data/LIP-RTVE/transcriptions/speaker033/speaker033_0044.txt,5,utf-8
4502,LIP-RTVE,speaker033_0047,93,../data/LIP-RTVE/WAVs/speaker033/speaker033_0047.wav,../data/LIP-RTVE/ROIs/speaker033/speaker033_0047.npz,../data/LIP-RTVE/transcriptions/speaker033/speaker033_0047.txt,5,utf-8
4503,LIP-RTVE,speaker033_0048,259,../data/LIP-RTVE/WAVs/speaker033/speaker033_0048.wav,../data/LIP-RTVE/ROIs/speaker033/speaker033_0048.npz,../data/LIP-RTVE/transcriptions/speaker033/speaker033_0048.txt,5,utf-8
4504,LIP-RTVE,speaker033_0049,142,../data/LIP-RTVE/WAVs/speaker033/speaker033_0049.wav,../data/LIP-RTVE/ROIs/speaker033/speaker033_0049.npz,../data/LIP-RTVE/transcriptions/speaker033/speaker033_0049.txt,5,utf-8
4505,LIP-RTVE,speaker033_0052,35,../data/LIP-RTVE/WAVs/speaker033/speaker033_0052.wav,../data/LIP-RTVE/ROIs/speaker033/speaker033_0052.npz,../data/LIP-RTVE/transcriptions/speaker033/speaker033_0052.txt,5,utf-8
4506,LIP-RTVE,speaker033_0053,84,../data/LIP-RTVE/WAVs/speaker033/speaker033_0053.wav,../data/LIP-RTVE/ROIs/speaker033/speaker033_0053.npz,../data/LIP-RTVE/transcriptions/speaker033/speaker033_0053.txt,5,utf-8
4507,LIP-RTVE,speaker033_0054,89,../data/LIP-RTVE/WAVs/speaker033/speaker033_0054.wav,../data/LIP-RTVE/ROIs/speaker033/speaker033_0054.npz,../data/LIP-RTVE/transcriptions/speaker033/speaker033_0054.txt,5,utf-8
4508,LIP-RTVE,speaker033_0056,42,../data/LIP-RTVE/WAVs/speaker033/speaker033_0056.wav,../data/LIP-RTVE/ROIs/speaker033/speaker033_0056.npz,../data/LIP-RTVE/transcriptions/speaker033/speaker033_0056.txt,5,utf-8
4509,LIP-RTVE,speaker033_0057,231,../data/LIP-RTVE/WAVs/speaker033/speaker033_0057.wav,../data/LIP-RTVE/ROIs/speaker033/speaker033_0057.npz,../data/LIP-RTVE/transcriptions/speaker033/speaker033_0057.txt,5,utf-8
4510,LIP-RTVE,speaker033_0058,219,../data/LIP-RTVE/WAVs/speaker033/speaker033_0058.wav,../data/LIP-RTVE/ROIs/speaker033/speaker033_0058.npz,../data/LIP-RTVE/transcriptions/speaker033/speaker033_0058.txt,5,utf-8
4511,LIP-RTVE,speaker033_0061,156,../data/LIP-RTVE/WAVs/speaker033/speaker033_0061.wav,../data/LIP-RTVE/ROIs/speaker033/speaker033_0061.npz,../data/LIP-RTVE/transcriptions/speaker033/speaker033_0061.txt,5,utf-8
4512,LIP-RTVE,speaker033_0066,71,../data/LIP-RTVE/WAVs/speaker033/speaker033_0066.wav,../data/LIP-RTVE/ROIs/speaker033/speaker033_0066.npz,../data/LIP-RTVE/transcriptions/speaker033/speaker033_0066.txt,5,utf-8
4513,LIP-RTVE,speaker033_0067,132,../data/LIP-RTVE/WAVs/speaker033/speaker033_0067.wav,../data/LIP-RTVE/ROIs/speaker033/speaker033_0067.npz,../data/LIP-RTVE/transcriptions/speaker033/speaker033_0067.txt,5,utf-8
4514,LIP-RTVE,speaker033_0068,156,../data/LIP-RTVE/WAVs/speaker033/speaker033_0068.wav,../data/LIP-RTVE/ROIs/speaker033/speaker033_0068.npz,../data/LIP-RTVE/transcriptions/speaker033/speaker033_0068.txt,5,utf-8
4515,LIP-RTVE,speaker033_0069,61,../data/LIP-RTVE/WAVs/speaker033/speaker033_0069.wav,../data/LIP-RTVE/ROIs/speaker033/speaker033_0069.npz,../data/LIP-RTVE/transcriptions/speaker033/speaker033_0069.txt,5,utf-8
4516,LIP-RTVE,speaker033_0070,141,../data/LIP-RTVE/WAVs/speaker033/speaker033_0070.wav,../data/LIP-RTVE/ROIs/speaker033/speaker033_0070.npz,../data/LIP-RTVE/transcriptions/speaker033/speaker033_0070.txt,5,utf-8
4517,LIP-RTVE,speaker033_0071,58,../data/LIP-RTVE/WAVs/speaker033/speaker033_0071.wav,../data/LIP-RTVE/ROIs/speaker033/speaker033_0071.npz,../data/LIP-RTVE/transcriptions/speaker033/speaker033_0071.txt,5,utf-8
4518,LIP-RTVE,speaker033_0074,57,../data/LIP-RTVE/WAVs/speaker033/speaker033_0074.wav,../data/LIP-RTVE/ROIs/speaker033/speaker033_0074.npz,../data/LIP-RTVE/transcriptions/speaker033/speaker033_0074.txt,5,utf-8
4519,LIP-RTVE,speaker033_0075,101,../data/LIP-RTVE/WAVs/speaker033/speaker033_0075.wav,../data/LIP-RTVE/ROIs/speaker033/speaker033_0075.npz,../data/LIP-RTVE/transcriptions/speaker033/speaker033_0075.txt,5,utf-8
4520,LIP-RTVE,speaker033_0077,133,../data/LIP-RTVE/WAVs/speaker033/speaker033_0077.wav,../data/LIP-RTVE/ROIs/speaker033/speaker033_0077.npz,../data/LIP-RTVE/transcriptions/speaker033/speaker033_0077.txt,5,utf-8
4521,LIP-RTVE,speaker033_0078,29,../data/LIP-RTVE/WAVs/speaker033/speaker033_0078.wav,../data/LIP-RTVE/ROIs/speaker033/speaker033_0078.npz,../data/LIP-RTVE/transcriptions/speaker033/speaker033_0078.txt,5,utf-8
4522,LIP-RTVE,speaker033_0079,49,../data/LIP-RTVE/WAVs/speaker033/speaker033_0079.wav,../data/LIP-RTVE/ROIs/speaker033/speaker033_0079.npz,../data/LIP-RTVE/transcriptions/speaker033/speaker033_0079.txt,5,utf-8
4523,LIP-RTVE,speaker033_0080,34,../data/LIP-RTVE/WAVs/speaker033/speaker033_0080.wav,../data/LIP-RTVE/ROIs/speaker033/speaker033_0080.npz,../data/LIP-RTVE/transcriptions/speaker033/speaker033_0080.txt,5,utf-8
4524,LIP-RTVE,speaker033_0082,42,../data/LIP-RTVE/WAVs/speaker033/speaker033_0082.wav,../data/LIP-RTVE/ROIs/speaker033/speaker033_0082.npz,../data/LIP-RTVE/transcriptions/speaker033/speaker033_0082.txt,5,utf-8
4525,LIP-RTVE,speaker033_0084,29,../data/LIP-RTVE/WAVs/speaker033/speaker033_0084.wav,../data/LIP-RTVE/ROIs/speaker033/speaker033_0084.npz,../data/LIP-RTVE/transcriptions/speaker033/speaker033_0084.txt,5,utf-8
4526,LIP-RTVE,speaker033_0085,90,../data/LIP-RTVE/WAVs/speaker033/speaker033_0085.wav,../data/LIP-RTVE/ROIs/speaker033/speaker033_0085.npz,../data/LIP-RTVE/transcriptions/speaker033/speaker033_0085.txt,5,utf-8
4527,LIP-RTVE,speaker033_0087,70,../data/LIP-RTVE/WAVs/speaker033/speaker033_0087.wav,../data/LIP-RTVE/ROIs/speaker033/speaker033_0087.npz,../data/LIP-RTVE/transcriptions/speaker033/speaker033_0087.txt,5,utf-8
4528,LIP-RTVE,speaker033_0088,165,../data/LIP-RTVE/WAVs/speaker033/speaker033_0088.wav,../data/LIP-RTVE/ROIs/speaker033/speaker033_0088.npz,../data/LIP-RTVE/transcriptions/speaker033/speaker033_0088.txt,5,utf-8
4529,LIP-RTVE,speaker033_0089,230,../data/LIP-RTVE/WAVs/speaker033/speaker033_0089.wav,../data/LIP-RTVE/ROIs/speaker033/speaker033_0089.npz,../data/LIP-RTVE/transcriptions/speaker033/speaker033_0089.txt,5,utf-8
4530,LIP-RTVE,speaker033_0090,329,../data/LIP-RTVE/WAVs/speaker033/speaker033_0090.wav,../data/LIP-RTVE/ROIs/speaker033/speaker033_0090.npz,../data/LIP-RTVE/transcriptions/speaker033/speaker033_0090.txt,5,utf-8
4531,LIP-RTVE,speaker033_0091,268,../data/LIP-RTVE/WAVs/speaker033/speaker033_0091.wav,../data/LIP-RTVE/ROIs/speaker033/speaker033_0091.npz,../data/LIP-RTVE/transcriptions/speaker033/speaker033_0091.txt,5,utf-8
4532,LIP-RTVE,speaker033_0093,123,../data/LIP-RTVE/WAVs/speaker033/speaker033_0093.wav,../data/LIP-RTVE/ROIs/speaker033/speaker033_0093.npz,../data/LIP-RTVE/transcriptions/speaker033/speaker033_0093.txt,5,utf-8
4533,LIP-RTVE,speaker033_0096,37,../data/LIP-RTVE/WAVs/speaker033/speaker033_0096.wav,../data/LIP-RTVE/ROIs/speaker033/speaker033_0096.npz,../data/LIP-RTVE/transcriptions/speaker033/speaker033_0096.txt,5,utf-8
4534,LIP-RTVE,speaker033_0097,116,../data/LIP-RTVE/WAVs/speaker033/speaker033_0097.wav,../data/LIP-RTVE/ROIs/speaker033/speaker033_0097.npz,../data/LIP-RTVE/transcriptions/speaker033/speaker033_0097.txt,5,utf-8
4535,LIP-RTVE,speaker033_0098,227,../data/LIP-RTVE/WAVs/speaker033/speaker033_0098.wav,../data/LIP-RTVE/ROIs/speaker033/speaker033_0098.npz,../data/LIP-RTVE/transcriptions/speaker033/speaker033_0098.txt,5,utf-8
4536,LIP-RTVE,speaker033_0099,83,../data/LIP-RTVE/WAVs/speaker033/speaker033_0099.wav,../data/LIP-RTVE/ROIs/speaker033/speaker033_0099.npz,../data/LIP-RTVE/transcriptions/speaker033/speaker033_0099.txt,5,utf-8
4537,LIP-RTVE,speaker033_0100,45,../data/LIP-RTVE/WAVs/speaker033/speaker033_0100.wav,../data/LIP-RTVE/ROIs/speaker033/speaker033_0100.npz,../data/LIP-RTVE/transcriptions/speaker033/speaker033_0100.txt,5,utf-8
4538,LIP-RTVE,speaker033_0101,137,../data/LIP-RTVE/WAVs/speaker033/speaker033_0101.wav,../data/LIP-RTVE/ROIs/speaker033/speaker033_0101.npz,../data/LIP-RTVE/transcriptions/speaker033/speaker033_0101.txt,5,utf-8
4539,LIP-RTVE,speaker033_0102,91,../data/LIP-RTVE/WAVs/speaker033/speaker033_0102.wav,../data/LIP-RTVE/ROIs/speaker033/speaker033_0102.npz,../data/LIP-RTVE/transcriptions/speaker033/speaker033_0102.txt,5,utf-8
4540,LIP-RTVE,speaker033_0103,191,../data/LIP-RTVE/WAVs/speaker033/speaker033_0103.wav,../data/LIP-RTVE/ROIs/speaker033/speaker033_0103.npz,../data/LIP-RTVE/transcriptions/speaker033/speaker033_0103.txt,5,utf-8
4541,LIP-RTVE,speaker033_0104,103,../data/LIP-RTVE/WAVs/speaker033/speaker033_0104.wav,../data/LIP-RTVE/ROIs/speaker033/speaker033_0104.npz,../data/LIP-RTVE/transcriptions/speaker033/speaker033_0104.txt,5,utf-8
4542,LIP-RTVE,speaker033_0105,64,../data/LIP-RTVE/WAVs/speaker033/speaker033_0105.wav,../data/LIP-RTVE/ROIs/speaker033/speaker033_0105.npz,../data/LIP-RTVE/transcriptions/speaker033/speaker033_0105.txt,5,utf-8
4543,LIP-RTVE,speaker033_0106,35,../data/LIP-RTVE/WAVs/speaker033/speaker033_0106.wav,../data/LIP-RTVE/ROIs/speaker033/speaker033_0106.npz,../data/LIP-RTVE/transcriptions/speaker033/speaker033_0106.txt,5,utf-8
4544,LIP-RTVE,speaker033_0107,121,../data/LIP-RTVE/WAVs/speaker033/speaker033_0107.wav,../data/LIP-RTVE/ROIs/speaker033/speaker033_0107.npz,../data/LIP-RTVE/transcriptions/speaker033/speaker033_0107.txt,5,utf-8
4545,LIP-RTVE,speaker033_0109,93,../data/LIP-RTVE/WAVs/speaker033/speaker033_0109.wav,../data/LIP-RTVE/ROIs/speaker033/speaker033_0109.npz,../data/LIP-RTVE/transcriptions/speaker033/speaker033_0109.txt,5,utf-8
4546,LIP-RTVE,speaker033_0110,122,../data/LIP-RTVE/WAVs/speaker033/speaker033_0110.wav,../data/LIP-RTVE/ROIs/speaker033/speaker033_0110.npz,../data/LIP-RTVE/transcriptions/speaker033/speaker033_0110.txt,5,utf-8
4547,LIP-RTVE,speaker033_0111,93,../data/LIP-RTVE/WAVs/speaker033/speaker033_0111.wav,../data/LIP-RTVE/ROIs/speaker033/speaker033_0111.npz,../data/LIP-RTVE/transcriptions/speaker033/speaker033_0111.txt,5,utf-8
4548,LIP-RTVE,speaker033_0112,61,../data/LIP-RTVE/WAVs/speaker033/speaker033_0112.wav,../data/LIP-RTVE/ROIs/speaker033/speaker033_0112.npz,../data/LIP-RTVE/transcriptions/speaker033/speaker033_0112.txt,5,utf-8
4549,LIP-RTVE,speaker033_0113,30,../data/LIP-RTVE/WAVs/speaker033/speaker033_0113.wav,../data/LIP-RTVE/ROIs/speaker033/speaker033_0113.npz,../data/LIP-RTVE/transcriptions/speaker033/speaker033_0113.txt,5,utf-8
4550,LIP-RTVE,speaker033_0114,88,../data/LIP-RTVE/WAVs/speaker033/speaker033_0114.wav,../data/LIP-RTVE/ROIs/speaker033/speaker033_0114.npz,../data/LIP-RTVE/transcriptions/speaker033/speaker033_0114.txt,5,utf-8
4551,LIP-RTVE,speaker033_0115,31,../data/LIP-RTVE/WAVs/speaker033/speaker033_0115.wav,../data/LIP-RTVE/ROIs/speaker033/speaker033_0115.npz,../data/LIP-RTVE/transcriptions/speaker033/speaker033_0115.txt,5,utf-8
4552,LIP-RTVE,speaker033_0117,84,../data/LIP-RTVE/WAVs/speaker033/speaker033_0117.wav,../data/LIP-RTVE/ROIs/speaker033/speaker033_0117.npz,../data/LIP-RTVE/transcriptions/speaker033/speaker033_0117.txt,5,utf-8
4553,LIP-RTVE,speaker033_0119,113,../data/LIP-RTVE/WAVs/speaker033/speaker033_0119.wav,../data/LIP-RTVE/ROIs/speaker033/speaker033_0119.npz,../data/LIP-RTVE/transcriptions/speaker033/speaker033_0119.txt,5,utf-8
4554,LIP-RTVE,speaker033_0121,121,../data/LIP-RTVE/WAVs/speaker033/speaker033_0121.wav,../data/LIP-RTVE/ROIs/speaker033/speaker033_0121.npz,../data/LIP-RTVE/transcriptions/speaker033/speaker033_0121.txt,5,utf-8
4555,LIP-RTVE,speaker033_0122,70,../data/LIP-RTVE/WAVs/speaker033/speaker033_0122.wav,../data/LIP-RTVE/ROIs/speaker033/speaker033_0122.npz,../data/LIP-RTVE/transcriptions/speaker033/speaker033_0122.txt,5,utf-8
4556,LIP-RTVE,speaker033_0123,41,../data/LIP-RTVE/WAVs/speaker033/speaker033_0123.wav,../data/LIP-RTVE/ROIs/speaker033/speaker033_0123.npz,../data/LIP-RTVE/transcriptions/speaker033/speaker033_0123.txt,5,utf-8
4557,LIP-RTVE,speaker033_0124,34,../data/LIP-RTVE/WAVs/speaker033/speaker033_0124.wav,../data/LIP-RTVE/ROIs/speaker033/speaker033_0124.npz,../data/LIP-RTVE/transcriptions/speaker033/speaker033_0124.txt,5,utf-8
4558,LIP-RTVE,speaker033_0125,134,../data/LIP-RTVE/WAVs/speaker033/speaker033_0125.wav,../data/LIP-RTVE/ROIs/speaker033/speaker033_0125.npz,../data/LIP-RTVE/transcriptions/speaker033/speaker033_0125.txt,5,utf-8
4559,LIP-RTVE,speaker033_0126,257,../data/LIP-RTVE/WAVs/speaker033/speaker033_0126.wav,../data/LIP-RTVE/ROIs/speaker033/speaker033_0126.npz,../data/LIP-RTVE/transcriptions/speaker033/speaker033_0126.txt,5,utf-8
4560,LIP-RTVE,speaker033_0128,116,../data/LIP-RTVE/WAVs/speaker033/speaker033_0128.wav,../data/LIP-RTVE/ROIs/speaker033/speaker033_0128.npz,../data/LIP-RTVE/transcriptions/speaker033/speaker033_0128.txt,5,utf-8
4561,LIP-RTVE,speaker033_0129,325,../data/LIP-RTVE/WAVs/speaker033/speaker033_0129.wav,../data/LIP-RTVE/ROIs/speaker033/speaker033_0129.npz,../data/LIP-RTVE/transcriptions/speaker033/speaker033_0129.txt,5,utf-8
4562,LIP-RTVE,speaker033_0130,190,../data/LIP-RTVE/WAVs/speaker033/speaker033_0130.wav,../data/LIP-RTVE/ROIs/speaker033/speaker033_0130.npz,../data/LIP-RTVE/transcriptions/speaker033/speaker033_0130.txt,5,utf-8
4563,LIP-RTVE,speaker033_0131,103,../data/LIP-RTVE/WAVs/speaker033/speaker033_0131.wav,../data/LIP-RTVE/ROIs/speaker033/speaker033_0131.npz,../data/LIP-RTVE/transcriptions/speaker033/speaker033_0131.txt,5,utf-8
4564,LIP-RTVE,speaker033_0132,129,../data/LIP-RTVE/WAVs/speaker033/speaker033_0132.wav,../data/LIP-RTVE/ROIs/speaker033/speaker033_0132.npz,../data/LIP-RTVE/transcriptions/speaker033/speaker033_0132.txt,5,utf-8
4565,LIP-RTVE,speaker033_0133,173,../data/LIP-RTVE/WAVs/speaker033/speaker033_0133.wav,../data/LIP-RTVE/ROIs/speaker033/speaker033_0133.npz,../data/LIP-RTVE/transcriptions/speaker033/speaker033_0133.txt,5,utf-8
4566,LIP-RTVE,speaker033_0134,140,../data/LIP-RTVE/WAVs/speaker033/speaker033_0134.wav,../data/LIP-RTVE/ROIs/speaker033/speaker033_0134.npz,../data/LIP-RTVE/transcriptions/speaker033/speaker033_0134.txt,5,utf-8
4567,LIP-RTVE,speaker033_0135,70,../data/LIP-RTVE/WAVs/speaker033/speaker033_0135.wav,../data/LIP-RTVE/ROIs/speaker033/speaker033_0135.npz,../data/LIP-RTVE/transcriptions/speaker033/speaker033_0135.txt,5,utf-8
4568,LIP-RTVE,speaker033_0136,71,../data/LIP-RTVE/WAVs/speaker033/speaker033_0136.wav,../data/LIP-RTVE/ROIs/speaker033/speaker033_0136.npz,../data/LIP-RTVE/transcriptions/speaker033/speaker033_0136.txt,5,utf-8
4569,LIP-RTVE,speaker033_0139,28,../data/LIP-RTVE/WAVs/speaker033/speaker033_0139.wav,../data/LIP-RTVE/ROIs/speaker033/speaker033_0139.npz,../data/LIP-RTVE/transcriptions/speaker033/speaker033_0139.txt,5,utf-8
4570,LIP-RTVE,speaker033_0140,35,../data/LIP-RTVE/WAVs/speaker033/speaker033_0140.wav,../data/LIP-RTVE/ROIs/speaker033/speaker033_0140.npz,../data/LIP-RTVE/transcriptions/speaker033/speaker033_0140.txt,5,utf-8
4571,LIP-RTVE,speaker033_0142,37,../data/LIP-RTVE/WAVs/speaker033/speaker033_0142.wav,../data/LIP-RTVE/ROIs/speaker033/speaker033_0142.npz,../data/LIP-RTVE/transcriptions/speaker033/speaker033_0142.txt,5,utf-8
4572,LIP-RTVE,speaker033_0143,74,../data/LIP-RTVE/WAVs/speaker033/speaker033_0143.wav,../data/LIP-RTVE/ROIs/speaker033/speaker033_0143.npz,../data/LIP-RTVE/transcriptions/speaker033/speaker033_0143.txt,5,utf-8
4573,LIP-RTVE,speaker033_0147,100,../data/LIP-RTVE/WAVs/speaker033/speaker033_0147.wav,../data/LIP-RTVE/ROIs/speaker033/speaker033_0147.npz,../data/LIP-RTVE/transcriptions/speaker033/speaker033_0147.txt,5,utf-8
4574,LIP-RTVE,speaker033_0148,179,../data/LIP-RTVE/WAVs/speaker033/speaker033_0148.wav,../data/LIP-RTVE/ROIs/speaker033/speaker033_0148.npz,../data/LIP-RTVE/transcriptions/speaker033/speaker033_0148.txt,5,utf-8
4575,LIP-RTVE,speaker033_0149,135,../data/LIP-RTVE/WAVs/speaker033/speaker033_0149.wav,../data/LIP-RTVE/ROIs/speaker033/speaker033_0149.npz,../data/LIP-RTVE/transcriptions/speaker033/speaker033_0149.txt,5,utf-8
4576,LIP-RTVE,speaker033_0151,37,../data/LIP-RTVE/WAVs/speaker033/speaker033_0151.wav,../data/LIP-RTVE/ROIs/speaker033/speaker033_0151.npz,../data/LIP-RTVE/transcriptions/speaker033/speaker033_0151.txt,5,utf-8
4577,LIP-RTVE,speaker033_0153,107,../data/LIP-RTVE/WAVs/speaker033/speaker033_0153.wav,../data/LIP-RTVE/ROIs/speaker033/speaker033_0153.npz,../data/LIP-RTVE/transcriptions/speaker033/speaker033_0153.txt,5,utf-8
4578,LIP-RTVE,speaker033_0154,44,../data/LIP-RTVE/WAVs/speaker033/speaker033_0154.wav,../data/LIP-RTVE/ROIs/speaker033/speaker033_0154.npz,../data/LIP-RTVE/transcriptions/speaker033/speaker033_0154.txt,5,utf-8
4579,LIP-RTVE,speaker033_0155,27,../data/LIP-RTVE/WAVs/speaker033/speaker033_0155.wav,../data/LIP-RTVE/ROIs/speaker033/speaker033_0155.npz,../data/LIP-RTVE/transcriptions/speaker033/speaker033_0155.txt,5,utf-8
4580,LIP-RTVE,speaker033_0156,115,../data/LIP-RTVE/WAVs/speaker033/speaker033_0156.wav,../data/LIP-RTVE/ROIs/speaker033/speaker033_0156.npz,../data/LIP-RTVE/transcriptions/speaker033/speaker033_0156.txt,5,utf-8
4581,LIP-RTVE,speaker033_0157,93,../data/LIP-RTVE/WAVs/speaker033/speaker033_0157.wav,../data/LIP-RTVE/ROIs/speaker033/speaker033_0157.npz,../data/LIP-RTVE/transcriptions/speaker033/speaker033_0157.txt,5,utf-8
4582,LIP-RTVE,speaker033_0158,165,../data/LIP-RTVE/WAVs/speaker033/speaker033_0158.wav,../data/LIP-RTVE/ROIs/speaker033/speaker033_0158.npz,../data/LIP-RTVE/transcriptions/speaker033/speaker033_0158.txt,5,utf-8
4583,LIP-RTVE,speaker033_0159,128,../data/LIP-RTVE/WAVs/speaker033/speaker033_0159.wav,../data/LIP-RTVE/ROIs/speaker033/speaker033_0159.npz,../data/LIP-RTVE/transcriptions/speaker033/speaker033_0159.txt,5,utf-8
4584,LIP-RTVE,speaker033_0160,150,../data/LIP-RTVE/WAVs/speaker033/speaker033_0160.wav,../data/LIP-RTVE/ROIs/speaker033/speaker033_0160.npz,../data/LIP-RTVE/transcriptions/speaker033/speaker033_0160.txt,5,utf-8
4585,LIP-RTVE,speaker033_0161,77,../data/LIP-RTVE/WAVs/speaker033/speaker033_0161.wav,../data/LIP-RTVE/ROIs/speaker033/speaker033_0161.npz,../data/LIP-RTVE/transcriptions/speaker033/speaker033_0161.txt,5,utf-8
4586,LIP-RTVE,speaker033_0162,39,../data/LIP-RTVE/WAVs/speaker033/speaker033_0162.wav,../data/LIP-RTVE/ROIs/speaker033/speaker033_0162.npz,../data/LIP-RTVE/transcriptions/speaker033/speaker033_0162.txt,5,utf-8
4587,LIP-RTVE,speaker033_0164,27,../data/LIP-RTVE/WAVs/speaker033/speaker033_0164.wav,../data/LIP-RTVE/ROIs/speaker033/speaker033_0164.npz,../data/LIP-RTVE/transcriptions/speaker033/speaker033_0164.txt,5,utf-8
4588,LIP-RTVE,speaker033_0165,45,../data/LIP-RTVE/WAVs/speaker033/speaker033_0165.wav,../data/LIP-RTVE/ROIs/speaker033/speaker033_0165.npz,../data/LIP-RTVE/transcriptions/speaker033/speaker033_0165.txt,5,utf-8
4589,LIP-RTVE,speaker033_0168,291,../data/LIP-RTVE/WAVs/speaker033/speaker033_0168.wav,../data/LIP-RTVE/ROIs/speaker033/speaker033_0168.npz,../data/LIP-RTVE/transcriptions/speaker033/speaker033_0168.txt,5,utf-8
4590,LIP-RTVE,speaker033_0169,253,../data/LIP-RTVE/WAVs/speaker033/speaker033_0169.wav,../data/LIP-RTVE/ROIs/speaker033/speaker033_0169.npz,../data/LIP-RTVE/transcriptions/speaker033/speaker033_0169.txt,5,utf-8
4591,LIP-RTVE,speaker033_0170,341,../data/LIP-RTVE/WAVs/speaker033/speaker033_0170.wav,../data/LIP-RTVE/ROIs/speaker033/speaker033_0170.npz,../data/LIP-RTVE/transcriptions/speaker033/speaker033_0170.txt,5,utf-8
4592,LIP-RTVE,speaker033_0171,40,../data/LIP-RTVE/WAVs/speaker033/speaker033_0171.wav,../data/LIP-RTVE/ROIs/speaker033/speaker033_0171.npz,../data/LIP-RTVE/transcriptions/speaker033/speaker033_0171.txt,5,utf-8
4593,LIP-RTVE,speaker033_0173,29,../data/LIP-RTVE/WAVs/speaker033/speaker033_0173.wav,../data/LIP-RTVE/ROIs/speaker033/speaker033_0173.npz,../data/LIP-RTVE/transcriptions/speaker033/speaker033_0173.txt,5,utf-8
4594,LIP-RTVE,speaker033_0174,297,../data/LIP-RTVE/WAVs/speaker033/speaker033_0174.wav,../data/LIP-RTVE/ROIs/speaker033/speaker033_0174.npz,../data/LIP-RTVE/transcriptions/speaker033/speaker033_0174.txt,5,utf-8
4595,LIP-RTVE,speaker033_0175,210,../data/LIP-RTVE/WAVs/speaker033/speaker033_0175.wav,../data/LIP-RTVE/ROIs/speaker033/speaker033_0175.npz,../data/LIP-RTVE/transcriptions/speaker033/speaker033_0175.txt,5,utf-8
4596,LIP-RTVE,speaker033_0177,36,../data/LIP-RTVE/WAVs/speaker033/speaker033_0177.wav,../data/LIP-RTVE/ROIs/speaker033/speaker033_0177.npz,../data/LIP-RTVE/transcriptions/speaker033/speaker033_0177.txt,5,utf-8
4597,LIP-RTVE,speaker033_0179,123,../data/LIP-RTVE/WAVs/speaker033/speaker033_0179.wav,../data/LIP-RTVE/ROIs/speaker033/speaker033_0179.npz,../data/LIP-RTVE/transcriptions/speaker033/speaker033_0179.txt,5,utf-8
4598,LIP-RTVE,speaker033_0181,38,../data/LIP-RTVE/WAVs/speaker033/speaker033_0181.wav,../data/LIP-RTVE/ROIs/speaker033/speaker033_0181.npz,../data/LIP-RTVE/transcriptions/speaker033/speaker033_0181.txt,5,utf-8
4599,LIP-RTVE,speaker033_0182,138,../data/LIP-RTVE/WAVs/speaker033/speaker033_0182.wav,../data/LIP-RTVE/ROIs/speaker033/speaker033_0182.npz,../data/LIP-RTVE/transcriptions/speaker033/speaker033_0182.txt,5,utf-8
4600,LIP-RTVE,speaker033_0183,98,../data/LIP-RTVE/WAVs/speaker033/speaker033_0183.wav,../data/LIP-RTVE/ROIs/speaker033/speaker033_0183.npz,../data/LIP-RTVE/transcriptions/speaker033/speaker033_0183.txt,5,utf-8
4601,LIP-RTVE,speaker033_0184,176,../data/LIP-RTVE/WAVs/speaker033/speaker033_0184.wav,../data/LIP-RTVE/ROIs/speaker033/speaker033_0184.npz,../data/LIP-RTVE/transcriptions/speaker033/speaker033_0184.txt,5,utf-8
4602,LIP-RTVE,speaker033_0185,116,../data/LIP-RTVE/WAVs/speaker033/speaker033_0185.wav,../data/LIP-RTVE/ROIs/speaker033/speaker033_0185.npz,../data/LIP-RTVE/transcriptions/speaker033/speaker033_0185.txt,5,utf-8
4603,LIP-RTVE,speaker033_0186,26,../data/LIP-RTVE/WAVs/speaker033/speaker033_0186.wav,../data/LIP-RTVE/ROIs/speaker033/speaker033_0186.npz,../data/LIP-RTVE/transcriptions/speaker033/speaker033_0186.txt,5,utf-8
4604,LIP-RTVE,speaker033_0187,101,../data/LIP-RTVE/WAVs/speaker033/speaker033_0187.wav,../data/LIP-RTVE/ROIs/speaker033/speaker033_0187.npz,../data/LIP-RTVE/transcriptions/speaker033/speaker033_0187.txt,5,utf-8
4605,LIP-RTVE,speaker033_0188,51,../data/LIP-RTVE/WAVs/speaker033/speaker033_0188.wav,../data/LIP-RTVE/ROIs/speaker033/speaker033_0188.npz,../data/LIP-RTVE/transcriptions/speaker033/speaker033_0188.txt,5,utf-8
4606,LIP-RTVE,speaker033_0189,26,../data/LIP-RTVE/WAVs/speaker033/speaker033_0189.wav,../data/LIP-RTVE/ROIs/speaker033/speaker033_0189.npz,../data/LIP-RTVE/transcriptions/speaker033/speaker033_0189.txt,5,utf-8
4607,LIP-RTVE,speaker033_0190,55,../data/LIP-RTVE/WAVs/speaker033/speaker033_0190.wav,../data/LIP-RTVE/ROIs/speaker033/speaker033_0190.npz,../data/LIP-RTVE/transcriptions/speaker033/speaker033_0190.txt,5,utf-8
4608,LIP-RTVE,speaker033_0191,151,../data/LIP-RTVE/WAVs/speaker033/speaker033_0191.wav,../data/LIP-RTVE/ROIs/speaker033/speaker033_0191.npz,../data/LIP-RTVE/transcriptions/speaker033/speaker033_0191.txt,5,utf-8
4609,LIP-RTVE,speaker033_0192,149,../data/LIP-RTVE/WAVs/speaker033/speaker033_0192.wav,../data/LIP-RTVE/ROIs/speaker033/speaker033_0192.npz,../data/LIP-RTVE/transcriptions/speaker033/speaker033_0192.txt,5,utf-8
4610,LIP-RTVE,speaker033_0193,78,../data/LIP-RTVE/WAVs/speaker033/speaker033_0193.wav,../data/LIP-RTVE/ROIs/speaker033/speaker033_0193.npz,../data/LIP-RTVE/transcriptions/speaker033/speaker033_0193.txt,5,utf-8
4611,LIP-RTVE,speaker033_0194,50,../data/LIP-RTVE/WAVs/speaker033/speaker033_0194.wav,../data/LIP-RTVE/ROIs/speaker033/speaker033_0194.npz,../data/LIP-RTVE/transcriptions/speaker033/speaker033_0194.txt,5,utf-8
4612,LIP-RTVE,speaker033_0196,114,../data/LIP-RTVE/WAVs/speaker033/speaker033_0196.wav,../data/LIP-RTVE/ROIs/speaker033/speaker033_0196.npz,../data/LIP-RTVE/transcriptions/speaker033/speaker033_0196.txt,5,utf-8
4613,LIP-RTVE,speaker033_0198,113,../data/LIP-RTVE/WAVs/speaker033/speaker033_0198.wav,../data/LIP-RTVE/ROIs/speaker033/speaker033_0198.npz,../data/LIP-RTVE/transcriptions/speaker033/speaker033_0198.txt,5,utf-8
4614,LIP-RTVE,speaker033_0199,85,../data/LIP-RTVE/WAVs/speaker033/speaker033_0199.wav,../data/LIP-RTVE/ROIs/speaker033/speaker033_0199.npz,../data/LIP-RTVE/transcriptions/speaker033/speaker033_0199.txt,5,utf-8
4615,LIP-RTVE,speaker033_0200,30,../data/LIP-RTVE/WAVs/speaker033/speaker033_0200.wav,../data/LIP-RTVE/ROIs/speaker033/speaker033_0200.npz,../data/LIP-RTVE/transcriptions/speaker033/speaker033_0200.txt,5,utf-8
4616,LIP-RTVE,speaker033_0201,55,../data/LIP-RTVE/WAVs/speaker033/speaker033_0201.wav,../data/LIP-RTVE/ROIs/speaker033/speaker033_0201.npz,../data/LIP-RTVE/transcriptions/speaker033/speaker033_0201.txt,5,utf-8
4617,LIP-RTVE,speaker033_0202,28,../data/LIP-RTVE/WAVs/speaker033/speaker033_0202.wav,../data/LIP-RTVE/ROIs/speaker033/speaker033_0202.npz,../data/LIP-RTVE/transcriptions/speaker033/speaker033_0202.txt,5,utf-8
4618,LIP-RTVE,speaker033_0203,276,../data/LIP-RTVE/WAVs/speaker033/speaker033_0203.wav,../data/LIP-RTVE/ROIs/speaker033/speaker033_0203.npz,../data/LIP-RTVE/transcriptions/speaker033/speaker033_0203.txt,5,utf-8
4619,LIP-RTVE,speaker033_0204,195,../data/LIP-RTVE/WAVs/speaker033/speaker033_0204.wav,../data/LIP-RTVE/ROIs/speaker033/speaker033_0204.npz,../data/LIP-RTVE/transcriptions/speaker033/speaker033_0204.txt,5,utf-8
4620,LIP-RTVE,speaker033_0205,114,../data/LIP-RTVE/WAVs/speaker033/speaker033_0205.wav,../data/LIP-RTVE/ROIs/speaker033/speaker033_0205.npz,../data/LIP-RTVE/transcriptions/speaker033/speaker033_0205.txt,5,utf-8
4621,LIP-RTVE,speaker033_0206,297,../data/LIP-RTVE/WAVs/speaker033/speaker033_0206.wav,../data/LIP-RTVE/ROIs/speaker033/speaker033_0206.npz,../data/LIP-RTVE/transcriptions/speaker033/speaker033_0206.txt,5,utf-8
4622,LIP-RTVE,speaker033_0207,61,../data/LIP-RTVE/WAVs/speaker033/speaker033_0207.wav,../data/LIP-RTVE/ROIs/speaker033/speaker033_0207.npz,../data/LIP-RTVE/transcriptions/speaker033/speaker033_0207.txt,5,utf-8
4623,LIP-RTVE,speaker033_0209,101,../data/LIP-RTVE/WAVs/speaker033/speaker033_0209.wav,../data/LIP-RTVE/ROIs/speaker033/speaker033_0209.npz,../data/LIP-RTVE/transcriptions/speaker033/speaker033_0209.txt,5,utf-8
4624,LIP-RTVE,speaker033_0211,135,../data/LIP-RTVE/WAVs/speaker033/speaker033_0211.wav,../data/LIP-RTVE/ROIs/speaker033/speaker033_0211.npz,../data/LIP-RTVE/transcriptions/speaker033/speaker033_0211.txt,5,utf-8
4625,LIP-RTVE,speaker033_0213,98,../data/LIP-RTVE/WAVs/speaker033/speaker033_0213.wav,../data/LIP-RTVE/ROIs/speaker033/speaker033_0213.npz,../data/LIP-RTVE/transcriptions/speaker033/speaker033_0213.txt,5,utf-8
4626,LIP-RTVE,speaker033_0214,36,../data/LIP-RTVE/WAVs/speaker033/speaker033_0214.wav,../data/LIP-RTVE/ROIs/speaker033/speaker033_0214.npz,../data/LIP-RTVE/transcriptions/speaker033/speaker033_0214.txt,5,utf-8
4627,LIP-RTVE,speaker033_0215,31,../data/LIP-RTVE/WAVs/speaker033/speaker033_0215.wav,../data/LIP-RTVE/ROIs/speaker033/speaker033_0215.npz,../data/LIP-RTVE/transcriptions/speaker033/speaker033_0215.txt,5,utf-8
4628,LIP-RTVE,speaker033_0216,139,../data/LIP-RTVE/WAVs/speaker033/speaker033_0216.wav,../data/LIP-RTVE/ROIs/speaker033/speaker033_0216.npz,../data/LIP-RTVE/transcriptions/speaker033/speaker033_0216.txt,5,utf-8
4629,LIP-RTVE,speaker033_0217,35,../data/LIP-RTVE/WAVs/speaker033/speaker033_0217.wav,../data/LIP-RTVE/ROIs/speaker033/speaker033_0217.npz,../data/LIP-RTVE/transcriptions/speaker033/speaker033_0217.txt,5,utf-8
4630,LIP-RTVE,speaker033_0218,56,../data/LIP-RTVE/WAVs/speaker033/speaker033_0218.wav,../data/LIP-RTVE/ROIs/speaker033/speaker033_0218.npz,../data/LIP-RTVE/transcriptions/speaker033/speaker033_0218.txt,5,utf-8
4631,LIP-RTVE,speaker033_0219,179,../data/LIP-RTVE/WAVs/speaker033/speaker033_0219.wav,../data/LIP-RTVE/ROIs/speaker033/speaker033_0219.npz,../data/LIP-RTVE/transcriptions/speaker033/speaker033_0219.txt,5,utf-8
4632,LIP-RTVE,speaker033_0220,86,../data/LIP-RTVE/WAVs/speaker033/speaker033_0220.wav,../data/LIP-RTVE/ROIs/speaker033/speaker033_0220.npz,../data/LIP-RTVE/transcriptions/speaker033/speaker033_0220.txt,5,utf-8
4633,LIP-RTVE,speaker033_0224,175,../data/LIP-RTVE/WAVs/speaker033/speaker033_0224.wav,../data/LIP-RTVE/ROIs/speaker033/speaker033_0224.npz,../data/LIP-RTVE/transcriptions/speaker033/speaker033_0224.txt,5,utf-8
4634,LIP-RTVE,speaker033_0225,159,../data/LIP-RTVE/WAVs/speaker033/speaker033_0225.wav,../data/LIP-RTVE/ROIs/speaker033/speaker033_0225.npz,../data/LIP-RTVE/transcriptions/speaker033/speaker033_0225.txt,5,utf-8
4635,LIP-RTVE,speaker033_0226,47,../data/LIP-RTVE/WAVs/speaker033/speaker033_0226.wav,../data/LIP-RTVE/ROIs/speaker033/speaker033_0226.npz,../data/LIP-RTVE/transcriptions/speaker033/speaker033_0226.txt,5,utf-8
4636,LIP-RTVE,speaker033_0227,59,../data/LIP-RTVE/WAVs/speaker033/speaker033_0227.wav,../data/LIP-RTVE/ROIs/speaker033/speaker033_0227.npz,../data/LIP-RTVE/transcriptions/speaker033/speaker033_0227.txt,5,utf-8
4637,LIP-RTVE,speaker033_0228,91,../data/LIP-RTVE/WAVs/speaker033/speaker033_0228.wav,../data/LIP-RTVE/ROIs/speaker033/speaker033_0228.npz,../data/LIP-RTVE/transcriptions/speaker033/speaker033_0228.txt,5,utf-8
4638,LIP-RTVE,speaker033_0229,135,../data/LIP-RTVE/WAVs/speaker033/speaker033_0229.wav,../data/LIP-RTVE/ROIs/speaker033/speaker033_0229.npz,../data/LIP-RTVE/transcriptions/speaker033/speaker033_0229.txt,5,utf-8
4639,LIP-RTVE,speaker033_0230,153,../data/LIP-RTVE/WAVs/speaker033/speaker033_0230.wav,../data/LIP-RTVE/ROIs/speaker033/speaker033_0230.npz,../data/LIP-RTVE/transcriptions/speaker033/speaker033_0230.txt,5,utf-8
4640,LIP-RTVE,speaker033_0232,100,../data/LIP-RTVE/WAVs/speaker033/speaker033_0232.wav,../data/LIP-RTVE/ROIs/speaker033/speaker033_0232.npz,../data/LIP-RTVE/transcriptions/speaker033/speaker033_0232.txt,5,utf-8
4641,LIP-RTVE,speaker033_0233,211,../data/LIP-RTVE/WAVs/speaker033/speaker033_0233.wav,../data/LIP-RTVE/ROIs/speaker033/speaker033_0233.npz,../data/LIP-RTVE/transcriptions/speaker033/speaker033_0233.txt,5,utf-8
4642,LIP-RTVE,speaker033_0234,31,../data/LIP-RTVE/WAVs/speaker033/speaker033_0234.wav,../data/LIP-RTVE/ROIs/speaker033/speaker033_0234.npz,../data/LIP-RTVE/transcriptions/speaker033/speaker033_0234.txt,5,utf-8
4643,LIP-RTVE,speaker033_0239,61,../data/LIP-RTVE/WAVs/speaker033/speaker033_0239.wav,../data/LIP-RTVE/ROIs/speaker033/speaker033_0239.npz,../data/LIP-RTVE/transcriptions/speaker033/speaker033_0239.txt,5,utf-8
4644,LIP-RTVE,speaker033_0240,33,../data/LIP-RTVE/WAVs/speaker033/speaker033_0240.wav,../data/LIP-RTVE/ROIs/speaker033/speaker033_0240.npz,../data/LIP-RTVE/transcriptions/speaker033/speaker033_0240.txt,5,utf-8
4645,LIP-RTVE,speaker033_0241,174,../data/LIP-RTVE/WAVs/speaker033/speaker033_0241.wav,../data/LIP-RTVE/ROIs/speaker033/speaker033_0241.npz,../data/LIP-RTVE/transcriptions/speaker033/speaker033_0241.txt,5,utf-8
4646,LIP-RTVE,speaker033_0242,186,../data/LIP-RTVE/WAVs/speaker033/speaker033_0242.wav,../data/LIP-RTVE/ROIs/speaker033/speaker033_0242.npz,../data/LIP-RTVE/transcriptions/speaker033/speaker033_0242.txt,5,utf-8
4647,LIP-RTVE,speaker033_0243,95,../data/LIP-RTVE/WAVs/speaker033/speaker033_0243.wav,../data/LIP-RTVE/ROIs/speaker033/speaker033_0243.npz,../data/LIP-RTVE/transcriptions/speaker033/speaker033_0243.txt,5,utf-8
4648,LIP-RTVE,speaker033_0244,131,../data/LIP-RTVE/WAVs/speaker033/speaker033_0244.wav,../data/LIP-RTVE/ROIs/speaker033/speaker033_0244.npz,../data/LIP-RTVE/transcriptions/speaker033/speaker033_0244.txt,5,utf-8
4649,LIP-RTVE,speaker033_0248,59,../data/LIP-RTVE/WAVs/speaker033/speaker033_0248.wav,../data/LIP-RTVE/ROIs/speaker033/speaker033_0248.npz,../data/LIP-RTVE/transcriptions/speaker033/speaker033_0248.txt,5,utf-8
4650,LIP-RTVE,speaker033_0250,169,../data/LIP-RTVE/WAVs/speaker033/speaker033_0250.wav,../data/LIP-RTVE/ROIs/speaker033/speaker033_0250.npz,../data/LIP-RTVE/transcriptions/speaker033/speaker033_0250.txt,5,utf-8
4651,LIP-RTVE,speaker033_0252,273,../data/LIP-RTVE/WAVs/speaker033/speaker033_0252.wav,../data/LIP-RTVE/ROIs/speaker033/speaker033_0252.npz,../data/LIP-RTVE/transcriptions/speaker033/speaker033_0252.txt,5,utf-8
4652,LIP-RTVE,speaker033_0253,48,../data/LIP-RTVE/WAVs/speaker033/speaker033_0253.wav,../data/LIP-RTVE/ROIs/speaker033/speaker033_0253.npz,../data/LIP-RTVE/transcriptions/speaker033/speaker033_0253.txt,5,utf-8
4653,LIP-RTVE,speaker033_0254,219,../data/LIP-RTVE/WAVs/speaker033/speaker033_0254.wav,../data/LIP-RTVE/ROIs/speaker033/speaker033_0254.npz,../data/LIP-RTVE/transcriptions/speaker033/speaker033_0254.txt,5,utf-8
4654,LIP-RTVE,speaker033_0255,195,../data/LIP-RTVE/WAVs/speaker033/speaker033_0255.wav,../data/LIP-RTVE/ROIs/speaker033/speaker033_0255.npz,../data/LIP-RTVE/transcriptions/speaker033/speaker033_0255.txt,5,utf-8
4655,LIP-RTVE,speaker033_0256,68,../data/LIP-RTVE/WAVs/speaker033/speaker033_0256.wav,../data/LIP-RTVE/ROIs/speaker033/speaker033_0256.npz,../data/LIP-RTVE/transcriptions/speaker033/speaker033_0256.txt,5,utf-8
4656,LIP-RTVE,speaker033_0258,311,../data/LIP-RTVE/WAVs/speaker033/speaker033_0258.wav,../data/LIP-RTVE/ROIs/speaker033/speaker033_0258.npz,../data/LIP-RTVE/transcriptions/speaker033/speaker033_0258.txt,5,utf-8
4657,LIP-RTVE,speaker033_0260,78,../data/LIP-RTVE/WAVs/speaker033/speaker033_0260.wav,../data/LIP-RTVE/ROIs/speaker033/speaker033_0260.npz,../data/LIP-RTVE/transcriptions/speaker033/speaker033_0260.txt,5,utf-8
4658,LIP-RTVE,speaker033_0262,30,../data/LIP-RTVE/WAVs/speaker033/speaker033_0262.wav,../data/LIP-RTVE/ROIs/speaker033/speaker033_0262.npz,../data/LIP-RTVE/transcriptions/speaker033/speaker033_0262.txt,5,utf-8
4659,LIP-RTVE,speaker033_0264,35,../data/LIP-RTVE/WAVs/speaker033/speaker033_0264.wav,../data/LIP-RTVE/ROIs/speaker033/speaker033_0264.npz,../data/LIP-RTVE/transcriptions/speaker033/speaker033_0264.txt,5,utf-8
4660,LIP-RTVE,speaker033_0265,131,../data/LIP-RTVE/WAVs/speaker033/speaker033_0265.wav,../data/LIP-RTVE/ROIs/speaker033/speaker033_0265.npz,../data/LIP-RTVE/transcriptions/speaker033/speaker033_0265.txt,5,utf-8
4661,LIP-RTVE,speaker033_0266,259,../data/LIP-RTVE/WAVs/speaker033/speaker033_0266.wav,../data/LIP-RTVE/ROIs/speaker033/speaker033_0266.npz,../data/LIP-RTVE/transcriptions/speaker033/speaker033_0266.txt,5,utf-8
4662,LIP-RTVE,speaker033_0267,148,../data/LIP-RTVE/WAVs/speaker033/speaker033_0267.wav,../data/LIP-RTVE/ROIs/speaker033/speaker033_0267.npz,../data/LIP-RTVE/transcriptions/speaker033/speaker033_0267.txt,5,utf-8
4663,LIP-RTVE,speaker033_0268,68,../data/LIP-RTVE/WAVs/speaker033/speaker033_0268.wav,../data/LIP-RTVE/ROIs/speaker033/speaker033_0268.npz,../data/LIP-RTVE/transcriptions/speaker033/speaker033_0268.txt,5,utf-8
4664,LIP-RTVE,speaker033_0269,289,../data/LIP-RTVE/WAVs/speaker033/speaker033_0269.wav,../data/LIP-RTVE/ROIs/speaker033/speaker033_0269.npz,../data/LIP-RTVE/transcriptions/speaker033/speaker033_0269.txt,5,utf-8
4665,LIP-RTVE,speaker033_0270,150,../data/LIP-RTVE/WAVs/speaker033/speaker033_0270.wav,../data/LIP-RTVE/ROIs/speaker033/speaker033_0270.npz,../data/LIP-RTVE/transcriptions/speaker033/speaker033_0270.txt,5,utf-8
4666,LIP-RTVE,speaker033_0272,151,../data/LIP-RTVE/WAVs/speaker033/speaker033_0272.wav,../data/LIP-RTVE/ROIs/speaker033/speaker033_0272.npz,../data/LIP-RTVE/transcriptions/speaker033/speaker033_0272.txt,5,utf-8
4667,LIP-RTVE,speaker033_0274,210,../data/LIP-RTVE/WAVs/speaker033/speaker033_0274.wav,../data/LIP-RTVE/ROIs/speaker033/speaker033_0274.npz,../data/LIP-RTVE/transcriptions/speaker033/speaker033_0274.txt,5,utf-8
4668,LIP-RTVE,speaker033_0275,153,../data/LIP-RTVE/WAVs/speaker033/speaker033_0275.wav,../data/LIP-RTVE/ROIs/speaker033/speaker033_0275.npz,../data/LIP-RTVE/transcriptions/speaker033/speaker033_0275.txt,5,utf-8
4669,LIP-RTVE,speaker033_0277,40,../data/LIP-RTVE/WAVs/speaker033/speaker033_0277.wav,../data/LIP-RTVE/ROIs/speaker033/speaker033_0277.npz,../data/LIP-RTVE/transcriptions/speaker033/speaker033_0277.txt,5,utf-8
4670,LIP-RTVE,speaker033_0278,155,../data/LIP-RTVE/WAVs/speaker033/speaker033_0278.wav,../data/LIP-RTVE/ROIs/speaker033/speaker033_0278.npz,../data/LIP-RTVE/transcriptions/speaker033/speaker033_0278.txt,5,utf-8
4671,LIP-RTVE,speaker033_0280,75,../data/LIP-RTVE/WAVs/speaker033/speaker033_0280.wav,../data/LIP-RTVE/ROIs/speaker033/speaker033_0280.npz,../data/LIP-RTVE/transcriptions/speaker033/speaker033_0280.txt,5,utf-8
4672,LIP-RTVE,speaker033_0281,164,../data/LIP-RTVE/WAVs/speaker033/speaker033_0281.wav,../data/LIP-RTVE/ROIs/speaker033/speaker033_0281.npz,../data/LIP-RTVE/transcriptions/speaker033/speaker033_0281.txt,5,utf-8
4673,LIP-RTVE,speaker033_0282,34,../data/LIP-RTVE/WAVs/speaker033/speaker033_0282.wav,../data/LIP-RTVE/ROIs/speaker033/speaker033_0282.npz,../data/LIP-RTVE/transcriptions/speaker033/speaker033_0282.txt,5,utf-8
4674,LIP-RTVE,speaker033_0284,176,../data/LIP-RTVE/WAVs/speaker033/speaker033_0284.wav,../data/LIP-RTVE/ROIs/speaker033/speaker033_0284.npz,../data/LIP-RTVE/transcriptions/speaker033/speaker033_0284.txt,5,utf-8
4675,LIP-RTVE,speaker033_0285,195,../data/LIP-RTVE/WAVs/speaker033/speaker033_0285.wav,../data/LIP-RTVE/ROIs/speaker033/speaker033_0285.npz,../data/LIP-RTVE/transcriptions/speaker033/speaker033_0285.txt,5,utf-8
4676,LIP-RTVE,speaker033_0288,59,../data/LIP-RTVE/WAVs/speaker033/speaker033_0288.wav,../data/LIP-RTVE/ROIs/speaker033/speaker033_0288.npz,../data/LIP-RTVE/transcriptions/speaker033/speaker033_0288.txt,5,utf-8
4677,LIP-RTVE,speaker033_0289,213,../data/LIP-RTVE/WAVs/speaker033/speaker033_0289.wav,../data/LIP-RTVE/ROIs/speaker033/speaker033_0289.npz,../data/LIP-RTVE/transcriptions/speaker033/speaker033_0289.txt,5,utf-8
4678,LIP-RTVE,speaker033_0290,124,../data/LIP-RTVE/WAVs/speaker033/speaker033_0290.wav,../data/LIP-RTVE/ROIs/speaker033/speaker033_0290.npz,../data/LIP-RTVE/transcriptions/speaker033/speaker033_0290.txt,5,utf-8
4679,LIP-RTVE,speaker033_0291,193,../data/LIP-RTVE/WAVs/speaker033/speaker033_0291.wav,../data/LIP-RTVE/ROIs/speaker033/speaker033_0291.npz,../data/LIP-RTVE/transcriptions/speaker033/speaker033_0291.txt,5,utf-8
4680,LIP-RTVE,speaker033_0293,206,../data/LIP-RTVE/WAVs/speaker033/speaker033_0293.wav,../data/LIP-RTVE/ROIs/speaker033/speaker033_0293.npz,../data/LIP-RTVE/transcriptions/speaker033/speaker033_0293.txt,5,utf-8
4681,LIP-RTVE,speaker033_0294,131,../data/LIP-RTVE/WAVs/speaker033/speaker033_0294.wav,../data/LIP-RTVE/ROIs/speaker033/speaker033_0294.npz,../data/LIP-RTVE/transcriptions/speaker033/speaker033_0294.txt,5,utf-8
4682,LIP-RTVE,speaker033_0295,58,../data/LIP-RTVE/WAVs/speaker033/speaker033_0295.wav,../data/LIP-RTVE/ROIs/speaker033/speaker033_0295.npz,../data/LIP-RTVE/transcriptions/speaker033/speaker033_0295.txt,5,utf-8
4683,LIP-RTVE,speaker033_0298,39,../data/LIP-RTVE/WAVs/speaker033/speaker033_0298.wav,../data/LIP-RTVE/ROIs/speaker033/speaker033_0298.npz,../data/LIP-RTVE/transcriptions/speaker033/speaker033_0298.txt,5,utf-8
4684,LIP-RTVE,speaker033_0299,134,../data/LIP-RTVE/WAVs/speaker033/speaker033_0299.wav,../data/LIP-RTVE/ROIs/speaker033/speaker033_0299.npz,../data/LIP-RTVE/transcriptions/speaker033/speaker033_0299.txt,5,utf-8
4685,LIP-RTVE,speaker033_0300,29,../data/LIP-RTVE/WAVs/speaker033/speaker033_0300.wav,../data/LIP-RTVE/ROIs/speaker033/speaker033_0300.npz,../data/LIP-RTVE/transcriptions/speaker033/speaker033_0300.txt,5,utf-8
4686,LIP-RTVE,speaker033_0301,213,../data/LIP-RTVE/WAVs/speaker033/speaker033_0301.wav,../data/LIP-RTVE/ROIs/speaker033/speaker033_0301.npz,../data/LIP-RTVE/transcriptions/speaker033/speaker033_0301.txt,5,utf-8
4687,LIP-RTVE,speaker033_0302,53,../data/LIP-RTVE/WAVs/speaker033/speaker033_0302.wav,../data/LIP-RTVE/ROIs/speaker033/speaker033_0302.npz,../data/LIP-RTVE/transcriptions/speaker033/speaker033_0302.txt,5,utf-8
4688,LIP-RTVE,speaker033_0303,159,../data/LIP-RTVE/WAVs/speaker033/speaker033_0303.wav,../data/LIP-RTVE/ROIs/speaker033/speaker033_0303.npz,../data/LIP-RTVE/transcriptions/speaker033/speaker033_0303.txt,5,utf-8
4689,LIP-RTVE,speaker033_0304,114,../data/LIP-RTVE/WAVs/speaker033/speaker033_0304.wav,../data/LIP-RTVE/ROIs/speaker033/speaker033_0304.npz,../data/LIP-RTVE/transcriptions/speaker033/speaker033_0304.txt,5,utf-8
4690,LIP-RTVE,speaker033_0305,189,../data/LIP-RTVE/WAVs/speaker033/speaker033_0305.wav,../data/LIP-RTVE/ROIs/speaker033/speaker033_0305.npz,../data/LIP-RTVE/transcriptions/speaker033/speaker033_0305.txt,5,utf-8
4691,LIP-RTVE,speaker033_0306,93,../data/LIP-RTVE/WAVs/speaker033/speaker033_0306.wav,../data/LIP-RTVE/ROIs/speaker033/speaker033_0306.npz,../data/LIP-RTVE/transcriptions/speaker033/speaker033_0306.txt,5,utf-8
4692,LIP-RTVE,speaker033_0308,116,../data/LIP-RTVE/WAVs/speaker033/speaker033_0308.wav,../data/LIP-RTVE/ROIs/speaker033/speaker033_0308.npz,../data/LIP-RTVE/transcriptions/speaker033/speaker033_0308.txt,5,utf-8
4693,LIP-RTVE,speaker033_0309,254,../data/LIP-RTVE/WAVs/speaker033/speaker033_0309.wav,../data/LIP-RTVE/ROIs/speaker033/speaker033_0309.npz,../data/LIP-RTVE/transcriptions/speaker033/speaker033_0309.txt,5,utf-8
4694,LIP-RTVE,speaker033_0311,102,../data/LIP-RTVE/WAVs/speaker033/speaker033_0311.wav,../data/LIP-RTVE/ROIs/speaker033/speaker033_0311.npz,../data/LIP-RTVE/transcriptions/speaker033/speaker033_0311.txt,5,utf-8
4695,LIP-RTVE,speaker033_0312,189,../data/LIP-RTVE/WAVs/speaker033/speaker033_0312.wav,../data/LIP-RTVE/ROIs/speaker033/speaker033_0312.npz,../data/LIP-RTVE/transcriptions/speaker033/speaker033_0312.txt,5,utf-8
4696,LIP-RTVE,speaker033_0313,218,../data/LIP-RTVE/WAVs/speaker033/speaker033_0313.wav,../data/LIP-RTVE/ROIs/speaker033/speaker033_0313.npz,../data/LIP-RTVE/transcriptions/speaker033/speaker033_0313.txt,5,utf-8
4697,LIP-RTVE,speaker033_0315,45,../data/LIP-RTVE/WAVs/speaker033/speaker033_0315.wav,../data/LIP-RTVE/ROIs/speaker033/speaker033_0315.npz,../data/LIP-RTVE/transcriptions/speaker033/speaker033_0315.txt,5,utf-8
4698,LIP-RTVE,speaker033_0317,162,../data/LIP-RTVE/WAVs/speaker033/speaker033_0317.wav,../data/LIP-RTVE/ROIs/speaker033/speaker033_0317.npz,../data/LIP-RTVE/transcriptions/speaker033/speaker033_0317.txt,5,utf-8
4699,LIP-RTVE,speaker033_0318,277,../data/LIP-RTVE/WAVs/speaker033/speaker033_0318.wav,../data/LIP-RTVE/ROIs/speaker033/speaker033_0318.npz,../data/LIP-RTVE/transcriptions/speaker033/speaker033_0318.txt,5,utf-8
4700,LIP-RTVE,speaker033_0319,163,../data/LIP-RTVE/WAVs/speaker033/speaker033_0319.wav,../data/LIP-RTVE/ROIs/speaker033/speaker033_0319.npz,../data/LIP-RTVE/transcriptions/speaker033/speaker033_0319.txt,5,utf-8
4701,LIP-RTVE,speaker033_0320,119,../data/LIP-RTVE/WAVs/speaker033/speaker033_0320.wav,../data/LIP-RTVE/ROIs/speaker033/speaker033_0320.npz,../data/LIP-RTVE/transcriptions/speaker033/speaker033_0320.txt,5,utf-8
4702,LIP-RTVE,speaker033_0321,145,../data/LIP-RTVE/WAVs/speaker033/speaker033_0321.wav,../data/LIP-RTVE/ROIs/speaker033/speaker033_0321.npz,../data/LIP-RTVE/transcriptions/speaker033/speaker033_0321.txt,5,utf-8
4703,LIP-RTVE,speaker033_0323,138,../data/LIP-RTVE/WAVs/speaker033/speaker033_0323.wav,../data/LIP-RTVE/ROIs/speaker033/speaker033_0323.npz,../data/LIP-RTVE/transcriptions/speaker033/speaker033_0323.txt,5,utf-8
4704,LIP-RTVE,speaker033_0325,174,../data/LIP-RTVE/WAVs/speaker033/speaker033_0325.wav,../data/LIP-RTVE/ROIs/speaker033/speaker033_0325.npz,../data/LIP-RTVE/transcriptions/speaker033/speaker033_0325.txt,5,utf-8
4705,LIP-RTVE,speaker033_0326,171,../data/LIP-RTVE/WAVs/speaker033/speaker033_0326.wav,../data/LIP-RTVE/ROIs/speaker033/speaker033_0326.npz,../data/LIP-RTVE/transcriptions/speaker033/speaker033_0326.txt,5,utf-8
4706,LIP-RTVE,speaker033_0329,254,../data/LIP-RTVE/WAVs/speaker033/speaker033_0329.wav,../data/LIP-RTVE/ROIs/speaker033/speaker033_0329.npz,../data/LIP-RTVE/transcriptions/speaker033/speaker033_0329.txt,5,utf-8
4707,LIP-RTVE,speaker033_0331,185,../data/LIP-RTVE/WAVs/speaker033/speaker033_0331.wav,../data/LIP-RTVE/ROIs/speaker033/speaker033_0331.npz,../data/LIP-RTVE/transcriptions/speaker033/speaker033_0331.txt,5,utf-8
4708,LIP-RTVE,speaker033_0332,32,../data/LIP-RTVE/WAVs/speaker033/speaker033_0332.wav,../data/LIP-RTVE/ROIs/speaker033/speaker033_0332.npz,../data/LIP-RTVE/transcriptions/speaker033/speaker033_0332.txt,5,utf-8
4709,LIP-RTVE,speaker033_0335,275,../data/LIP-RTVE/WAVs/speaker033/speaker033_0335.wav,../data/LIP-RTVE/ROIs/speaker033/speaker033_0335.npz,../data/LIP-RTVE/transcriptions/speaker033/speaker033_0335.txt,5,utf-8
4710,LIP-RTVE,speaker033_0336,54,../data/LIP-RTVE/WAVs/speaker033/speaker033_0336.wav,../data/LIP-RTVE/ROIs/speaker033/speaker033_0336.npz,../data/LIP-RTVE/transcriptions/speaker033/speaker033_0336.txt,5,utf-8
4711,LIP-RTVE,speaker033_0337,112,../data/LIP-RTVE/WAVs/speaker033/speaker033_0337.wav,../data/LIP-RTVE/ROIs/speaker033/speaker033_0337.npz,../data/LIP-RTVE/transcriptions/speaker033/speaker033_0337.txt,5,utf-8
4712,LIP-RTVE,speaker033_0338,213,../data/LIP-RTVE/WAVs/speaker033/speaker033_0338.wav,../data/LIP-RTVE/ROIs/speaker033/speaker033_0338.npz,../data/LIP-RTVE/transcriptions/speaker033/speaker033_0338.txt,5,utf-8
4713,LIP-RTVE,speaker033_0340,204,../data/LIP-RTVE/WAVs/speaker033/speaker033_0340.wav,../data/LIP-RTVE/ROIs/speaker033/speaker033_0340.npz,../data/LIP-RTVE/transcriptions/speaker033/speaker033_0340.txt,5,utf-8
4714,LIP-RTVE,speaker033_0342,135,../data/LIP-RTVE/WAVs/speaker033/speaker033_0342.wav,../data/LIP-RTVE/ROIs/speaker033/speaker033_0342.npz,../data/LIP-RTVE/transcriptions/speaker033/speaker033_0342.txt,5,utf-8
4715,LIP-RTVE,speaker033_0344,79,../data/LIP-RTVE/WAVs/speaker033/speaker033_0344.wav,../data/LIP-RTVE/ROIs/speaker033/speaker033_0344.npz,../data/LIP-RTVE/transcriptions/speaker033/speaker033_0344.txt,5,utf-8
4716,LIP-RTVE,speaker033_0345,210,../data/LIP-RTVE/WAVs/speaker033/speaker033_0345.wav,../data/LIP-RTVE/ROIs/speaker033/speaker033_0345.npz,../data/LIP-RTVE/transcriptions/speaker033/speaker033_0345.txt,5,utf-8
4717,LIP-RTVE,speaker033_0346,133,../data/LIP-RTVE/WAVs/speaker033/speaker033_0346.wav,../data/LIP-RTVE/ROIs/speaker033/speaker033_0346.npz,../data/LIP-RTVE/transcriptions/speaker033/speaker033_0346.txt,5,utf-8
4718,LIP-RTVE,speaker033_0347,219,../data/LIP-RTVE/WAVs/speaker033/speaker033_0347.wav,../data/LIP-RTVE/ROIs/speaker033/speaker033_0347.npz,../data/LIP-RTVE/transcriptions/speaker033/speaker033_0347.txt,5,utf-8
4719,LIP-RTVE,speaker033_0348,207,../data/LIP-RTVE/WAVs/speaker033/speaker033_0348.wav,../data/LIP-RTVE/ROIs/speaker033/speaker033_0348.npz,../data/LIP-RTVE/transcriptions/speaker033/speaker033_0348.txt,5,utf-8
4720,LIP-RTVE,speaker033_0350,147,../data/LIP-RTVE/WAVs/speaker033/speaker033_0350.wav,../data/LIP-RTVE/ROIs/speaker033/speaker033_0350.npz,../data/LIP-RTVE/transcriptions/speaker033/speaker033_0350.txt,5,utf-8
4721,LIP-RTVE,speaker033_0352,128,../data/LIP-RTVE/WAVs/speaker033/speaker033_0352.wav,../data/LIP-RTVE/ROIs/speaker033/speaker033_0352.npz,../data/LIP-RTVE/transcriptions/speaker033/speaker033_0352.txt,5,utf-8
4722,LIP-RTVE,speaker033_0355,165,../data/LIP-RTVE/WAVs/speaker033/speaker033_0355.wav,../data/LIP-RTVE/ROIs/speaker033/speaker033_0355.npz,../data/LIP-RTVE/transcriptions/speaker033/speaker033_0355.txt,5,utf-8
4723,LIP-RTVE,speaker033_0356,231,../data/LIP-RTVE/WAVs/speaker033/speaker033_0356.wav,../data/LIP-RTVE/ROIs/speaker033/speaker033_0356.npz,../data/LIP-RTVE/transcriptions/speaker033/speaker033_0356.txt,5,utf-8
4724,LIP-RTVE,speaker033_0357,109,../data/LIP-RTVE/WAVs/speaker033/speaker033_0357.wav,../data/LIP-RTVE/ROIs/speaker033/speaker033_0357.npz,../data/LIP-RTVE/transcriptions/speaker033/speaker033_0357.txt,5,utf-8
4725,LIP-RTVE,speaker033_0358,243,../data/LIP-RTVE/WAVs/speaker033/speaker033_0358.wav,../data/LIP-RTVE/ROIs/speaker033/speaker033_0358.npz,../data/LIP-RTVE/transcriptions/speaker033/speaker033_0358.txt,5,utf-8
4726,LIP-RTVE,speaker033_0360,220,../data/LIP-RTVE/WAVs/speaker033/speaker033_0360.wav,../data/LIP-RTVE/ROIs/speaker033/speaker033_0360.npz,../data/LIP-RTVE/transcriptions/speaker033/speaker033_0360.txt,5,utf-8
4727,LIP-RTVE,speaker033_0362,100,../data/LIP-RTVE/WAVs/speaker033/speaker033_0362.wav,../data/LIP-RTVE/ROIs/speaker033/speaker033_0362.npz,../data/LIP-RTVE/transcriptions/speaker033/speaker033_0362.txt,5,utf-8
4728,LIP-RTVE,speaker033_0365,269,../data/LIP-RTVE/WAVs/speaker033/speaker033_0365.wav,../data/LIP-RTVE/ROIs/speaker033/speaker033_0365.npz,../data/LIP-RTVE/transcriptions/speaker033/speaker033_0365.txt,5,utf-8
4729,LIP-RTVE,speaker033_0366,181,../data/LIP-RTVE/WAVs/speaker033/speaker033_0366.wav,../data/LIP-RTVE/ROIs/speaker033/speaker033_0366.npz,../data/LIP-RTVE/transcriptions/speaker033/speaker033_0366.txt,5,utf-8
4730,LIP-RTVE,speaker033_0367,69,../data/LIP-RTVE/WAVs/speaker033/speaker033_0367.wav,../data/LIP-RTVE/ROIs/speaker033/speaker033_0367.npz,../data/LIP-RTVE/transcriptions/speaker033/speaker033_0367.txt,5,utf-8
4731,LIP-RTVE,speaker033_0372,88,../data/LIP-RTVE/WAVs/speaker033/speaker033_0372.wav,../data/LIP-RTVE/ROIs/speaker033/speaker033_0372.npz,../data/LIP-RTVE/transcriptions/speaker033/speaker033_0372.txt,5,utf-8
4732,LIP-RTVE,speaker033_0373,250,../data/LIP-RTVE/WAVs/speaker033/speaker033_0373.wav,../data/LIP-RTVE/ROIs/speaker033/speaker033_0373.npz,../data/LIP-RTVE/transcriptions/speaker033/speaker033_0373.txt,5,utf-8
4733,LIP-RTVE,speaker034_0000,29,../data/LIP-RTVE/WAVs/speaker034/speaker034_0000.wav,../data/LIP-RTVE/ROIs/speaker034/speaker034_0000.npz,../data/LIP-RTVE/transcriptions/speaker034/speaker034_0000.txt,5,utf-8
4734,LIP-RTVE,speaker034_0002,82,../data/LIP-RTVE/WAVs/speaker034/speaker034_0002.wav,../data/LIP-RTVE/ROIs/speaker034/speaker034_0002.npz,../data/LIP-RTVE/transcriptions/speaker034/speaker034_0002.txt,5,utf-8
4735,LIP-RTVE,speaker034_0003,130,../data/LIP-RTVE/WAVs/speaker034/speaker034_0003.wav,../data/LIP-RTVE/ROIs/speaker034/speaker034_0003.npz,../data/LIP-RTVE/transcriptions/speaker034/speaker034_0003.txt,5,utf-8
4736,LIP-RTVE,speaker034_0004,111,../data/LIP-RTVE/WAVs/speaker034/speaker034_0004.wav,../data/LIP-RTVE/ROIs/speaker034/speaker034_0004.npz,../data/LIP-RTVE/transcriptions/speaker034/speaker034_0004.txt,5,utf-8
4737,LIP-RTVE,speaker034_0005,31,../data/LIP-RTVE/WAVs/speaker034/speaker034_0005.wav,../data/LIP-RTVE/ROIs/speaker034/speaker034_0005.npz,../data/LIP-RTVE/transcriptions/speaker034/speaker034_0005.txt,5,utf-8
4738,LIP-RTVE,speaker034_0006,43,../data/LIP-RTVE/WAVs/speaker034/speaker034_0006.wav,../data/LIP-RTVE/ROIs/speaker034/speaker034_0006.npz,../data/LIP-RTVE/transcriptions/speaker034/speaker034_0006.txt,5,utf-8
4739,LIP-RTVE,speaker034_0007,54,../data/LIP-RTVE/WAVs/speaker034/speaker034_0007.wav,../data/LIP-RTVE/ROIs/speaker034/speaker034_0007.npz,../data/LIP-RTVE/transcriptions/speaker034/speaker034_0007.txt,5,utf-8
4740,LIP-RTVE,speaker034_0008,93,../data/LIP-RTVE/WAVs/speaker034/speaker034_0008.wav,../data/LIP-RTVE/ROIs/speaker034/speaker034_0008.npz,../data/LIP-RTVE/transcriptions/speaker034/speaker034_0008.txt,5,utf-8
4741,LIP-RTVE,speaker034_0010,117,../data/LIP-RTVE/WAVs/speaker034/speaker034_0010.wav,../data/LIP-RTVE/ROIs/speaker034/speaker034_0010.npz,../data/LIP-RTVE/transcriptions/speaker034/speaker034_0010.txt,5,utf-8
4742,LIP-RTVE,speaker034_0011,104,../data/LIP-RTVE/WAVs/speaker034/speaker034_0011.wav,../data/LIP-RTVE/ROIs/speaker034/speaker034_0011.npz,../data/LIP-RTVE/transcriptions/speaker034/speaker034_0011.txt,5,utf-8
4743,LIP-RTVE,speaker034_0015,44,../data/LIP-RTVE/WAVs/speaker034/speaker034_0015.wav,../data/LIP-RTVE/ROIs/speaker034/speaker034_0015.npz,../data/LIP-RTVE/transcriptions/speaker034/speaker034_0015.txt,5,utf-8
4744,LIP-RTVE,speaker034_0016,51,../data/LIP-RTVE/WAVs/speaker034/speaker034_0016.wav,../data/LIP-RTVE/ROIs/speaker034/speaker034_0016.npz,../data/LIP-RTVE/transcriptions/speaker034/speaker034_0016.txt,5,utf-8
4745,LIP-RTVE,speaker034_0017,39,../data/LIP-RTVE/WAVs/speaker034/speaker034_0017.wav,../data/LIP-RTVE/ROIs/speaker034/speaker034_0017.npz,../data/LIP-RTVE/transcriptions/speaker034/speaker034_0017.txt,5,utf-8
4746,LIP-RTVE,speaker034_0019,68,../data/LIP-RTVE/WAVs/speaker034/speaker034_0019.wav,../data/LIP-RTVE/ROIs/speaker034/speaker034_0019.npz,../data/LIP-RTVE/transcriptions/speaker034/speaker034_0019.txt,5,utf-8
4747,LIP-RTVE,speaker034_0020,79,../data/LIP-RTVE/WAVs/speaker034/speaker034_0020.wav,../data/LIP-RTVE/ROIs/speaker034/speaker034_0020.npz,../data/LIP-RTVE/transcriptions/speaker034/speaker034_0020.txt,5,utf-8
4748,LIP-RTVE,speaker034_0021,58,../data/LIP-RTVE/WAVs/speaker034/speaker034_0021.wav,../data/LIP-RTVE/ROIs/speaker034/speaker034_0021.npz,../data/LIP-RTVE/transcriptions/speaker034/speaker034_0021.txt,5,utf-8
4749,LIP-RTVE,speaker034_0022,27,../data/LIP-RTVE/WAVs/speaker034/speaker034_0022.wav,../data/LIP-RTVE/ROIs/speaker034/speaker034_0022.npz,../data/LIP-RTVE/transcriptions/speaker034/speaker034_0022.txt,5,utf-8
4750,LIP-RTVE,speaker034_0023,26,../data/LIP-RTVE/WAVs/speaker034/speaker034_0023.wav,../data/LIP-RTVE/ROIs/speaker034/speaker034_0023.npz,../data/LIP-RTVE/transcriptions/speaker034/speaker034_0023.txt,5,utf-8
4751,LIP-RTVE,speaker034_0024,35,../data/LIP-RTVE/WAVs/speaker034/speaker034_0024.wav,../data/LIP-RTVE/ROIs/speaker034/speaker034_0024.npz,../data/LIP-RTVE/transcriptions/speaker034/speaker034_0024.txt,5,utf-8
4752,LIP-RTVE,speaker035_0002,273,../data/LIP-RTVE/WAVs/speaker035/speaker035_0002.wav,../data/LIP-RTVE/ROIs/speaker035/speaker035_0002.npz,../data/LIP-RTVE/transcriptions/speaker035/speaker035_0002.txt,5,utf-8
4753,LIP-RTVE,speaker035_0004,100,../data/LIP-RTVE/WAVs/speaker035/speaker035_0004.wav,../data/LIP-RTVE/ROIs/speaker035/speaker035_0004.npz,../data/LIP-RTVE/transcriptions/speaker035/speaker035_0004.txt,5,utf-8
4754,LIP-RTVE,speaker035_0005,161,../data/LIP-RTVE/WAVs/speaker035/speaker035_0005.wav,../data/LIP-RTVE/ROIs/speaker035/speaker035_0005.npz,../data/LIP-RTVE/transcriptions/speaker035/speaker035_0005.txt,5,utf-8
4755,LIP-RTVE,speaker035_0006,123,../data/LIP-RTVE/WAVs/speaker035/speaker035_0006.wav,../data/LIP-RTVE/ROIs/speaker035/speaker035_0006.npz,../data/LIP-RTVE/transcriptions/speaker035/speaker035_0006.txt,5,utf-8
4756,LIP-RTVE,speaker035_0008,43,../data/LIP-RTVE/WAVs/speaker035/speaker035_0008.wav,../data/LIP-RTVE/ROIs/speaker035/speaker035_0008.npz,../data/LIP-RTVE/transcriptions/speaker035/speaker035_0008.txt,5,utf-8
4757,LIP-RTVE,speaker035_0009,60,../data/LIP-RTVE/WAVs/speaker035/speaker035_0009.wav,../data/LIP-RTVE/ROIs/speaker035/speaker035_0009.npz,../data/LIP-RTVE/transcriptions/speaker035/speaker035_0009.txt,5,utf-8
4758,LIP-RTVE,speaker035_0010,37,../data/LIP-RTVE/WAVs/speaker035/speaker035_0010.wav,../data/LIP-RTVE/ROIs/speaker035/speaker035_0010.npz,../data/LIP-RTVE/transcriptions/speaker035/speaker035_0010.txt,5,utf-8
4759,LIP-RTVE,speaker035_0011,122,../data/LIP-RTVE/WAVs/speaker035/speaker035_0011.wav,../data/LIP-RTVE/ROIs/speaker035/speaker035_0011.npz,../data/LIP-RTVE/transcriptions/speaker035/speaker035_0011.txt,5,utf-8
4760,LIP-RTVE,speaker035_0013,72,../data/LIP-RTVE/WAVs/speaker035/speaker035_0013.wav,../data/LIP-RTVE/ROIs/speaker035/speaker035_0013.npz,../data/LIP-RTVE/transcriptions/speaker035/speaker035_0013.txt,5,utf-8
4761,LIP-RTVE,speaker035_0014,107,../data/LIP-RTVE/WAVs/speaker035/speaker035_0014.wav,../data/LIP-RTVE/ROIs/speaker035/speaker035_0014.npz,../data/LIP-RTVE/transcriptions/speaker035/speaker035_0014.txt,5,utf-8
4762,LIP-RTVE,speaker035_0015,36,../data/LIP-RTVE/WAVs/speaker035/speaker035_0015.wav,../data/LIP-RTVE/ROIs/speaker035/speaker035_0015.npz,../data/LIP-RTVE/transcriptions/speaker035/speaker035_0015.txt,5,utf-8
4763,LIP-RTVE,speaker035_0016,79,../data/LIP-RTVE/WAVs/speaker035/speaker035_0016.wav,../data/LIP-RTVE/ROIs/speaker035/speaker035_0016.npz,../data/LIP-RTVE/transcriptions/speaker035/speaker035_0016.txt,5,utf-8
4764,LIP-RTVE,speaker035_0017,150,../data/LIP-RTVE/WAVs/speaker035/speaker035_0017.wav,../data/LIP-RTVE/ROIs/speaker035/speaker035_0017.npz,../data/LIP-RTVE/transcriptions/speaker035/speaker035_0017.txt,5,utf-8
4765,LIP-RTVE,speaker035_0018,42,../data/LIP-RTVE/WAVs/speaker035/speaker035_0018.wav,../data/LIP-RTVE/ROIs/speaker035/speaker035_0018.npz,../data/LIP-RTVE/transcriptions/speaker035/speaker035_0018.txt,5,utf-8
4766,LIP-RTVE,speaker035_0019,58,../data/LIP-RTVE/WAVs/speaker035/speaker035_0019.wav,../data/LIP-RTVE/ROIs/speaker035/speaker035_0019.npz,../data/LIP-RTVE/transcriptions/speaker035/speaker035_0019.txt,5,utf-8
4767,LIP-RTVE,speaker035_0020,86,../data/LIP-RTVE/WAVs/speaker035/speaker035_0020.wav,../data/LIP-RTVE/ROIs/speaker035/speaker035_0020.npz,../data/LIP-RTVE/transcriptions/speaker035/speaker035_0020.txt,5,utf-8
4768,LIP-RTVE,speaker035_0021,217,../data/LIP-RTVE/WAVs/speaker035/speaker035_0021.wav,../data/LIP-RTVE/ROIs/speaker035/speaker035_0021.npz,../data/LIP-RTVE/transcriptions/speaker035/speaker035_0021.txt,5,utf-8
4769,LIP-RTVE,speaker035_0023,98,../data/LIP-RTVE/WAVs/speaker035/speaker035_0023.wav,../data/LIP-RTVE/ROIs/speaker035/speaker035_0023.npz,../data/LIP-RTVE/transcriptions/speaker035/speaker035_0023.txt,5,utf-8
4770,LIP-RTVE,speaker035_0025,193,../data/LIP-RTVE/WAVs/speaker035/speaker035_0025.wav,../data/LIP-RTVE/ROIs/speaker035/speaker035_0025.npz,../data/LIP-RTVE/transcriptions/speaker035/speaker035_0025.txt,5,utf-8
4771,LIP-RTVE,speaker035_0026,42,../data/LIP-RTVE/WAVs/speaker035/speaker035_0026.wav,../data/LIP-RTVE/ROIs/speaker035/speaker035_0026.npz,../data/LIP-RTVE/transcriptions/speaker035/speaker035_0026.txt,5,utf-8
4772,LIP-RTVE,speaker035_0027,150,../data/LIP-RTVE/WAVs/speaker035/speaker035_0027.wav,../data/LIP-RTVE/ROIs/speaker035/speaker035_0027.npz,../data/LIP-RTVE/transcriptions/speaker035/speaker035_0027.txt,5,utf-8
4773,LIP-RTVE,speaker035_0030,27,../data/LIP-RTVE/WAVs/speaker035/speaker035_0030.wav,../data/LIP-RTVE/ROIs/speaker035/speaker035_0030.npz,../data/LIP-RTVE/transcriptions/speaker035/speaker035_0030.txt,5,utf-8
4774,LIP-RTVE,speaker035_0031,72,../data/LIP-RTVE/WAVs/speaker035/speaker035_0031.wav,../data/LIP-RTVE/ROIs/speaker035/speaker035_0031.npz,../data/LIP-RTVE/transcriptions/speaker035/speaker035_0031.txt,5,utf-8
4775,LIP-RTVE,speaker035_0032,28,../data/LIP-RTVE/WAVs/speaker035/speaker035_0032.wav,../data/LIP-RTVE/ROIs/speaker035/speaker035_0032.npz,../data/LIP-RTVE/transcriptions/speaker035/speaker035_0032.txt,5,utf-8
4776,LIP-RTVE,speaker035_0033,29,../data/LIP-RTVE/WAVs/speaker035/speaker035_0033.wav,../data/LIP-RTVE/ROIs/speaker035/speaker035_0033.npz,../data/LIP-RTVE/transcriptions/speaker035/speaker035_0033.txt,5,utf-8
4777,LIP-RTVE,speaker035_0034,29,../data/LIP-RTVE/WAVs/speaker035/speaker035_0034.wav,../data/LIP-RTVE/ROIs/speaker035/speaker035_0034.npz,../data/LIP-RTVE/transcriptions/speaker035/speaker035_0034.txt,5,utf-8
4778,LIP-RTVE,speaker035_0037,132,../data/LIP-RTVE/WAVs/speaker035/speaker035_0037.wav,../data/LIP-RTVE/ROIs/speaker035/speaker035_0037.npz,../data/LIP-RTVE/transcriptions/speaker035/speaker035_0037.txt,5,utf-8
4779,LIP-RTVE,speaker035_0039,92,../data/LIP-RTVE/WAVs/speaker035/speaker035_0039.wav,../data/LIP-RTVE/ROIs/speaker035/speaker035_0039.npz,../data/LIP-RTVE/transcriptions/speaker035/speaker035_0039.txt,5,utf-8
4780,LIP-RTVE,speaker035_0041,52,../data/LIP-RTVE/WAVs/speaker035/speaker035_0041.wav,../data/LIP-RTVE/ROIs/speaker035/speaker035_0041.npz,../data/LIP-RTVE/transcriptions/speaker035/speaker035_0041.txt,5,utf-8
4781,LIP-RTVE,speaker035_0042,59,../data/LIP-RTVE/WAVs/speaker035/speaker035_0042.wav,../data/LIP-RTVE/ROIs/speaker035/speaker035_0042.npz,../data/LIP-RTVE/transcriptions/speaker035/speaker035_0042.txt,5,utf-8
4782,LIP-RTVE,speaker035_0043,86,../data/LIP-RTVE/WAVs/speaker035/speaker035_0043.wav,../data/LIP-RTVE/ROIs/speaker035/speaker035_0043.npz,../data/LIP-RTVE/transcriptions/speaker035/speaker035_0043.txt,5,utf-8
4783,LIP-RTVE,speaker035_0044,66,../data/LIP-RTVE/WAVs/speaker035/speaker035_0044.wav,../data/LIP-RTVE/ROIs/speaker035/speaker035_0044.npz,../data/LIP-RTVE/transcriptions/speaker035/speaker035_0044.txt,5,utf-8
4784,LIP-RTVE,speaker035_0045,57,../data/LIP-RTVE/WAVs/speaker035/speaker035_0045.wav,../data/LIP-RTVE/ROIs/speaker035/speaker035_0045.npz,../data/LIP-RTVE/transcriptions/speaker035/speaker035_0045.txt,5,utf-8
4785,LIP-RTVE,speaker035_0047,89,../data/LIP-RTVE/WAVs/speaker035/speaker035_0047.wav,../data/LIP-RTVE/ROIs/speaker035/speaker035_0047.npz,../data/LIP-RTVE/transcriptions/speaker035/speaker035_0047.txt,5,utf-8
4786,LIP-RTVE,speaker035_0048,139,../data/LIP-RTVE/WAVs/speaker035/speaker035_0048.wav,../data/LIP-RTVE/ROIs/speaker035/speaker035_0048.npz,../data/LIP-RTVE/transcriptions/speaker035/speaker035_0048.txt,5,utf-8
4787,LIP-RTVE,speaker035_0049,47,../data/LIP-RTVE/WAVs/speaker035/speaker035_0049.wav,../data/LIP-RTVE/ROIs/speaker035/speaker035_0049.npz,../data/LIP-RTVE/transcriptions/speaker035/speaker035_0049.txt,5,utf-8
4788,LIP-RTVE,speaker035_0050,72,../data/LIP-RTVE/WAVs/speaker035/speaker035_0050.wav,../data/LIP-RTVE/ROIs/speaker035/speaker035_0050.npz,../data/LIP-RTVE/transcriptions/speaker035/speaker035_0050.txt,5,utf-8
4789,LIP-RTVE,speaker035_0052,61,../data/LIP-RTVE/WAVs/speaker035/speaker035_0052.wav,../data/LIP-RTVE/ROIs/speaker035/speaker035_0052.npz,../data/LIP-RTVE/transcriptions/speaker035/speaker035_0052.txt,5,utf-8
4790,LIP-RTVE,speaker035_0053,138,../data/LIP-RTVE/WAVs/speaker035/speaker035_0053.wav,../data/LIP-RTVE/ROIs/speaker035/speaker035_0053.npz,../data/LIP-RTVE/transcriptions/speaker035/speaker035_0053.txt,5,utf-8
4791,LIP-RTVE,speaker035_0054,75,../data/LIP-RTVE/WAVs/speaker035/speaker035_0054.wav,../data/LIP-RTVE/ROIs/speaker035/speaker035_0054.npz,../data/LIP-RTVE/transcriptions/speaker035/speaker035_0054.txt,5,utf-8
4792,LIP-RTVE,speaker035_0056,133,../data/LIP-RTVE/WAVs/speaker035/speaker035_0056.wav,../data/LIP-RTVE/ROIs/speaker035/speaker035_0056.npz,../data/LIP-RTVE/transcriptions/speaker035/speaker035_0056.txt,5,utf-8
4793,LIP-RTVE,speaker035_0057,98,../data/LIP-RTVE/WAVs/speaker035/speaker035_0057.wav,../data/LIP-RTVE/ROIs/speaker035/speaker035_0057.npz,../data/LIP-RTVE/transcriptions/speaker035/speaker035_0057.txt,5,utf-8
4794,LIP-RTVE,speaker035_0059,106,../data/LIP-RTVE/WAVs/speaker035/speaker035_0059.wav,../data/LIP-RTVE/ROIs/speaker035/speaker035_0059.npz,../data/LIP-RTVE/transcriptions/speaker035/speaker035_0059.txt,5,utf-8
4795,LIP-RTVE,speaker036_0000,37,../data/LIP-RTVE/WAVs/speaker036/speaker036_0000.wav,../data/LIP-RTVE/ROIs/speaker036/speaker036_0000.npz,../data/LIP-RTVE/transcriptions/speaker036/speaker036_0000.txt,5,utf-8
4796,LIP-RTVE,speaker036_0001,148,../data/LIP-RTVE/WAVs/speaker036/speaker036_0001.wav,../data/LIP-RTVE/ROIs/speaker036/speaker036_0001.npz,../data/LIP-RTVE/transcriptions/speaker036/speaker036_0001.txt,5,utf-8
4797,LIP-RTVE,speaker036_0002,43,../data/LIP-RTVE/WAVs/speaker036/speaker036_0002.wav,../data/LIP-RTVE/ROIs/speaker036/speaker036_0002.npz,../data/LIP-RTVE/transcriptions/speaker036/speaker036_0002.txt,5,utf-8
4798,LIP-RTVE,speaker036_0003,158,../data/LIP-RTVE/WAVs/speaker036/speaker036_0003.wav,../data/LIP-RTVE/ROIs/speaker036/speaker036_0003.npz,../data/LIP-RTVE/transcriptions/speaker036/speaker036_0003.txt,5,utf-8
4799,LIP-RTVE,speaker036_0005,379,../data/LIP-RTVE/WAVs/speaker036/speaker036_0005.wav,../data/LIP-RTVE/ROIs/speaker036/speaker036_0005.npz,../data/LIP-RTVE/transcriptions/speaker036/speaker036_0005.txt,5,utf-8
4800,LIP-RTVE,speaker036_0006,113,../data/LIP-RTVE/WAVs/speaker036/speaker036_0006.wav,../data/LIP-RTVE/ROIs/speaker036/speaker036_0006.npz,../data/LIP-RTVE/transcriptions/speaker036/speaker036_0006.txt,5,utf-8
4801,LIP-RTVE,speaker036_0007,61,../data/LIP-RTVE/WAVs/speaker036/speaker036_0007.wav,../data/LIP-RTVE/ROIs/speaker036/speaker036_0007.npz,../data/LIP-RTVE/transcriptions/speaker036/speaker036_0007.txt,5,utf-8
4802,LIP-RTVE,speaker036_0008,101,../data/LIP-RTVE/WAVs/speaker036/speaker036_0008.wav,../data/LIP-RTVE/ROIs/speaker036/speaker036_0008.npz,../data/LIP-RTVE/transcriptions/speaker036/speaker036_0008.txt,5,utf-8
4803,LIP-RTVE,speaker036_0009,65,../data/LIP-RTVE/WAVs/speaker036/speaker036_0009.wav,../data/LIP-RTVE/ROIs/speaker036/speaker036_0009.npz,../data/LIP-RTVE/transcriptions/speaker036/speaker036_0009.txt,5,utf-8
4804,LIP-RTVE,speaker036_0011,27,../data/LIP-RTVE/WAVs/speaker036/speaker036_0011.wav,../data/LIP-RTVE/ROIs/speaker036/speaker036_0011.npz,../data/LIP-RTVE/transcriptions/speaker036/speaker036_0011.txt,5,utf-8
4805,LIP-RTVE,speaker036_0012,54,../data/LIP-RTVE/WAVs/speaker036/speaker036_0012.wav,../data/LIP-RTVE/ROIs/speaker036/speaker036_0012.npz,../data/LIP-RTVE/transcriptions/speaker036/speaker036_0012.txt,5,utf-8
4806,LIP-RTVE,speaker036_0013,71,../data/LIP-RTVE/WAVs/speaker036/speaker036_0013.wav,../data/LIP-RTVE/ROIs/speaker036/speaker036_0013.npz,../data/LIP-RTVE/transcriptions/speaker036/speaker036_0013.txt,5,utf-8
4807,LIP-RTVE,speaker036_0015,131,../data/LIP-RTVE/WAVs/speaker036/speaker036_0015.wav,../data/LIP-RTVE/ROIs/speaker036/speaker036_0015.npz,../data/LIP-RTVE/transcriptions/speaker036/speaker036_0015.txt,5,utf-8
4808,LIP-RTVE,speaker036_0016,100,../data/LIP-RTVE/WAVs/speaker036/speaker036_0016.wav,../data/LIP-RTVE/ROIs/speaker036/speaker036_0016.npz,../data/LIP-RTVE/transcriptions/speaker036/speaker036_0016.txt,5,utf-8
4809,LIP-RTVE,speaker036_0017,88,../data/LIP-RTVE/WAVs/speaker036/speaker036_0017.wav,../data/LIP-RTVE/ROIs/speaker036/speaker036_0017.npz,../data/LIP-RTVE/transcriptions/speaker036/speaker036_0017.txt,5,utf-8
4810,LIP-RTVE,speaker036_0018,53,../data/LIP-RTVE/WAVs/speaker036/speaker036_0018.wav,../data/LIP-RTVE/ROIs/speaker036/speaker036_0018.npz,../data/LIP-RTVE/transcriptions/speaker036/speaker036_0018.txt,5,utf-8
4811,LIP-RTVE,speaker036_0019,38,../data/LIP-RTVE/WAVs/speaker036/speaker036_0019.wav,../data/LIP-RTVE/ROIs/speaker036/speaker036_0019.npz,../data/LIP-RTVE/transcriptions/speaker036/speaker036_0019.txt,5,utf-8
4812,LIP-RTVE,speaker036_0021,28,../data/LIP-RTVE/WAVs/speaker036/speaker036_0021.wav,../data/LIP-RTVE/ROIs/speaker036/speaker036_0021.npz,../data/LIP-RTVE/transcriptions/speaker036/speaker036_0021.txt,5,utf-8
4813,LIP-RTVE,speaker036_0023,64,../data/LIP-RTVE/WAVs/speaker036/speaker036_0023.wav,../data/LIP-RTVE/ROIs/speaker036/speaker036_0023.npz,../data/LIP-RTVE/transcriptions/speaker036/speaker036_0023.txt,5,utf-8
4814,LIP-RTVE,speaker036_0024,36,../data/LIP-RTVE/WAVs/speaker036/speaker036_0024.wav,../data/LIP-RTVE/ROIs/speaker036/speaker036_0024.npz,../data/LIP-RTVE/transcriptions/speaker036/speaker036_0024.txt,5,utf-8
4815,LIP-RTVE,speaker036_0026,109,../data/LIP-RTVE/WAVs/speaker036/speaker036_0026.wav,../data/LIP-RTVE/ROIs/speaker036/speaker036_0026.npz,../data/LIP-RTVE/transcriptions/speaker036/speaker036_0026.txt,5,utf-8
4816,LIP-RTVE,speaker036_0028,165,../data/LIP-RTVE/WAVs/speaker036/speaker036_0028.wav,../data/LIP-RTVE/ROIs/speaker036/speaker036_0028.npz,../data/LIP-RTVE/transcriptions/speaker036/speaker036_0028.txt,5,utf-8
4817,LIP-RTVE,speaker036_0029,78,../data/LIP-RTVE/WAVs/speaker036/speaker036_0029.wav,../data/LIP-RTVE/ROIs/speaker036/speaker036_0029.npz,../data/LIP-RTVE/transcriptions/speaker036/speaker036_0029.txt,5,utf-8
4818,LIP-RTVE,speaker036_0030,34,../data/LIP-RTVE/WAVs/speaker036/speaker036_0030.wav,../data/LIP-RTVE/ROIs/speaker036/speaker036_0030.npz,../data/LIP-RTVE/transcriptions/speaker036/speaker036_0030.txt,5,utf-8
4819,LIP-RTVE,speaker036_0031,121,../data/LIP-RTVE/WAVs/speaker036/speaker036_0031.wav,../data/LIP-RTVE/ROIs/speaker036/speaker036_0031.npz,../data/LIP-RTVE/transcriptions/speaker036/speaker036_0031.txt,5,utf-8
4820,LIP-RTVE,speaker036_0032,46,../data/LIP-RTVE/WAVs/speaker036/speaker036_0032.wav,../data/LIP-RTVE/ROIs/speaker036/speaker036_0032.npz,../data/LIP-RTVE/transcriptions/speaker036/speaker036_0032.txt,5,utf-8
4821,LIP-RTVE,speaker036_0035,191,../data/LIP-RTVE/WAVs/speaker036/speaker036_0035.wav,../data/LIP-RTVE/ROIs/speaker036/speaker036_0035.npz,../data/LIP-RTVE/transcriptions/speaker036/speaker036_0035.txt,5,utf-8
4822,LIP-RTVE,speaker036_0036,87,../data/LIP-RTVE/WAVs/speaker036/speaker036_0036.wav,../data/LIP-RTVE/ROIs/speaker036/speaker036_0036.npz,../data/LIP-RTVE/transcriptions/speaker036/speaker036_0036.txt,5,utf-8
4823,LIP-RTVE,speaker036_0039,42,../data/LIP-RTVE/WAVs/speaker036/speaker036_0039.wav,../data/LIP-RTVE/ROIs/speaker036/speaker036_0039.npz,../data/LIP-RTVE/transcriptions/speaker036/speaker036_0039.txt,5,utf-8
4824,LIP-RTVE,speaker036_0041,62,../data/LIP-RTVE/WAVs/speaker036/speaker036_0041.wav,../data/LIP-RTVE/ROIs/speaker036/speaker036_0041.npz,../data/LIP-RTVE/transcriptions/speaker036/speaker036_0041.txt,5,utf-8
4825,LIP-RTVE,speaker036_0042,51,../data/LIP-RTVE/WAVs/speaker036/speaker036_0042.wav,../data/LIP-RTVE/ROIs/speaker036/speaker036_0042.npz,../data/LIP-RTVE/transcriptions/speaker036/speaker036_0042.txt,5,utf-8
4826,LIP-RTVE,speaker036_0043,145,../data/LIP-RTVE/WAVs/speaker036/speaker036_0043.wav,../data/LIP-RTVE/ROIs/speaker036/speaker036_0043.npz,../data/LIP-RTVE/transcriptions/speaker036/speaker036_0043.txt,5,utf-8
4827,LIP-RTVE,speaker036_0044,86,../data/LIP-RTVE/WAVs/speaker036/speaker036_0044.wav,../data/LIP-RTVE/ROIs/speaker036/speaker036_0044.npz,../data/LIP-RTVE/transcriptions/speaker036/speaker036_0044.txt,5,utf-8
4828,LIP-RTVE,speaker037_0000,45,../data/LIP-RTVE/WAVs/speaker037/speaker037_0000.wav,../data/LIP-RTVE/ROIs/speaker037/speaker037_0000.npz,../data/LIP-RTVE/transcriptions/speaker037/speaker037_0000.txt,5,utf-8
4829,LIP-RTVE,speaker037_0001,86,../data/LIP-RTVE/WAVs/speaker037/speaker037_0001.wav,../data/LIP-RTVE/ROIs/speaker037/speaker037_0001.npz,../data/LIP-RTVE/transcriptions/speaker037/speaker037_0001.txt,5,utf-8
4830,LIP-RTVE,speaker037_0002,88,../data/LIP-RTVE/WAVs/speaker037/speaker037_0002.wav,../data/LIP-RTVE/ROIs/speaker037/speaker037_0002.npz,../data/LIP-RTVE/transcriptions/speaker037/speaker037_0002.txt,5,utf-8
4831,LIP-RTVE,speaker037_0004,184,../data/LIP-RTVE/WAVs/speaker037/speaker037_0004.wav,../data/LIP-RTVE/ROIs/speaker037/speaker037_0004.npz,../data/LIP-RTVE/transcriptions/speaker037/speaker037_0004.txt,5,utf-8
4832,LIP-RTVE,speaker037_0007,33,../data/LIP-RTVE/WAVs/speaker037/speaker037_0007.wav,../data/LIP-RTVE/ROIs/speaker037/speaker037_0007.npz,../data/LIP-RTVE/transcriptions/speaker037/speaker037_0007.txt,5,utf-8
4833,LIP-RTVE,speaker037_0008,54,../data/LIP-RTVE/WAVs/speaker037/speaker037_0008.wav,../data/LIP-RTVE/ROIs/speaker037/speaker037_0008.npz,../data/LIP-RTVE/transcriptions/speaker037/speaker037_0008.txt,5,utf-8
4834,LIP-RTVE,speaker037_0009,29,../data/LIP-RTVE/WAVs/speaker037/speaker037_0009.wav,../data/LIP-RTVE/ROIs/speaker037/speaker037_0009.npz,../data/LIP-RTVE/transcriptions/speaker037/speaker037_0009.txt,5,utf-8
4835,LIP-RTVE,speaker037_0010,67,../data/LIP-RTVE/WAVs/speaker037/speaker037_0010.wav,../data/LIP-RTVE/ROIs/speaker037/speaker037_0010.npz,../data/LIP-RTVE/transcriptions/speaker037/speaker037_0010.txt,5,utf-8
4836,LIP-RTVE,speaker037_0011,61,../data/LIP-RTVE/WAVs/speaker037/speaker037_0011.wav,../data/LIP-RTVE/ROIs/speaker037/speaker037_0011.npz,../data/LIP-RTVE/transcriptions/speaker037/speaker037_0011.txt,5,utf-8
4837,LIP-RTVE,speaker037_0014,30,../data/LIP-RTVE/WAVs/speaker037/speaker037_0014.wav,../data/LIP-RTVE/ROIs/speaker037/speaker037_0014.npz,../data/LIP-RTVE/transcriptions/speaker037/speaker037_0014.txt,5,utf-8
4838,LIP-RTVE,speaker037_0015,111,../data/LIP-RTVE/WAVs/speaker037/speaker037_0015.wav,../data/LIP-RTVE/ROIs/speaker037/speaker037_0015.npz,../data/LIP-RTVE/transcriptions/speaker037/speaker037_0015.txt,5,utf-8
4839,LIP-RTVE,speaker037_0018,36,../data/LIP-RTVE/WAVs/speaker037/speaker037_0018.wav,../data/LIP-RTVE/ROIs/speaker037/speaker037_0018.npz,../data/LIP-RTVE/transcriptions/speaker037/speaker037_0018.txt,5,utf-8
4840,LIP-RTVE,speaker037_0019,226,../data/LIP-RTVE/WAVs/speaker037/speaker037_0019.wav,../data/LIP-RTVE/ROIs/speaker037/speaker037_0019.npz,../data/LIP-RTVE/transcriptions/speaker037/speaker037_0019.txt,5,utf-8
4841,LIP-RTVE,speaker037_0020,186,../data/LIP-RTVE/WAVs/speaker037/speaker037_0020.wav,../data/LIP-RTVE/ROIs/speaker037/speaker037_0020.npz,../data/LIP-RTVE/transcriptions/speaker037/speaker037_0020.txt,5,utf-8
4842,LIP-RTVE,speaker037_0021,118,../data/LIP-RTVE/WAVs/speaker037/speaker037_0021.wav,../data/LIP-RTVE/ROIs/speaker037/speaker037_0021.npz,../data/LIP-RTVE/transcriptions/speaker037/speaker037_0021.txt,5,utf-8
4843,LIP-RTVE,speaker037_0023,119,../data/LIP-RTVE/WAVs/speaker037/speaker037_0023.wav,../data/LIP-RTVE/ROIs/speaker037/speaker037_0023.npz,../data/LIP-RTVE/transcriptions/speaker037/speaker037_0023.txt,5,utf-8
4844,LIP-RTVE,speaker037_0024,184,../data/LIP-RTVE/WAVs/speaker037/speaker037_0024.wav,../data/LIP-RTVE/ROIs/speaker037/speaker037_0024.npz,../data/LIP-RTVE/transcriptions/speaker037/speaker037_0024.txt,5,utf-8
4845,LIP-RTVE,speaker037_0025,94,../data/LIP-RTVE/WAVs/speaker037/speaker037_0025.wav,../data/LIP-RTVE/ROIs/speaker037/speaker037_0025.npz,../data/LIP-RTVE/transcriptions/speaker037/speaker037_0025.txt,5,utf-8
4846,LIP-RTVE,speaker037_0026,83,../data/LIP-RTVE/WAVs/speaker037/speaker037_0026.wav,../data/LIP-RTVE/ROIs/speaker037/speaker037_0026.npz,../data/LIP-RTVE/transcriptions/speaker037/speaker037_0026.txt,5,utf-8
4847,LIP-RTVE,speaker037_0027,103,../data/LIP-RTVE/WAVs/speaker037/speaker037_0027.wav,../data/LIP-RTVE/ROIs/speaker037/speaker037_0027.npz,../data/LIP-RTVE/transcriptions/speaker037/speaker037_0027.txt,5,utf-8
4848,LIP-RTVE,speaker037_0029,81,../data/LIP-RTVE/WAVs/speaker037/speaker037_0029.wav,../data/LIP-RTVE/ROIs/speaker037/speaker037_0029.npz,../data/LIP-RTVE/transcriptions/speaker037/speaker037_0029.txt,5,utf-8
4849,LIP-RTVE,speaker037_0030,29,../data/LIP-RTVE/WAVs/speaker037/speaker037_0030.wav,../data/LIP-RTVE/ROIs/speaker037/speaker037_0030.npz,../data/LIP-RTVE/transcriptions/speaker037/speaker037_0030.txt,5,utf-8
4850,LIP-RTVE,speaker037_0031,53,../data/LIP-RTVE/WAVs/speaker037/speaker037_0031.wav,../data/LIP-RTVE/ROIs/speaker037/speaker037_0031.npz,../data/LIP-RTVE/transcriptions/speaker037/speaker037_0031.txt,5,utf-8
4851,LIP-RTVE,speaker037_0032,186,../data/LIP-RTVE/WAVs/speaker037/speaker037_0032.wav,../data/LIP-RTVE/ROIs/speaker037/speaker037_0032.npz,../data/LIP-RTVE/transcriptions/speaker037/speaker037_0032.txt,5,utf-8
4852,LIP-RTVE,speaker037_0034,50,../data/LIP-RTVE/WAVs/speaker037/speaker037_0034.wav,../data/LIP-RTVE/ROIs/speaker037/speaker037_0034.npz,../data/LIP-RTVE/transcriptions/speaker037/speaker037_0034.txt,5,utf-8
4853,LIP-RTVE,speaker037_0035,31,../data/LIP-RTVE/WAVs/speaker037/speaker037_0035.wav,../data/LIP-RTVE/ROIs/speaker037/speaker037_0035.npz,../data/LIP-RTVE/transcriptions/speaker037/speaker037_0035.txt,5,utf-8
4854,LIP-RTVE,speaker037_0036,93,../data/LIP-RTVE/WAVs/speaker037/speaker037_0036.wav,../data/LIP-RTVE/ROIs/speaker037/speaker037_0036.npz,../data/LIP-RTVE/transcriptions/speaker037/speaker037_0036.txt,5,utf-8
4855,LIP-RTVE,speaker037_0038,123,../data/LIP-RTVE/WAVs/speaker037/speaker037_0038.wav,../data/LIP-RTVE/ROIs/speaker037/speaker037_0038.npz,../data/LIP-RTVE/transcriptions/speaker037/speaker037_0038.txt,5,utf-8
4856,LIP-RTVE,speaker037_0039,76,../data/LIP-RTVE/WAVs/speaker037/speaker037_0039.wav,../data/LIP-RTVE/ROIs/speaker037/speaker037_0039.npz,../data/LIP-RTVE/transcriptions/speaker037/speaker037_0039.txt,5,utf-8
4857,LIP-RTVE,speaker037_0040,176,../data/LIP-RTVE/WAVs/speaker037/speaker037_0040.wav,../data/LIP-RTVE/ROIs/speaker037/speaker037_0040.npz,../data/LIP-RTVE/transcriptions/speaker037/speaker037_0040.txt,5,utf-8
4858,LIP-RTVE,speaker037_0041,98,../data/LIP-RTVE/WAVs/speaker037/speaker037_0041.wav,../data/LIP-RTVE/ROIs/speaker037/speaker037_0041.npz,../data/LIP-RTVE/transcriptions/speaker037/speaker037_0041.txt,5,utf-8
4859,LIP-RTVE,speaker037_0042,166,../data/LIP-RTVE/WAVs/speaker037/speaker037_0042.wav,../data/LIP-RTVE/ROIs/speaker037/speaker037_0042.npz,../data/LIP-RTVE/transcriptions/speaker037/speaker037_0042.txt,5,utf-8
4860,LIP-RTVE,speaker037_0045,89,../data/LIP-RTVE/WAVs/speaker037/speaker037_0045.wav,../data/LIP-RTVE/ROIs/speaker037/speaker037_0045.npz,../data/LIP-RTVE/transcriptions/speaker037/speaker037_0045.txt,5,utf-8
4861,LIP-RTVE,speaker037_0046,169,../data/LIP-RTVE/WAVs/speaker037/speaker037_0046.wav,../data/LIP-RTVE/ROIs/speaker037/speaker037_0046.npz,../data/LIP-RTVE/transcriptions/speaker037/speaker037_0046.txt,5,utf-8
4862,LIP-RTVE,speaker037_0047,83,../data/LIP-RTVE/WAVs/speaker037/speaker037_0047.wav,../data/LIP-RTVE/ROIs/speaker037/speaker037_0047.npz,../data/LIP-RTVE/transcriptions/speaker037/speaker037_0047.txt,5,utf-8
4863,LIP-RTVE,speaker037_0048,248,../data/LIP-RTVE/WAVs/speaker037/speaker037_0048.wav,../data/LIP-RTVE/ROIs/speaker037/speaker037_0048.npz,../data/LIP-RTVE/transcriptions/speaker037/speaker037_0048.txt,5,utf-8
4864,LIP-RTVE,speaker037_0049,164,../data/LIP-RTVE/WAVs/speaker037/speaker037_0049.wav,../data/LIP-RTVE/ROIs/speaker037/speaker037_0049.npz,../data/LIP-RTVE/transcriptions/speaker037/speaker037_0049.txt,5,utf-8
4865,LIP-RTVE,speaker037_0050,44,../data/LIP-RTVE/WAVs/speaker037/speaker037_0050.wav,../data/LIP-RTVE/ROIs/speaker037/speaker037_0050.npz,../data/LIP-RTVE/transcriptions/speaker037/speaker037_0050.txt,5,utf-8
4866,LIP-RTVE,speaker038_0000,65,../data/LIP-RTVE/WAVs/speaker038/speaker038_0000.wav,../data/LIP-RTVE/ROIs/speaker038/speaker038_0000.npz,../data/LIP-RTVE/transcriptions/speaker038/speaker038_0000.txt,5,utf-8
4867,LIP-RTVE,speaker038_0001,163,../data/LIP-RTVE/WAVs/speaker038/speaker038_0001.wav,../data/LIP-RTVE/ROIs/speaker038/speaker038_0001.npz,../data/LIP-RTVE/transcriptions/speaker038/speaker038_0001.txt,5,utf-8
4868,LIP-RTVE,speaker038_0002,106,../data/LIP-RTVE/WAVs/speaker038/speaker038_0002.wav,../data/LIP-RTVE/ROIs/speaker038/speaker038_0002.npz,../data/LIP-RTVE/transcriptions/speaker038/speaker038_0002.txt,5,utf-8
4869,LIP-RTVE,speaker038_0004,126,../data/LIP-RTVE/WAVs/speaker038/speaker038_0004.wav,../data/LIP-RTVE/ROIs/speaker038/speaker038_0004.npz,../data/LIP-RTVE/transcriptions/speaker038/speaker038_0004.txt,5,utf-8
4870,LIP-RTVE,speaker038_0005,122,../data/LIP-RTVE/WAVs/speaker038/speaker038_0005.wav,../data/LIP-RTVE/ROIs/speaker038/speaker038_0005.npz,../data/LIP-RTVE/transcriptions/speaker038/speaker038_0005.txt,5,utf-8
4871,LIP-RTVE,speaker038_0006,154,../data/LIP-RTVE/WAVs/speaker038/speaker038_0006.wav,../data/LIP-RTVE/ROIs/speaker038/speaker038_0006.npz,../data/LIP-RTVE/transcriptions/speaker038/speaker038_0006.txt,5,utf-8
4872,LIP-RTVE,speaker038_0007,334,../data/LIP-RTVE/WAVs/speaker038/speaker038_0007.wav,../data/LIP-RTVE/ROIs/speaker038/speaker038_0007.npz,../data/LIP-RTVE/transcriptions/speaker038/speaker038_0007.txt,5,utf-8
4873,LIP-RTVE,speaker038_0009,125,../data/LIP-RTVE/WAVs/speaker038/speaker038_0009.wav,../data/LIP-RTVE/ROIs/speaker038/speaker038_0009.npz,../data/LIP-RTVE/transcriptions/speaker038/speaker038_0009.txt,5,utf-8
4874,LIP-RTVE,speaker038_0010,92,../data/LIP-RTVE/WAVs/speaker038/speaker038_0010.wav,../data/LIP-RTVE/ROIs/speaker038/speaker038_0010.npz,../data/LIP-RTVE/transcriptions/speaker038/speaker038_0010.txt,5,utf-8
4875,LIP-RTVE,speaker038_0011,131,../data/LIP-RTVE/WAVs/speaker038/speaker038_0011.wav,../data/LIP-RTVE/ROIs/speaker038/speaker038_0011.npz,../data/LIP-RTVE/transcriptions/speaker038/speaker038_0011.txt,5,utf-8
4876,LIP-RTVE,speaker038_0014,34,../data/LIP-RTVE/WAVs/speaker038/speaker038_0014.wav,../data/LIP-RTVE/ROIs/speaker038/speaker038_0014.npz,../data/LIP-RTVE/transcriptions/speaker038/speaker038_0014.txt,5,utf-8
4877,LIP-RTVE,speaker038_0015,29,../data/LIP-RTVE/WAVs/speaker038/speaker038_0015.wav,../data/LIP-RTVE/ROIs/speaker038/speaker038_0015.npz,../data/LIP-RTVE/transcriptions/speaker038/speaker038_0015.txt,5,utf-8
4878,LIP-RTVE,speaker038_0016,70,../data/LIP-RTVE/WAVs/speaker038/speaker038_0016.wav,../data/LIP-RTVE/ROIs/speaker038/speaker038_0016.npz,../data/LIP-RTVE/transcriptions/speaker038/speaker038_0016.txt,5,utf-8
4879,LIP-RTVE,speaker038_0017,71,../data/LIP-RTVE/WAVs/speaker038/speaker038_0017.wav,../data/LIP-RTVE/ROIs/speaker038/speaker038_0017.npz,../data/LIP-RTVE/transcriptions/speaker038/speaker038_0017.txt,5,utf-8
4880,LIP-RTVE,speaker038_0018,60,../data/LIP-RTVE/WAVs/speaker038/speaker038_0018.wav,../data/LIP-RTVE/ROIs/speaker038/speaker038_0018.npz,../data/LIP-RTVE/transcriptions/speaker038/speaker038_0018.txt,5,utf-8
4881,LIP-RTVE,speaker038_0022,129,../data/LIP-RTVE/WAVs/speaker038/speaker038_0022.wav,../data/LIP-RTVE/ROIs/speaker038/speaker038_0022.npz,../data/LIP-RTVE/transcriptions/speaker038/speaker038_0022.txt,5,utf-8
4882,LIP-RTVE,speaker038_0023,56,../data/LIP-RTVE/WAVs/speaker038/speaker038_0023.wav,../data/LIP-RTVE/ROIs/speaker038/speaker038_0023.npz,../data/LIP-RTVE/transcriptions/speaker038/speaker038_0023.txt,5,utf-8
4883,LIP-RTVE,speaker038_0024,66,../data/LIP-RTVE/WAVs/speaker038/speaker038_0024.wav,../data/LIP-RTVE/ROIs/speaker038/speaker038_0024.npz,../data/LIP-RTVE/transcriptions/speaker038/speaker038_0024.txt,5,utf-8
4884,LIP-RTVE,speaker038_0025,46,../data/LIP-RTVE/WAVs/speaker038/speaker038_0025.wav,../data/LIP-RTVE/ROIs/speaker038/speaker038_0025.npz,../data/LIP-RTVE/transcriptions/speaker038/speaker038_0025.txt,5,utf-8
4885,LIP-RTVE,speaker038_0026,29,../data/LIP-RTVE/WAVs/speaker038/speaker038_0026.wav,../data/LIP-RTVE/ROIs/speaker038/speaker038_0026.npz,../data/LIP-RTVE/transcriptions/speaker038/speaker038_0026.txt,5,utf-8
4886,LIP-RTVE,speaker038_0027,29,../data/LIP-RTVE/WAVs/speaker038/speaker038_0027.wav,../data/LIP-RTVE/ROIs/speaker038/speaker038_0027.npz,../data/LIP-RTVE/transcriptions/speaker038/speaker038_0027.txt,5,utf-8
4887,LIP-RTVE,speaker038_0029,100,../data/LIP-RTVE/WAVs/speaker038/speaker038_0029.wav,../data/LIP-RTVE/ROIs/speaker038/speaker038_0029.npz,../data/LIP-RTVE/transcriptions/speaker038/speaker038_0029.txt,5,utf-8
4888,LIP-RTVE,speaker038_0030,47,../data/LIP-RTVE/WAVs/speaker038/speaker038_0030.wav,../data/LIP-RTVE/ROIs/speaker038/speaker038_0030.npz,../data/LIP-RTVE/transcriptions/speaker038/speaker038_0030.txt,5,utf-8
4889,LIP-RTVE,speaker038_0032,55,../data/LIP-RTVE/WAVs/speaker038/speaker038_0032.wav,../data/LIP-RTVE/ROIs/speaker038/speaker038_0032.npz,../data/LIP-RTVE/transcriptions/speaker038/speaker038_0032.txt,5,utf-8
4890,LIP-RTVE,speaker038_0034,59,../data/LIP-RTVE/WAVs/speaker038/speaker038_0034.wav,../data/LIP-RTVE/ROIs/speaker038/speaker038_0034.npz,../data/LIP-RTVE/transcriptions/speaker038/speaker038_0034.txt,5,utf-8
4891,LIP-RTVE,speaker038_0035,96,../data/LIP-RTVE/WAVs/speaker038/speaker038_0035.wav,../data/LIP-RTVE/ROIs/speaker038/speaker038_0035.npz,../data/LIP-RTVE/transcriptions/speaker038/speaker038_0035.txt,5,utf-8
4892,LIP-RTVE,speaker038_0036,30,../data/LIP-RTVE/WAVs/speaker038/speaker038_0036.wav,../data/LIP-RTVE/ROIs/speaker038/speaker038_0036.npz,../data/LIP-RTVE/transcriptions/speaker038/speaker038_0036.txt,5,utf-8
4893,LIP-RTVE,speaker038_0038,166,../data/LIP-RTVE/WAVs/speaker038/speaker038_0038.wav,../data/LIP-RTVE/ROIs/speaker038/speaker038_0038.npz,../data/LIP-RTVE/transcriptions/speaker038/speaker038_0038.txt,5,utf-8
4894,LIP-RTVE,speaker038_0039,131,../data/LIP-RTVE/WAVs/speaker038/speaker038_0039.wav,../data/LIP-RTVE/ROIs/speaker038/speaker038_0039.npz,../data/LIP-RTVE/transcriptions/speaker038/speaker038_0039.txt,5,utf-8
4895,LIP-RTVE,speaker038_0040,99,../data/LIP-RTVE/WAVs/speaker038/speaker038_0040.wav,../data/LIP-RTVE/ROIs/speaker038/speaker038_0040.npz,../data/LIP-RTVE/transcriptions/speaker038/speaker038_0040.txt,5,utf-8
4896,LIP-RTVE,speaker038_0041,190,../data/LIP-RTVE/WAVs/speaker038/speaker038_0041.wav,../data/LIP-RTVE/ROIs/speaker038/speaker038_0041.npz,../data/LIP-RTVE/transcriptions/speaker038/speaker038_0041.txt,5,utf-8
4897,LIP-RTVE,speaker038_0045,33,../data/LIP-RTVE/WAVs/speaker038/speaker038_0045.wav,../data/LIP-RTVE/ROIs/speaker038/speaker038_0045.npz,../data/LIP-RTVE/transcriptions/speaker038/speaker038_0045.txt,5,utf-8
4898,LIP-RTVE,speaker038_0046,50,../data/LIP-RTVE/WAVs/speaker038/speaker038_0046.wav,../data/LIP-RTVE/ROIs/speaker038/speaker038_0046.npz,../data/LIP-RTVE/transcriptions/speaker038/speaker038_0046.txt,5,utf-8
4899,LIP-RTVE,speaker038_0048,26,../data/LIP-RTVE/WAVs/speaker038/speaker038_0048.wav,../data/LIP-RTVE/ROIs/speaker038/speaker038_0048.npz,../data/LIP-RTVE/transcriptions/speaker038/speaker038_0048.txt,5,utf-8
4900,LIP-RTVE,speaker038_0049,135,../data/LIP-RTVE/WAVs/speaker038/speaker038_0049.wav,../data/LIP-RTVE/ROIs/speaker038/speaker038_0049.npz,../data/LIP-RTVE/transcriptions/speaker038/speaker038_0049.txt,5,utf-8
4901,LIP-RTVE,speaker038_0050,187,../data/LIP-RTVE/WAVs/speaker038/speaker038_0050.wav,../data/LIP-RTVE/ROIs/speaker038/speaker038_0050.npz,../data/LIP-RTVE/transcriptions/speaker038/speaker038_0050.txt,5,utf-8
4902,LIP-RTVE,speaker038_0052,117,../data/LIP-RTVE/WAVs/speaker038/speaker038_0052.wav,../data/LIP-RTVE/ROIs/speaker038/speaker038_0052.npz,../data/LIP-RTVE/transcriptions/speaker038/speaker038_0052.txt,5,utf-8
4903,LIP-RTVE,speaker038_0053,73,../data/LIP-RTVE/WAVs/speaker038/speaker038_0053.wav,../data/LIP-RTVE/ROIs/speaker038/speaker038_0053.npz,../data/LIP-RTVE/transcriptions/speaker038/speaker038_0053.txt,5,utf-8
4904,LIP-RTVE,speaker038_0056,197,../data/LIP-RTVE/WAVs/speaker038/speaker038_0056.wav,../data/LIP-RTVE/ROIs/speaker038/speaker038_0056.npz,../data/LIP-RTVE/transcriptions/speaker038/speaker038_0056.txt,5,utf-8
4905,LIP-RTVE,speaker038_0058,213,../data/LIP-RTVE/WAVs/speaker038/speaker038_0058.wav,../data/LIP-RTVE/ROIs/speaker038/speaker038_0058.npz,../data/LIP-RTVE/transcriptions/speaker038/speaker038_0058.txt,5,utf-8
4906,LIP-RTVE,speaker039_0001,206,../data/LIP-RTVE/WAVs/speaker039/speaker039_0001.wav,../data/LIP-RTVE/ROIs/speaker039/speaker039_0001.npz,../data/LIP-RTVE/transcriptions/speaker039/speaker039_0001.txt,5,utf-8
4907,LIP-RTVE,speaker039_0003,63,../data/LIP-RTVE/WAVs/speaker039/speaker039_0003.wav,../data/LIP-RTVE/ROIs/speaker039/speaker039_0003.npz,../data/LIP-RTVE/transcriptions/speaker039/speaker039_0003.txt,5,utf-8
4908,LIP-RTVE,speaker039_0004,33,../data/LIP-RTVE/WAVs/speaker039/speaker039_0004.wav,../data/LIP-RTVE/ROIs/speaker039/speaker039_0004.npz,../data/LIP-RTVE/transcriptions/speaker039/speaker039_0004.txt,5,utf-8
4909,LIP-RTVE,speaker039_0005,46,../data/LIP-RTVE/WAVs/speaker039/speaker039_0005.wav,../data/LIP-RTVE/ROIs/speaker039/speaker039_0005.npz,../data/LIP-RTVE/transcriptions/speaker039/speaker039_0005.txt,5,utf-8
4910,LIP-RTVE,speaker039_0006,105,../data/LIP-RTVE/WAVs/speaker039/speaker039_0006.wav,../data/LIP-RTVE/ROIs/speaker039/speaker039_0006.npz,../data/LIP-RTVE/transcriptions/speaker039/speaker039_0006.txt,5,utf-8
4911,LIP-RTVE,speaker040_0000,34,../data/LIP-RTVE/WAVs/speaker040/speaker040_0000.wav,../data/LIP-RTVE/ROIs/speaker040/speaker040_0000.npz,../data/LIP-RTVE/transcriptions/speaker040/speaker040_0000.txt,5,utf-8
4912,LIP-RTVE,speaker040_0002,95,../data/LIP-RTVE/WAVs/speaker040/speaker040_0002.wav,../data/LIP-RTVE/ROIs/speaker040/speaker040_0002.npz,../data/LIP-RTVE/transcriptions/speaker040/speaker040_0002.txt,5,utf-8
4913,LIP-RTVE,speaker040_0003,124,../data/LIP-RTVE/WAVs/speaker040/speaker040_0003.wav,../data/LIP-RTVE/ROIs/speaker040/speaker040_0003.npz,../data/LIP-RTVE/transcriptions/speaker040/speaker040_0003.txt,5,utf-8
4914,LIP-RTVE,speaker040_0004,219,../data/LIP-RTVE/WAVs/speaker040/speaker040_0004.wav,../data/LIP-RTVE/ROIs/speaker040/speaker040_0004.npz,../data/LIP-RTVE/transcriptions/speaker040/speaker040_0004.txt,5,utf-8
4915,LIP-RTVE,speaker040_0005,47,../data/LIP-RTVE/WAVs/speaker040/speaker040_0005.wav,../data/LIP-RTVE/ROIs/speaker040/speaker040_0005.npz,../data/LIP-RTVE/transcriptions/speaker040/speaker040_0005.txt,5,utf-8
4916,LIP-RTVE,speaker040_0006,45,../data/LIP-RTVE/WAVs/speaker040/speaker040_0006.wav,../data/LIP-RTVE/ROIs/speaker040/speaker040_0006.npz,../data/LIP-RTVE/transcriptions/speaker040/speaker040_0006.txt,5,utf-8
4917,LIP-RTVE,speaker040_0007,251,../data/LIP-RTVE/WAVs/speaker040/speaker040_0007.wav,../data/LIP-RTVE/ROIs/speaker040/speaker040_0007.npz,../data/LIP-RTVE/transcriptions/speaker040/speaker040_0007.txt,5,utf-8
4918,LIP-RTVE,speaker040_0008,149,../data/LIP-RTVE/WAVs/speaker040/speaker040_0008.wav,../data/LIP-RTVE/ROIs/speaker040/speaker040_0008.npz,../data/LIP-RTVE/transcriptions/speaker040/speaker040_0008.txt,5,utf-8
4919,LIP-RTVE,speaker040_0010,257,../data/LIP-RTVE/WAVs/speaker040/speaker040_0010.wav,../data/LIP-RTVE/ROIs/speaker040/speaker040_0010.npz,../data/LIP-RTVE/transcriptions/speaker040/speaker040_0010.txt,5,utf-8
4920,LIP-RTVE,speaker040_0011,176,../data/LIP-RTVE/WAVs/speaker040/speaker040_0011.wav,../data/LIP-RTVE/ROIs/speaker040/speaker040_0011.npz,../data/LIP-RTVE/transcriptions/speaker040/speaker040_0011.txt,5,utf-8
4921,LIP-RTVE,speaker041_0000,47,../data/LIP-RTVE/WAVs/speaker041/speaker041_0000.wav,../data/LIP-RTVE/ROIs/speaker041/speaker041_0000.npz,../data/LIP-RTVE/transcriptions/speaker041/speaker041_0000.txt,5,utf-8
4922,LIP-RTVE,speaker041_0002,152,../data/LIP-RTVE/WAVs/speaker041/speaker041_0002.wav,../data/LIP-RTVE/ROIs/speaker041/speaker041_0002.npz,../data/LIP-RTVE/transcriptions/speaker041/speaker041_0002.txt,5,utf-8
4923,LIP-RTVE,speaker041_0005,108,../data/LIP-RTVE/WAVs/speaker041/speaker041_0005.wav,../data/LIP-RTVE/ROIs/speaker041/speaker041_0005.npz,../data/LIP-RTVE/transcriptions/speaker041/speaker041_0005.txt,5,utf-8
4924,LIP-RTVE,speaker041_0006,67,../data/LIP-RTVE/WAVs/speaker041/speaker041_0006.wav,../data/LIP-RTVE/ROIs/speaker041/speaker041_0006.npz,../data/LIP-RTVE/transcriptions/speaker041/speaker041_0006.txt,5,utf-8
4925,LIP-RTVE,speaker041_0007,263,../data/LIP-RTVE/WAVs/speaker041/speaker041_0007.wav,../data/LIP-RTVE/ROIs/speaker041/speaker041_0007.npz,../data/LIP-RTVE/transcriptions/speaker041/speaker041_0007.txt,5,utf-8
4926,LIP-RTVE,speaker041_0008,102,../data/LIP-RTVE/WAVs/speaker041/speaker041_0008.wav,../data/LIP-RTVE/ROIs/speaker041/speaker041_0008.npz,../data/LIP-RTVE/transcriptions/speaker041/speaker041_0008.txt,5,utf-8
4927,LIP-RTVE,speaker041_0009,156,../data/LIP-RTVE/WAVs/speaker041/speaker041_0009.wav,../data/LIP-RTVE/ROIs/speaker041/speaker041_0009.npz,../data/LIP-RTVE/transcriptions/speaker041/speaker041_0009.txt,5,utf-8
4928,LIP-RTVE,speaker041_0010,53,../data/LIP-RTVE/WAVs/speaker041/speaker041_0010.wav,../data/LIP-RTVE/ROIs/speaker041/speaker041_0010.npz,../data/LIP-RTVE/transcriptions/speaker041/speaker041_0010.txt,5,utf-8
4929,LIP-RTVE,speaker041_0011,34,../data/LIP-RTVE/WAVs/speaker041/speaker041_0011.wav,../data/LIP-RTVE/ROIs/speaker041/speaker041_0011.npz,../data/LIP-RTVE/transcriptions/speaker041/speaker041_0011.txt,5,utf-8
4930,LIP-RTVE,speaker041_0012,136,../data/LIP-RTVE/WAVs/speaker041/speaker041_0012.wav,../data/LIP-RTVE/ROIs/speaker041/speaker041_0012.npz,../data/LIP-RTVE/transcriptions/speaker041/speaker041_0012.txt,5,utf-8
4931,LIP-RTVE,speaker041_0013,54,../data/LIP-RTVE/WAVs/speaker041/speaker041_0013.wav,../data/LIP-RTVE/ROIs/speaker041/speaker041_0013.npz,../data/LIP-RTVE/transcriptions/speaker041/speaker041_0013.txt,5,utf-8
4932,LIP-RTVE,speaker041_0014,35,../data/LIP-RTVE/WAVs/speaker041/speaker041_0014.wav,../data/LIP-RTVE/ROIs/speaker041/speaker041_0014.npz,../data/LIP-RTVE/transcriptions/speaker041/speaker041_0014.txt,5,utf-8
4933,LIP-RTVE,speaker041_0015,36,../data/LIP-RTVE/WAVs/speaker041/speaker041_0015.wav,../data/LIP-RTVE/ROIs/speaker041/speaker041_0015.npz,../data/LIP-RTVE/transcriptions/speaker041/speaker041_0015.txt,5,utf-8
4934,LIP-RTVE,speaker041_0016,55,../data/LIP-RTVE/WAVs/speaker041/speaker041_0016.wav,../data/LIP-RTVE/ROIs/speaker041/speaker041_0016.npz,../data/LIP-RTVE/transcriptions/speaker041/speaker041_0016.txt,5,utf-8
4935,LIP-RTVE,speaker041_0017,100,../data/LIP-RTVE/WAVs/speaker041/speaker041_0017.wav,../data/LIP-RTVE/ROIs/speaker041/speaker041_0017.npz,../data/LIP-RTVE/transcriptions/speaker041/speaker041_0017.txt,5,utf-8
4936,LIP-RTVE,speaker041_0018,35,../data/LIP-RTVE/WAVs/speaker041/speaker041_0018.wav,../data/LIP-RTVE/ROIs/speaker041/speaker041_0018.npz,../data/LIP-RTVE/transcriptions/speaker041/speaker041_0018.txt,5,utf-8
4937,LIP-RTVE,speaker041_0019,87,../data/LIP-RTVE/WAVs/speaker041/speaker041_0019.wav,../data/LIP-RTVE/ROIs/speaker041/speaker041_0019.npz,../data/LIP-RTVE/transcriptions/speaker041/speaker041_0019.txt,5,utf-8
4938,LIP-RTVE,speaker041_0020,51,../data/LIP-RTVE/WAVs/speaker041/speaker041_0020.wav,../data/LIP-RTVE/ROIs/speaker041/speaker041_0020.npz,../data/LIP-RTVE/transcriptions/speaker041/speaker041_0020.txt,5,utf-8
4939,LIP-RTVE,speaker041_0021,113,../data/LIP-RTVE/WAVs/speaker041/speaker041_0021.wav,../data/LIP-RTVE/ROIs/speaker041/speaker041_0021.npz,../data/LIP-RTVE/transcriptions/speaker041/speaker041_0021.txt,5,utf-8
4940,LIP-RTVE,speaker041_0022,39,../data/LIP-RTVE/WAVs/speaker041/speaker041_0022.wav,../data/LIP-RTVE/ROIs/speaker041/speaker041_0022.npz,../data/LIP-RTVE/transcriptions/speaker041/speaker041_0022.txt,5,utf-8
4941,LIP-RTVE,speaker041_0023,42,../data/LIP-RTVE/WAVs/speaker041/speaker041_0023.wav,../data/LIP-RTVE/ROIs/speaker041/speaker041_0023.npz,../data/LIP-RTVE/transcriptions/speaker041/speaker041_0023.txt,5,utf-8
4942,LIP-RTVE,speaker041_0024,79,../data/LIP-RTVE/WAVs/speaker041/speaker041_0024.wav,../data/LIP-RTVE/ROIs/speaker041/speaker041_0024.npz,../data/LIP-RTVE/transcriptions/speaker041/speaker041_0024.txt,5,utf-8
4943,LIP-RTVE,speaker041_0025,59,../data/LIP-RTVE/WAVs/speaker041/speaker041_0025.wav,../data/LIP-RTVE/ROIs/speaker041/speaker041_0025.npz,../data/LIP-RTVE/transcriptions/speaker041/speaker041_0025.txt,5,utf-8
4944,LIP-RTVE,speaker041_0027,48,../data/LIP-RTVE/WAVs/speaker041/speaker041_0027.wav,../data/LIP-RTVE/ROIs/speaker041/speaker041_0027.npz,../data/LIP-RTVE/transcriptions/speaker041/speaker041_0027.txt,5,utf-8
4945,LIP-RTVE,speaker041_0030,104,../data/LIP-RTVE/WAVs/speaker041/speaker041_0030.wav,../data/LIP-RTVE/ROIs/speaker041/speaker041_0030.npz,../data/LIP-RTVE/transcriptions/speaker041/speaker041_0030.txt,5,utf-8
4946,LIP-RTVE,speaker041_0033,128,../data/LIP-RTVE/WAVs/speaker041/speaker041_0033.wav,../data/LIP-RTVE/ROIs/speaker041/speaker041_0033.npz,../data/LIP-RTVE/transcriptions/speaker041/speaker041_0033.txt,5,utf-8
4947,LIP-RTVE,speaker041_0034,51,../data/LIP-RTVE/WAVs/speaker041/speaker041_0034.wav,../data/LIP-RTVE/ROIs/speaker041/speaker041_0034.npz,../data/LIP-RTVE/transcriptions/speaker041/speaker041_0034.txt,5,utf-8
4948,LIP-RTVE,speaker041_0035,160,../data/LIP-RTVE/WAVs/speaker041/speaker041_0035.wav,../data/LIP-RTVE/ROIs/speaker041/speaker041_0035.npz,../data/LIP-RTVE/transcriptions/speaker041/speaker041_0035.txt,5,utf-8
4949,LIP-RTVE,speaker041_0036,110,../data/LIP-RTVE/WAVs/speaker041/speaker041_0036.wav,../data/LIP-RTVE/ROIs/speaker041/speaker041_0036.npz,../data/LIP-RTVE/transcriptions/speaker041/speaker041_0036.txt,5,utf-8
4950,LIP-RTVE,speaker041_0037,63,../data/LIP-RTVE/WAVs/speaker041/speaker041_0037.wav,../data/LIP-RTVE/ROIs/speaker041/speaker041_0037.npz,../data/LIP-RTVE/transcriptions/speaker041/speaker041_0037.txt,5,utf-8
4951,LIP-RTVE,speaker041_0039,27,../data/LIP-RTVE/WAVs/speaker041/speaker041_0039.wav,../data/LIP-RTVE/ROIs/speaker041/speaker041_0039.npz,../data/LIP-RTVE/transcriptions/speaker041/speaker041_0039.txt,5,utf-8
4952,LIP-RTVE,speaker042_0001,27,../data/LIP-RTVE/WAVs/speaker042/speaker042_0001.wav,../data/LIP-RTVE/ROIs/speaker042/speaker042_0001.npz,../data/LIP-RTVE/transcriptions/speaker042/speaker042_0001.txt,5,utf-8
4953,LIP-RTVE,speaker042_0002,244,../data/LIP-RTVE/WAVs/speaker042/speaker042_0002.wav,../data/LIP-RTVE/ROIs/speaker042/speaker042_0002.npz,../data/LIP-RTVE/transcriptions/speaker042/speaker042_0002.txt,5,utf-8
4954,LIP-RTVE,speaker042_0004,331,../data/LIP-RTVE/WAVs/speaker042/speaker042_0004.wav,../data/LIP-RTVE/ROIs/speaker042/speaker042_0004.npz,../data/LIP-RTVE/transcriptions/speaker042/speaker042_0004.txt,5,utf-8
4955,LIP-RTVE,speaker042_0005,213,../data/LIP-RTVE/WAVs/speaker042/speaker042_0005.wav,../data/LIP-RTVE/ROIs/speaker042/speaker042_0005.npz,../data/LIP-RTVE/transcriptions/speaker042/speaker042_0005.txt,5,utf-8
4956,LIP-RTVE,speaker042_0006,44,../data/LIP-RTVE/WAVs/speaker042/speaker042_0006.wav,../data/LIP-RTVE/ROIs/speaker042/speaker042_0006.npz,../data/LIP-RTVE/transcriptions/speaker042/speaker042_0006.txt,5,utf-8
4957,LIP-RTVE,speaker042_0009,112,../data/LIP-RTVE/WAVs/speaker042/speaker042_0009.wav,../data/LIP-RTVE/ROIs/speaker042/speaker042_0009.npz,../data/LIP-RTVE/transcriptions/speaker042/speaker042_0009.txt,5,utf-8
4958,LIP-RTVE,speaker042_0010,128,../data/LIP-RTVE/WAVs/speaker042/speaker042_0010.wav,../data/LIP-RTVE/ROIs/speaker042/speaker042_0010.npz,../data/LIP-RTVE/transcriptions/speaker042/speaker042_0010.txt,5,utf-8
4959,LIP-RTVE,speaker042_0012,350,../data/LIP-RTVE/WAVs/speaker042/speaker042_0012.wav,../data/LIP-RTVE/ROIs/speaker042/speaker042_0012.npz,../data/LIP-RTVE/transcriptions/speaker042/speaker042_0012.txt,5,utf-8
4960,LIP-RTVE,speaker042_0013,130,../data/LIP-RTVE/WAVs/speaker042/speaker042_0013.wav,../data/LIP-RTVE/ROIs/speaker042/speaker042_0013.npz,../data/LIP-RTVE/transcriptions/speaker042/speaker042_0013.txt,5,utf-8
4961,LIP-RTVE,speaker042_0014,72,../data/LIP-RTVE/WAVs/speaker042/speaker042_0014.wav,../data/LIP-RTVE/ROIs/speaker042/speaker042_0014.npz,../data/LIP-RTVE/transcriptions/speaker042/speaker042_0014.txt,5,utf-8
4962,LIP-RTVE,speaker042_0015,51,../data/LIP-RTVE/WAVs/speaker042/speaker042_0015.wav,../data/LIP-RTVE/ROIs/speaker042/speaker042_0015.npz,../data/LIP-RTVE/transcriptions/speaker042/speaker042_0015.txt,5,utf-8
4963,LIP-RTVE,speaker042_0016,178,../data/LIP-RTVE/WAVs/speaker042/speaker042_0016.wav,../data/LIP-RTVE/ROIs/speaker042/speaker042_0016.npz,../data/LIP-RTVE/transcriptions/speaker042/speaker042_0016.txt,5,utf-8
4964,LIP-RTVE,speaker042_0018,191,../data/LIP-RTVE/WAVs/speaker042/speaker042_0018.wav,../data/LIP-RTVE/ROIs/speaker042/speaker042_0018.npz,../data/LIP-RTVE/transcriptions/speaker042/speaker042_0018.txt,5,utf-8
4965,LIP-RTVE,speaker042_0019,30,../data/LIP-RTVE/WAVs/speaker042/speaker042_0019.wav,../data/LIP-RTVE/ROIs/speaker042/speaker042_0019.npz,../data/LIP-RTVE/transcriptions/speaker042/speaker042_0019.txt,5,utf-8
4966,LIP-RTVE,speaker042_0020,167,../data/LIP-RTVE/WAVs/speaker042/speaker042_0020.wav,../data/LIP-RTVE/ROIs/speaker042/speaker042_0020.npz,../data/LIP-RTVE/transcriptions/speaker042/speaker042_0020.txt,5,utf-8
4967,LIP-RTVE,speaker042_0021,66,../data/LIP-RTVE/WAVs/speaker042/speaker042_0021.wav,../data/LIP-RTVE/ROIs/speaker042/speaker042_0021.npz,../data/LIP-RTVE/transcriptions/speaker042/speaker042_0021.txt,5,utf-8
4968,LIP-RTVE,speaker042_0022,47,../data/LIP-RTVE/WAVs/speaker042/speaker042_0022.wav,../data/LIP-RTVE/ROIs/speaker042/speaker042_0022.npz,../data/LIP-RTVE/transcriptions/speaker042/speaker042_0022.txt,5,utf-8
4969,LIP-RTVE,speaker042_0023,47,../data/LIP-RTVE/WAVs/speaker042/speaker042_0023.wav,../data/LIP-RTVE/ROIs/speaker042/speaker042_0023.npz,../data/LIP-RTVE/transcriptions/speaker042/speaker042_0023.txt,5,utf-8
4970,LIP-RTVE,speaker042_0024,82,../data/LIP-RTVE/WAVs/speaker042/speaker042_0024.wav,../data/LIP-RTVE/ROIs/speaker042/speaker042_0024.npz,../data/LIP-RTVE/transcriptions/speaker042/speaker042_0024.txt,5,utf-8
4971,LIP-RTVE,speaker042_0027,148,../data/LIP-RTVE/WAVs/speaker042/speaker042_0027.wav,../data/LIP-RTVE/ROIs/speaker042/speaker042_0027.npz,../data/LIP-RTVE/transcriptions/speaker042/speaker042_0027.txt,5,utf-8
4972,LIP-RTVE,speaker042_0028,62,../data/LIP-RTVE/WAVs/speaker042/speaker042_0028.wav,../data/LIP-RTVE/ROIs/speaker042/speaker042_0028.npz,../data/LIP-RTVE/transcriptions/speaker042/speaker042_0028.txt,5,utf-8
4973,LIP-RTVE,speaker042_0029,99,../data/LIP-RTVE/WAVs/speaker042/speaker042_0029.wav,../data/LIP-RTVE/ROIs/speaker042/speaker042_0029.npz,../data/LIP-RTVE/transcriptions/speaker042/speaker042_0029.txt,5,utf-8
4974,LIP-RTVE,speaker042_0030,39,../data/LIP-RTVE/WAVs/speaker042/speaker042_0030.wav,../data/LIP-RTVE/ROIs/speaker042/speaker042_0030.npz,../data/LIP-RTVE/transcriptions/speaker042/speaker042_0030.txt,5,utf-8
4975,LIP-RTVE,speaker042_0032,129,../data/LIP-RTVE/WAVs/speaker042/speaker042_0032.wav,../data/LIP-RTVE/ROIs/speaker042/speaker042_0032.npz,../data/LIP-RTVE/transcriptions/speaker042/speaker042_0032.txt,5,utf-8
4976,LIP-RTVE,speaker042_0033,85,../data/LIP-RTVE/WAVs/speaker042/speaker042_0033.wav,../data/LIP-RTVE/ROIs/speaker042/speaker042_0033.npz,../data/LIP-RTVE/transcriptions/speaker042/speaker042_0033.txt,5,utf-8
4977,LIP-RTVE,speaker042_0035,135,../data/LIP-RTVE/WAVs/speaker042/speaker042_0035.wav,../data/LIP-RTVE/ROIs/speaker042/speaker042_0035.npz,../data/LIP-RTVE/transcriptions/speaker042/speaker042_0035.txt,5,utf-8
4978,LIP-RTVE,speaker042_0036,148,../data/LIP-RTVE/WAVs/speaker042/speaker042_0036.wav,../data/LIP-RTVE/ROIs/speaker042/speaker042_0036.npz,../data/LIP-RTVE/transcriptions/speaker042/speaker042_0036.txt,5,utf-8
4979,LIP-RTVE,speaker042_0037,63,../data/LIP-RTVE/WAVs/speaker042/speaker042_0037.wav,../data/LIP-RTVE/ROIs/speaker042/speaker042_0037.npz,../data/LIP-RTVE/transcriptions/speaker042/speaker042_0037.txt,5,utf-8
4980,LIP-RTVE,speaker042_0038,91,../data/LIP-RTVE/WAVs/speaker042/speaker042_0038.wav,../data/LIP-RTVE/ROIs/speaker042/speaker042_0038.npz,../data/LIP-RTVE/transcriptions/speaker042/speaker042_0038.txt,5,utf-8
4981,LIP-RTVE,speaker042_0041,122,../data/LIP-RTVE/WAVs/speaker042/speaker042_0041.wav,../data/LIP-RTVE/ROIs/speaker042/speaker042_0041.npz,../data/LIP-RTVE/transcriptions/speaker042/speaker042_0041.txt,5,utf-8
4982,LIP-RTVE,speaker042_0042,57,../data/LIP-RTVE/WAVs/speaker042/speaker042_0042.wav,../data/LIP-RTVE/ROIs/speaker042/speaker042_0042.npz,../data/LIP-RTVE/transcriptions/speaker042/speaker042_0042.txt,5,utf-8
4983,LIP-RTVE,speaker042_0043,28,../data/LIP-RTVE/WAVs/speaker042/speaker042_0043.wav,../data/LIP-RTVE/ROIs/speaker042/speaker042_0043.npz,../data/LIP-RTVE/transcriptions/speaker042/speaker042_0043.txt,5,utf-8
4984,LIP-RTVE,speaker042_0045,121,../data/LIP-RTVE/WAVs/speaker042/speaker042_0045.wav,../data/LIP-RTVE/ROIs/speaker042/speaker042_0045.npz,../data/LIP-RTVE/transcriptions/speaker042/speaker042_0045.txt,5,utf-8
4985,LIP-RTVE,speaker042_0046,95,../data/LIP-RTVE/WAVs/speaker042/speaker042_0046.wav,../data/LIP-RTVE/ROIs/speaker042/speaker042_0046.npz,../data/LIP-RTVE/transcriptions/speaker042/speaker042_0046.txt,5,utf-8
4986,LIP-RTVE,speaker042_0047,55,../data/LIP-RTVE/WAVs/speaker042/speaker042_0047.wav,../data/LIP-RTVE/ROIs/speaker042/speaker042_0047.npz,../data/LIP-RTVE/transcriptions/speaker042/speaker042_0047.txt,5,utf-8
4987,LIP-RTVE,speaker042_0048,32,../data/LIP-RTVE/WAVs/speaker042/speaker042_0048.wav,../data/LIP-RTVE/ROIs/speaker042/speaker042_0048.npz,../data/LIP-RTVE/transcriptions/speaker042/speaker042_0048.txt,5,utf-8
4988,LIP-RTVE,speaker042_0049,59,../data/LIP-RTVE/WAVs/speaker042/speaker042_0049.wav,../data/LIP-RTVE/ROIs/speaker042/speaker042_0049.npz,../data/LIP-RTVE/transcriptions/speaker042/speaker042_0049.txt,5,utf-8
4989,LIP-RTVE,speaker042_0050,76,../data/LIP-RTVE/WAVs/speaker042/speaker042_0050.wav,../data/LIP-RTVE/ROIs/speaker042/speaker042_0050.npz,../data/LIP-RTVE/transcriptions/speaker042/speaker042_0050.txt,5,utf-8
4990,LIP-RTVE,speaker042_0051,48,../data/LIP-RTVE/WAVs/speaker042/speaker042_0051.wav,../data/LIP-RTVE/ROIs/speaker042/speaker042_0051.npz,../data/LIP-RTVE/transcriptions/speaker042/speaker042_0051.txt,5,utf-8
4991,LIP-RTVE,speaker042_0053,70,../data/LIP-RTVE/WAVs/speaker042/speaker042_0053.wav,../data/LIP-RTVE/ROIs/speaker042/speaker042_0053.npz,../data/LIP-RTVE/transcriptions/speaker042/speaker042_0053.txt,5,utf-8
4992,LIP-RTVE,speaker042_0055,115,../data/LIP-RTVE/WAVs/speaker042/speaker042_0055.wav,../data/LIP-RTVE/ROIs/speaker042/speaker042_0055.npz,../data/LIP-RTVE/transcriptions/speaker042/speaker042_0055.txt,5,utf-8
4993,LIP-RTVE,speaker042_0056,60,../data/LIP-RTVE/WAVs/speaker042/speaker042_0056.wav,../data/LIP-RTVE/ROIs/speaker042/speaker042_0056.npz,../data/LIP-RTVE/transcriptions/speaker042/speaker042_0056.txt,5,utf-8
4994,LIP-RTVE,speaker042_0057,29,../data/LIP-RTVE/WAVs/speaker042/speaker042_0057.wav,../data/LIP-RTVE/ROIs/speaker042/speaker042_0057.npz,../data/LIP-RTVE/transcriptions/speaker042/speaker042_0057.txt,5,utf-8
4995,LIP-RTVE,speaker042_0059,87,../data/LIP-RTVE/WAVs/speaker042/speaker042_0059.wav,../data/LIP-RTVE/ROIs/speaker042/speaker042_0059.npz,../data/LIP-RTVE/transcriptions/speaker042/speaker042_0059.txt,5,utf-8
4996,LIP-RTVE,speaker042_0060,35,../data/LIP-RTVE/WAVs/speaker042/speaker042_0060.wav,../data/LIP-RTVE/ROIs/speaker042/speaker042_0060.npz,../data/LIP-RTVE/transcriptions/speaker042/speaker042_0060.txt,5,utf-8
4997,LIP-RTVE,speaker042_0061,297,../data/LIP-RTVE/WAVs/speaker042/speaker042_0061.wav,../data/LIP-RTVE/ROIs/speaker042/speaker042_0061.npz,../data/LIP-RTVE/transcriptions/speaker042/speaker042_0061.txt,5,utf-8
4998,LIP-RTVE,speaker042_0063,229,../data/LIP-RTVE/WAVs/speaker042/speaker042_0063.wav,../data/LIP-RTVE/ROIs/speaker042/speaker042_0063.npz,../data/LIP-RTVE/transcriptions/speaker042/speaker042_0063.txt,5,utf-8
4999,LIP-RTVE,speaker042_0065,209,../data/LIP-RTVE/WAVs/speaker042/speaker042_0065.wav,../data/LIP-RTVE/ROIs/speaker042/speaker042_0065.npz,../data/LIP-RTVE/transcriptions/speaker042/speaker042_0065.txt,5,utf-8
5000,LIP-RTVE,speaker042_0066,55,../data/LIP-RTVE/WAVs/speaker042/speaker042_0066.wav,../data/LIP-RTVE/ROIs/speaker042/speaker042_0066.npz,../data/LIP-RTVE/transcriptions/speaker042/speaker042_0066.txt,5,utf-8
5001,LIP-RTVE,speaker042_0068,72,../data/LIP-RTVE/WAVs/speaker042/speaker042_0068.wav,../data/LIP-RTVE/ROIs/speaker042/speaker042_0068.npz,../data/LIP-RTVE/transcriptions/speaker042/speaker042_0068.txt,5,utf-8
5002,LIP-RTVE,speaker042_0069,30,../data/LIP-RTVE/WAVs/speaker042/speaker042_0069.wav,../data/LIP-RTVE/ROIs/speaker042/speaker042_0069.npz,../data/LIP-RTVE/transcriptions/speaker042/speaker042_0069.txt,5,utf-8
5003,LIP-RTVE,speaker042_0070,37,../data/LIP-RTVE/WAVs/speaker042/speaker042_0070.wav,../data/LIP-RTVE/ROIs/speaker042/speaker042_0070.npz,../data/LIP-RTVE/transcriptions/speaker042/speaker042_0070.txt,5,utf-8
5004,LIP-RTVE,speaker042_0071,62,../data/LIP-RTVE/WAVs/speaker042/speaker042_0071.wav,../data/LIP-RTVE/ROIs/speaker042/speaker042_0071.npz,../data/LIP-RTVE/transcriptions/speaker042/speaker042_0071.txt,5,utf-8
5005,LIP-RTVE,speaker042_0072,48,../data/LIP-RTVE/WAVs/speaker042/speaker042_0072.wav,../data/LIP-RTVE/ROIs/speaker042/speaker042_0072.npz,../data/LIP-RTVE/transcriptions/speaker042/speaker042_0072.txt,5,utf-8
5006,LIP-RTVE,speaker042_0073,87,../data/LIP-RTVE/WAVs/speaker042/speaker042_0073.wav,../data/LIP-RTVE/ROIs/speaker042/speaker042_0073.npz,../data/LIP-RTVE/transcriptions/speaker042/speaker042_0073.txt,5,utf-8
5007,LIP-RTVE,speaker042_0075,73,../data/LIP-RTVE/WAVs/speaker042/speaker042_0075.wav,../data/LIP-RTVE/ROIs/speaker042/speaker042_0075.npz,../data/LIP-RTVE/transcriptions/speaker042/speaker042_0075.txt,5,utf-8
5008,LIP-RTVE,speaker042_0076,69,../data/LIP-RTVE/WAVs/speaker042/speaker042_0076.wav,../data/LIP-RTVE/ROIs/speaker042/speaker042_0076.npz,../data/LIP-RTVE/transcriptions/speaker042/speaker042_0076.txt,5,utf-8
5009,LIP-RTVE,speaker042_0077,189,../data/LIP-RTVE/WAVs/speaker042/speaker042_0077.wav,../data/LIP-RTVE/ROIs/speaker042/speaker042_0077.npz,../data/LIP-RTVE/transcriptions/speaker042/speaker042_0077.txt,5,utf-8
5010,LIP-RTVE,speaker042_0078,95,../data/LIP-RTVE/WAVs/speaker042/speaker042_0078.wav,../data/LIP-RTVE/ROIs/speaker042/speaker042_0078.npz,../data/LIP-RTVE/transcriptions/speaker042/speaker042_0078.txt,5,utf-8
5011,LIP-RTVE,speaker042_0079,102,../data/LIP-RTVE/WAVs/speaker042/speaker042_0079.wav,../data/LIP-RTVE/ROIs/speaker042/speaker042_0079.npz,../data/LIP-RTVE/transcriptions/speaker042/speaker042_0079.txt,5,utf-8
5012,LIP-RTVE,speaker042_0082,101,../data/LIP-RTVE/WAVs/speaker042/speaker042_0082.wav,../data/LIP-RTVE/ROIs/speaker042/speaker042_0082.npz,../data/LIP-RTVE/transcriptions/speaker042/speaker042_0082.txt,5,utf-8
5013,LIP-RTVE,speaker042_0083,43,../data/LIP-RTVE/WAVs/speaker042/speaker042_0083.wav,../data/LIP-RTVE/ROIs/speaker042/speaker042_0083.npz,../data/LIP-RTVE/transcriptions/speaker042/speaker042_0083.txt,5,utf-8
5014,LIP-RTVE,speaker042_0084,124,../data/LIP-RTVE/WAVs/speaker042/speaker042_0084.wav,../data/LIP-RTVE/ROIs/speaker042/speaker042_0084.npz,../data/LIP-RTVE/transcriptions/speaker042/speaker042_0084.txt,5,utf-8
5015,LIP-RTVE,speaker042_0085,178,../data/LIP-RTVE/WAVs/speaker042/speaker042_0085.wav,../data/LIP-RTVE/ROIs/speaker042/speaker042_0085.npz,../data/LIP-RTVE/transcriptions/speaker042/speaker042_0085.txt,5,utf-8
5016,LIP-RTVE,speaker042_0086,82,../data/LIP-RTVE/WAVs/speaker042/speaker042_0086.wav,../data/LIP-RTVE/ROIs/speaker042/speaker042_0086.npz,../data/LIP-RTVE/transcriptions/speaker042/speaker042_0086.txt,5,utf-8
5017,LIP-RTVE,speaker042_0087,191,../data/LIP-RTVE/WAVs/speaker042/speaker042_0087.wav,../data/LIP-RTVE/ROIs/speaker042/speaker042_0087.npz,../data/LIP-RTVE/transcriptions/speaker042/speaker042_0087.txt,5,utf-8
5018,LIP-RTVE,speaker042_0090,214,../data/LIP-RTVE/WAVs/speaker042/speaker042_0090.wav,../data/LIP-RTVE/ROIs/speaker042/speaker042_0090.npz,../data/LIP-RTVE/transcriptions/speaker042/speaker042_0090.txt,5,utf-8
5019,LIP-RTVE,speaker042_0091,176,../data/LIP-RTVE/WAVs/speaker042/speaker042_0091.wav,../data/LIP-RTVE/ROIs/speaker042/speaker042_0091.npz,../data/LIP-RTVE/transcriptions/speaker042/speaker042_0091.txt,5,utf-8
5020,LIP-RTVE,speaker042_0093,145,../data/LIP-RTVE/WAVs/speaker042/speaker042_0093.wav,../data/LIP-RTVE/ROIs/speaker042/speaker042_0093.npz,../data/LIP-RTVE/transcriptions/speaker042/speaker042_0093.txt,5,utf-8
5021,LIP-RTVE,speaker042_0094,104,../data/LIP-RTVE/WAVs/speaker042/speaker042_0094.wav,../data/LIP-RTVE/ROIs/speaker042/speaker042_0094.npz,../data/LIP-RTVE/transcriptions/speaker042/speaker042_0094.txt,5,utf-8
5022,LIP-RTVE,speaker042_0096,60,../data/LIP-RTVE/WAVs/speaker042/speaker042_0096.wav,../data/LIP-RTVE/ROIs/speaker042/speaker042_0096.npz,../data/LIP-RTVE/transcriptions/speaker042/speaker042_0096.txt,5,utf-8
5023,LIP-RTVE,speaker042_0098,93,../data/LIP-RTVE/WAVs/speaker042/speaker042_0098.wav,../data/LIP-RTVE/ROIs/speaker042/speaker042_0098.npz,../data/LIP-RTVE/transcriptions/speaker042/speaker042_0098.txt,5,utf-8
5024,LIP-RTVE,speaker042_0101,220,../data/LIP-RTVE/WAVs/speaker042/speaker042_0101.wav,../data/LIP-RTVE/ROIs/speaker042/speaker042_0101.npz,../data/LIP-RTVE/transcriptions/speaker042/speaker042_0101.txt,5,utf-8
5025,LIP-RTVE,speaker042_0102,79,../data/LIP-RTVE/WAVs/speaker042/speaker042_0102.wav,../data/LIP-RTVE/ROIs/speaker042/speaker042_0102.npz,../data/LIP-RTVE/transcriptions/speaker042/speaker042_0102.txt,5,utf-8
5026,LIP-RTVE,speaker042_0103,260,../data/LIP-RTVE/WAVs/speaker042/speaker042_0103.wav,../data/LIP-RTVE/ROIs/speaker042/speaker042_0103.npz,../data/LIP-RTVE/transcriptions/speaker042/speaker042_0103.txt,5,utf-8
5027,LIP-RTVE,speaker042_0104,186,../data/LIP-RTVE/WAVs/speaker042/speaker042_0104.wav,../data/LIP-RTVE/ROIs/speaker042/speaker042_0104.npz,../data/LIP-RTVE/transcriptions/speaker042/speaker042_0104.txt,5,utf-8
5028,LIP-RTVE,speaker042_0106,85,../data/LIP-RTVE/WAVs/speaker042/speaker042_0106.wav,../data/LIP-RTVE/ROIs/speaker042/speaker042_0106.npz,../data/LIP-RTVE/transcriptions/speaker042/speaker042_0106.txt,5,utf-8
5029,LIP-RTVE,speaker042_0107,255,../data/LIP-RTVE/WAVs/speaker042/speaker042_0107.wav,../data/LIP-RTVE/ROIs/speaker042/speaker042_0107.npz,../data/LIP-RTVE/transcriptions/speaker042/speaker042_0107.txt,5,utf-8
5030,LIP-RTVE,speaker042_0108,150,../data/LIP-RTVE/WAVs/speaker042/speaker042_0108.wav,../data/LIP-RTVE/ROIs/speaker042/speaker042_0108.npz,../data/LIP-RTVE/transcriptions/speaker042/speaker042_0108.txt,5,utf-8
5031,LIP-RTVE,speaker042_0111,146,../data/LIP-RTVE/WAVs/speaker042/speaker042_0111.wav,../data/LIP-RTVE/ROIs/speaker042/speaker042_0111.npz,../data/LIP-RTVE/transcriptions/speaker042/speaker042_0111.txt,5,utf-8
5032,LIP-RTVE,speaker042_0114,143,../data/LIP-RTVE/WAVs/speaker042/speaker042_0114.wav,../data/LIP-RTVE/ROIs/speaker042/speaker042_0114.npz,../data/LIP-RTVE/transcriptions/speaker042/speaker042_0114.txt,5,utf-8
5033,LIP-RTVE,speaker042_0117,222,../data/LIP-RTVE/WAVs/speaker042/speaker042_0117.wav,../data/LIP-RTVE/ROIs/speaker042/speaker042_0117.npz,../data/LIP-RTVE/transcriptions/speaker042/speaker042_0117.txt,5,utf-8
5034,LIP-RTVE,speaker043_0000,26,../data/LIP-RTVE/WAVs/speaker043/speaker043_0000.wav,../data/LIP-RTVE/ROIs/speaker043/speaker043_0000.npz,../data/LIP-RTVE/transcriptions/speaker043/speaker043_0000.txt,5,utf-8
5035,LIP-RTVE,speaker043_0001,212,../data/LIP-RTVE/WAVs/speaker043/speaker043_0001.wav,../data/LIP-RTVE/ROIs/speaker043/speaker043_0001.npz,../data/LIP-RTVE/transcriptions/speaker043/speaker043_0001.txt,5,utf-8
5036,LIP-RTVE,speaker043_0002,43,../data/LIP-RTVE/WAVs/speaker043/speaker043_0002.wav,../data/LIP-RTVE/ROIs/speaker043/speaker043_0002.npz,../data/LIP-RTVE/transcriptions/speaker043/speaker043_0002.txt,5,utf-8
5037,LIP-RTVE,speaker043_0003,162,../data/LIP-RTVE/WAVs/speaker043/speaker043_0003.wav,../data/LIP-RTVE/ROIs/speaker043/speaker043_0003.npz,../data/LIP-RTVE/transcriptions/speaker043/speaker043_0003.txt,5,utf-8
5038,LIP-RTVE,speaker043_0004,145,../data/LIP-RTVE/WAVs/speaker043/speaker043_0004.wav,../data/LIP-RTVE/ROIs/speaker043/speaker043_0004.npz,../data/LIP-RTVE/transcriptions/speaker043/speaker043_0004.txt,5,utf-8
5039,LIP-RTVE,speaker043_0005,66,../data/LIP-RTVE/WAVs/speaker043/speaker043_0005.wav,../data/LIP-RTVE/ROIs/speaker043/speaker043_0005.npz,../data/LIP-RTVE/transcriptions/speaker043/speaker043_0005.txt,5,utf-8
5040,LIP-RTVE,speaker043_0007,69,../data/LIP-RTVE/WAVs/speaker043/speaker043_0007.wav,../data/LIP-RTVE/ROIs/speaker043/speaker043_0007.npz,../data/LIP-RTVE/transcriptions/speaker043/speaker043_0007.txt,5,utf-8
5041,LIP-RTVE,speaker043_0008,46,../data/LIP-RTVE/WAVs/speaker043/speaker043_0008.wav,../data/LIP-RTVE/ROIs/speaker043/speaker043_0008.npz,../data/LIP-RTVE/transcriptions/speaker043/speaker043_0008.txt,5,utf-8
5042,LIP-RTVE,speaker043_0009,26,../data/LIP-RTVE/WAVs/speaker043/speaker043_0009.wav,../data/LIP-RTVE/ROIs/speaker043/speaker043_0009.npz,../data/LIP-RTVE/transcriptions/speaker043/speaker043_0009.txt,5,utf-8
5043,LIP-RTVE,speaker043_0010,49,../data/LIP-RTVE/WAVs/speaker043/speaker043_0010.wav,../data/LIP-RTVE/ROIs/speaker043/speaker043_0010.npz,../data/LIP-RTVE/transcriptions/speaker043/speaker043_0010.txt,5,utf-8
5044,LIP-RTVE,speaker043_0012,125,../data/LIP-RTVE/WAVs/speaker043/speaker043_0012.wav,../data/LIP-RTVE/ROIs/speaker043/speaker043_0012.npz,../data/LIP-RTVE/transcriptions/speaker043/speaker043_0012.txt,5,utf-8
5045,LIP-RTVE,speaker044_0001,27,../data/LIP-RTVE/WAVs/speaker044/speaker044_0001.wav,../data/LIP-RTVE/ROIs/speaker044/speaker044_0001.npz,../data/LIP-RTVE/transcriptions/speaker044/speaker044_0001.txt,5,utf-8
5046,LIP-RTVE,speaker044_0003,131,../data/LIP-RTVE/WAVs/speaker044/speaker044_0003.wav,../data/LIP-RTVE/ROIs/speaker044/speaker044_0003.npz,../data/LIP-RTVE/transcriptions/speaker044/speaker044_0003.txt,5,utf-8
5047,LIP-RTVE,speaker044_0004,68,../data/LIP-RTVE/WAVs/speaker044/speaker044_0004.wav,../data/LIP-RTVE/ROIs/speaker044/speaker044_0004.npz,../data/LIP-RTVE/transcriptions/speaker044/speaker044_0004.txt,5,utf-8
5048,LIP-RTVE,speaker044_0005,51,../data/LIP-RTVE/WAVs/speaker044/speaker044_0005.wav,../data/LIP-RTVE/ROIs/speaker044/speaker044_0005.npz,../data/LIP-RTVE/transcriptions/speaker044/speaker044_0005.txt,5,utf-8
5049,LIP-RTVE,speaker044_0009,47,../data/LIP-RTVE/WAVs/speaker044/speaker044_0009.wav,../data/LIP-RTVE/ROIs/speaker044/speaker044_0009.npz,../data/LIP-RTVE/transcriptions/speaker044/speaker044_0009.txt,5,utf-8
5050,LIP-RTVE,speaker044_0010,63,../data/LIP-RTVE/WAVs/speaker044/speaker044_0010.wav,../data/LIP-RTVE/ROIs/speaker044/speaker044_0010.npz,../data/LIP-RTVE/transcriptions/speaker044/speaker044_0010.txt,5,utf-8
5051,LIP-RTVE,speaker044_0011,130,../data/LIP-RTVE/WAVs/speaker044/speaker044_0011.wav,../data/LIP-RTVE/ROIs/speaker044/speaker044_0011.npz,../data/LIP-RTVE/transcriptions/speaker044/speaker044_0011.txt,5,utf-8
5052,LIP-RTVE,speaker044_0013,121,../data/LIP-RTVE/WAVs/speaker044/speaker044_0013.wav,../data/LIP-RTVE/ROIs/speaker044/speaker044_0013.npz,../data/LIP-RTVE/transcriptions/speaker044/speaker044_0013.txt,5,utf-8
5053,LIP-RTVE,speaker044_0014,148,../data/LIP-RTVE/WAVs/speaker044/speaker044_0014.wav,../data/LIP-RTVE/ROIs/speaker044/speaker044_0014.npz,../data/LIP-RTVE/transcriptions/speaker044/speaker044_0014.txt,5,utf-8
5054,LIP-RTVE,speaker044_0015,200,../data/LIP-RTVE/WAVs/speaker044/speaker044_0015.wav,../data/LIP-RTVE/ROIs/speaker044/speaker044_0015.npz,../data/LIP-RTVE/transcriptions/speaker044/speaker044_0015.txt,5,utf-8
5055,LIP-RTVE,speaker044_0016,83,../data/LIP-RTVE/WAVs/speaker044/speaker044_0016.wav,../data/LIP-RTVE/ROIs/speaker044/speaker044_0016.npz,../data/LIP-RTVE/transcriptions/speaker044/speaker044_0016.txt,5,utf-8
5056,LIP-RTVE,speaker044_0018,109,../data/LIP-RTVE/WAVs/speaker044/speaker044_0018.wav,../data/LIP-RTVE/ROIs/speaker044/speaker044_0018.npz,../data/LIP-RTVE/transcriptions/speaker044/speaker044_0018.txt,5,utf-8
5057,LIP-RTVE,speaker044_0019,27,../data/LIP-RTVE/WAVs/speaker044/speaker044_0019.wav,../data/LIP-RTVE/ROIs/speaker044/speaker044_0019.npz,../data/LIP-RTVE/transcriptions/speaker044/speaker044_0019.txt,5,utf-8
5058,LIP-RTVE,speaker044_0020,75,../data/LIP-RTVE/WAVs/speaker044/speaker044_0020.wav,../data/LIP-RTVE/ROIs/speaker044/speaker044_0020.npz,../data/LIP-RTVE/transcriptions/speaker044/speaker044_0020.txt,5,utf-8
5059,LIP-RTVE,speaker044_0021,28,../data/LIP-RTVE/WAVs/speaker044/speaker044_0021.wav,../data/LIP-RTVE/ROIs/speaker044/speaker044_0021.npz,../data/LIP-RTVE/transcriptions/speaker044/speaker044_0021.txt,5,utf-8
5060,LIP-RTVE,speaker044_0022,68,../data/LIP-RTVE/WAVs/speaker044/speaker044_0022.wav,../data/LIP-RTVE/ROIs/speaker044/speaker044_0022.npz,../data/LIP-RTVE/transcriptions/speaker044/speaker044_0022.txt,5,utf-8
5061,LIP-RTVE,speaker044_0023,64,../data/LIP-RTVE/WAVs/speaker044/speaker044_0023.wav,../data/LIP-RTVE/ROIs/speaker044/speaker044_0023.npz,../data/LIP-RTVE/transcriptions/speaker044/speaker044_0023.txt,5,utf-8
5062,LIP-RTVE,speaker044_0026,174,../data/LIP-RTVE/WAVs/speaker044/speaker044_0026.wav,../data/LIP-RTVE/ROIs/speaker044/speaker044_0026.npz,../data/LIP-RTVE/transcriptions/speaker044/speaker044_0026.txt,5,utf-8
5063,LIP-RTVE,speaker044_0027,108,../data/LIP-RTVE/WAVs/speaker044/speaker044_0027.wav,../data/LIP-RTVE/ROIs/speaker044/speaker044_0027.npz,../data/LIP-RTVE/transcriptions/speaker044/speaker044_0027.txt,5,utf-8
5064,LIP-RTVE,speaker044_0028,139,../data/LIP-RTVE/WAVs/speaker044/speaker044_0028.wav,../data/LIP-RTVE/ROIs/speaker044/speaker044_0028.npz,../data/LIP-RTVE/transcriptions/speaker044/speaker044_0028.txt,5,utf-8
5065,LIP-RTVE,speaker044_0031,78,../data/LIP-RTVE/WAVs/speaker044/speaker044_0031.wav,../data/LIP-RTVE/ROIs/speaker044/speaker044_0031.npz,../data/LIP-RTVE/transcriptions/speaker044/speaker044_0031.txt,5,utf-8
5066,LIP-RTVE,speaker045_0000,140,../data/LIP-RTVE/WAVs/speaker045/speaker045_0000.wav,../data/LIP-RTVE/ROIs/speaker045/speaker045_0000.npz,../data/LIP-RTVE/transcriptions/speaker045/speaker045_0000.txt,5,utf-8
5067,LIP-RTVE,speaker045_0001,132,../data/LIP-RTVE/WAVs/speaker045/speaker045_0001.wav,../data/LIP-RTVE/ROIs/speaker045/speaker045_0001.npz,../data/LIP-RTVE/transcriptions/speaker045/speaker045_0001.txt,5,utf-8
5068,LIP-RTVE,speaker045_0003,115,../data/LIP-RTVE/WAVs/speaker045/speaker045_0003.wav,../data/LIP-RTVE/ROIs/speaker045/speaker045_0003.npz,../data/LIP-RTVE/transcriptions/speaker045/speaker045_0003.txt,5,utf-8
5069,LIP-RTVE,speaker045_0004,30,../data/LIP-RTVE/WAVs/speaker045/speaker045_0004.wav,../data/LIP-RTVE/ROIs/speaker045/speaker045_0004.npz,../data/LIP-RTVE/transcriptions/speaker045/speaker045_0004.txt,5,utf-8
5070,LIP-RTVE,speaker045_0006,234,../data/LIP-RTVE/WAVs/speaker045/speaker045_0006.wav,../data/LIP-RTVE/ROIs/speaker045/speaker045_0006.npz,../data/LIP-RTVE/transcriptions/speaker045/speaker045_0006.txt,5,utf-8
5071,LIP-RTVE,speaker045_0007,307,../data/LIP-RTVE/WAVs/speaker045/speaker045_0007.wav,../data/LIP-RTVE/ROIs/speaker045/speaker045_0007.npz,../data/LIP-RTVE/transcriptions/speaker045/speaker045_0007.txt,5,utf-8
5072,LIP-RTVE,speaker045_0008,52,../data/LIP-RTVE/WAVs/speaker045/speaker045_0008.wav,../data/LIP-RTVE/ROIs/speaker045/speaker045_0008.npz,../data/LIP-RTVE/transcriptions/speaker045/speaker045_0008.txt,5,utf-8
5073,LIP-RTVE,speaker045_0011,58,../data/LIP-RTVE/WAVs/speaker045/speaker045_0011.wav,../data/LIP-RTVE/ROIs/speaker045/speaker045_0011.npz,../data/LIP-RTVE/transcriptions/speaker045/speaker045_0011.txt,5,utf-8
5074,LIP-RTVE,speaker045_0012,30,../data/LIP-RTVE/WAVs/speaker045/speaker045_0012.wav,../data/LIP-RTVE/ROIs/speaker045/speaker045_0012.npz,../data/LIP-RTVE/transcriptions/speaker045/speaker045_0012.txt,5,utf-8
5075,LIP-RTVE,speaker045_0013,73,../data/LIP-RTVE/WAVs/speaker045/speaker045_0013.wav,../data/LIP-RTVE/ROIs/speaker045/speaker045_0013.npz,../data/LIP-RTVE/transcriptions/speaker045/speaker045_0013.txt,5,utf-8
5076,LIP-RTVE,speaker045_0015,58,../data/LIP-RTVE/WAVs/speaker045/speaker045_0015.wav,../data/LIP-RTVE/ROIs/speaker045/speaker045_0015.npz,../data/LIP-RTVE/transcriptions/speaker045/speaker045_0015.txt,5,utf-8
5077,LIP-RTVE,speaker045_0016,72,../data/LIP-RTVE/WAVs/speaker045/speaker045_0016.wav,../data/LIP-RTVE/ROIs/speaker045/speaker045_0016.npz,../data/LIP-RTVE/transcriptions/speaker045/speaker045_0016.txt,5,utf-8
5078,LIP-RTVE,speaker045_0017,40,../data/LIP-RTVE/WAVs/speaker045/speaker045_0017.wav,../data/LIP-RTVE/ROIs/speaker045/speaker045_0017.npz,../data/LIP-RTVE/transcriptions/speaker045/speaker045_0017.txt,5,utf-8
5079,LIP-RTVE,speaker045_0019,99,../data/LIP-RTVE/WAVs/speaker045/speaker045_0019.wav,../data/LIP-RTVE/ROIs/speaker045/speaker045_0019.npz,../data/LIP-RTVE/transcriptions/speaker045/speaker045_0019.txt,5,utf-8
5080,LIP-RTVE,speaker045_0021,214,../data/LIP-RTVE/WAVs/speaker045/speaker045_0021.wav,../data/LIP-RTVE/ROIs/speaker045/speaker045_0021.npz,../data/LIP-RTVE/transcriptions/speaker045/speaker045_0021.txt,5,utf-8
5081,LIP-RTVE,speaker045_0022,132,../data/LIP-RTVE/WAVs/speaker045/speaker045_0022.wav,../data/LIP-RTVE/ROIs/speaker045/speaker045_0022.npz,../data/LIP-RTVE/transcriptions/speaker045/speaker045_0022.txt,5,utf-8
5082,LIP-RTVE,speaker045_0024,84,../data/LIP-RTVE/WAVs/speaker045/speaker045_0024.wav,../data/LIP-RTVE/ROIs/speaker045/speaker045_0024.npz,../data/LIP-RTVE/transcriptions/speaker045/speaker045_0024.txt,5,utf-8
5083,LIP-RTVE,speaker045_0026,82,../data/LIP-RTVE/WAVs/speaker045/speaker045_0026.wav,../data/LIP-RTVE/ROIs/speaker045/speaker045_0026.npz,../data/LIP-RTVE/transcriptions/speaker045/speaker045_0026.txt,5,utf-8
5084,LIP-RTVE,speaker045_0027,57,../data/LIP-RTVE/WAVs/speaker045/speaker045_0027.wav,../data/LIP-RTVE/ROIs/speaker045/speaker045_0027.npz,../data/LIP-RTVE/transcriptions/speaker045/speaker045_0027.txt,5,utf-8
5085,LIP-RTVE,speaker045_0029,137,../data/LIP-RTVE/WAVs/speaker045/speaker045_0029.wav,../data/LIP-RTVE/ROIs/speaker045/speaker045_0029.npz,../data/LIP-RTVE/transcriptions/speaker045/speaker045_0029.txt,5,utf-8
5086,LIP-RTVE,speaker045_0030,162,../data/LIP-RTVE/WAVs/speaker045/speaker045_0030.wav,../data/LIP-RTVE/ROIs/speaker045/speaker045_0030.npz,../data/LIP-RTVE/transcriptions/speaker045/speaker045_0030.txt,5,utf-8
5087,LIP-RTVE,speaker045_0033,158,../data/LIP-RTVE/WAVs/speaker045/speaker045_0033.wav,../data/LIP-RTVE/ROIs/speaker045/speaker045_0033.npz,../data/LIP-RTVE/transcriptions/speaker045/speaker045_0033.txt,5,utf-8
5088,LIP-RTVE,speaker045_0036,114,../data/LIP-RTVE/WAVs/speaker045/speaker045_0036.wav,../data/LIP-RTVE/ROIs/speaker045/speaker045_0036.npz,../data/LIP-RTVE/transcriptions/speaker045/speaker045_0036.txt,5,utf-8
5089,LIP-RTVE,speaker045_0038,73,../data/LIP-RTVE/WAVs/speaker045/speaker045_0038.wav,../data/LIP-RTVE/ROIs/speaker045/speaker045_0038.npz,../data/LIP-RTVE/transcriptions/speaker045/speaker045_0038.txt,5,utf-8
5090,LIP-RTVE,speaker045_0039,166,../data/LIP-RTVE/WAVs/speaker045/speaker045_0039.wav,../data/LIP-RTVE/ROIs/speaker045/speaker045_0039.npz,../data/LIP-RTVE/transcriptions/speaker045/speaker045_0039.txt,5,utf-8
5091,LIP-RTVE,speaker045_0040,98,../data/LIP-RTVE/WAVs/speaker045/speaker045_0040.wav,../data/LIP-RTVE/ROIs/speaker045/speaker045_0040.npz,../data/LIP-RTVE/transcriptions/speaker045/speaker045_0040.txt,5,utf-8
5092,LIP-RTVE,speaker045_0041,48,../data/LIP-RTVE/WAVs/speaker045/speaker045_0041.wav,../data/LIP-RTVE/ROIs/speaker045/speaker045_0041.npz,../data/LIP-RTVE/transcriptions/speaker045/speaker045_0041.txt,5,utf-8
5093,LIP-RTVE,speaker045_0042,113,../data/LIP-RTVE/WAVs/speaker045/speaker045_0042.wav,../data/LIP-RTVE/ROIs/speaker045/speaker045_0042.npz,../data/LIP-RTVE/transcriptions/speaker045/speaker045_0042.txt,5,utf-8
5094,LIP-RTVE,speaker045_0043,36,../data/LIP-RTVE/WAVs/speaker045/speaker045_0043.wav,../data/LIP-RTVE/ROIs/speaker045/speaker045_0043.npz,../data/LIP-RTVE/transcriptions/speaker045/speaker045_0043.txt,5,utf-8
5095,LIP-RTVE,speaker045_0045,106,../data/LIP-RTVE/WAVs/speaker045/speaker045_0045.wav,../data/LIP-RTVE/ROIs/speaker045/speaker045_0045.npz,../data/LIP-RTVE/transcriptions/speaker045/speaker045_0045.txt,5,utf-8
5096,LIP-RTVE,speaker045_0046,151,../data/LIP-RTVE/WAVs/speaker045/speaker045_0046.wav,../data/LIP-RTVE/ROIs/speaker045/speaker045_0046.npz,../data/LIP-RTVE/transcriptions/speaker045/speaker045_0046.txt,5,utf-8
5097,LIP-RTVE,speaker045_0047,89,../data/LIP-RTVE/WAVs/speaker045/speaker045_0047.wav,../data/LIP-RTVE/ROIs/speaker045/speaker045_0047.npz,../data/LIP-RTVE/transcriptions/speaker045/speaker045_0047.txt,5,utf-8
5098,LIP-RTVE,speaker045_0048,86,../data/LIP-RTVE/WAVs/speaker045/speaker045_0048.wav,../data/LIP-RTVE/ROIs/speaker045/speaker045_0048.npz,../data/LIP-RTVE/transcriptions/speaker045/speaker045_0048.txt,5,utf-8
5099,LIP-RTVE,speaker045_0049,47,../data/LIP-RTVE/WAVs/speaker045/speaker045_0049.wav,../data/LIP-RTVE/ROIs/speaker045/speaker045_0049.npz,../data/LIP-RTVE/transcriptions/speaker045/speaker045_0049.txt,5,utf-8
5100,LIP-RTVE,speaker045_0050,217,../data/LIP-RTVE/WAVs/speaker045/speaker045_0050.wav,../data/LIP-RTVE/ROIs/speaker045/speaker045_0050.npz,../data/LIP-RTVE/transcriptions/speaker045/speaker045_0050.txt,5,utf-8
5101,LIP-RTVE,speaker045_0051,170,../data/LIP-RTVE/WAVs/speaker045/speaker045_0051.wav,../data/LIP-RTVE/ROIs/speaker045/speaker045_0051.npz,../data/LIP-RTVE/transcriptions/speaker045/speaker045_0051.txt,5,utf-8
5102,LIP-RTVE,speaker045_0052,91,../data/LIP-RTVE/WAVs/speaker045/speaker045_0052.wav,../data/LIP-RTVE/ROIs/speaker045/speaker045_0052.npz,../data/LIP-RTVE/transcriptions/speaker045/speaker045_0052.txt,5,utf-8
5103,LIP-RTVE,speaker045_0053,53,../data/LIP-RTVE/WAVs/speaker045/speaker045_0053.wav,../data/LIP-RTVE/ROIs/speaker045/speaker045_0053.npz,../data/LIP-RTVE/transcriptions/speaker045/speaker045_0053.txt,5,utf-8
5104,LIP-RTVE,speaker045_0054,134,../data/LIP-RTVE/WAVs/speaker045/speaker045_0054.wav,../data/LIP-RTVE/ROIs/speaker045/speaker045_0054.npz,../data/LIP-RTVE/transcriptions/speaker045/speaker045_0054.txt,5,utf-8
5105,LIP-RTVE,speaker045_0055,46,../data/LIP-RTVE/WAVs/speaker045/speaker045_0055.wav,../data/LIP-RTVE/ROIs/speaker045/speaker045_0055.npz,../data/LIP-RTVE/transcriptions/speaker045/speaker045_0055.txt,5,utf-8
5106,LIP-RTVE,speaker045_0057,88,../data/LIP-RTVE/WAVs/speaker045/speaker045_0057.wav,../data/LIP-RTVE/ROIs/speaker045/speaker045_0057.npz,../data/LIP-RTVE/transcriptions/speaker045/speaker045_0057.txt,5,utf-8
5107,LIP-RTVE,speaker045_0058,61,../data/LIP-RTVE/WAVs/speaker045/speaker045_0058.wav,../data/LIP-RTVE/ROIs/speaker045/speaker045_0058.npz,../data/LIP-RTVE/transcriptions/speaker045/speaker045_0058.txt,5,utf-8
5108,LIP-RTVE,speaker045_0059,157,../data/LIP-RTVE/WAVs/speaker045/speaker045_0059.wav,../data/LIP-RTVE/ROIs/speaker045/speaker045_0059.npz,../data/LIP-RTVE/transcriptions/speaker045/speaker045_0059.txt,5,utf-8
5109,LIP-RTVE,speaker045_0060,96,../data/LIP-RTVE/WAVs/speaker045/speaker045_0060.wav,../data/LIP-RTVE/ROIs/speaker045/speaker045_0060.npz,../data/LIP-RTVE/transcriptions/speaker045/speaker045_0060.txt,5,utf-8
5110,LIP-RTVE,speaker045_0061,177,../data/LIP-RTVE/WAVs/speaker045/speaker045_0061.wav,../data/LIP-RTVE/ROIs/speaker045/speaker045_0061.npz,../data/LIP-RTVE/transcriptions/speaker045/speaker045_0061.txt,5,utf-8
5111,LIP-RTVE,speaker045_0062,82,../data/LIP-RTVE/WAVs/speaker045/speaker045_0062.wav,../data/LIP-RTVE/ROIs/speaker045/speaker045_0062.npz,../data/LIP-RTVE/transcriptions/speaker045/speaker045_0062.txt,5,utf-8
5112,LIP-RTVE,speaker045_0065,96,../data/LIP-RTVE/WAVs/speaker045/speaker045_0065.wav,../data/LIP-RTVE/ROIs/speaker045/speaker045_0065.npz,../data/LIP-RTVE/transcriptions/speaker045/speaker045_0065.txt,5,utf-8
5113,LIP-RTVE,speaker045_0066,180,../data/LIP-RTVE/WAVs/speaker045/speaker045_0066.wav,../data/LIP-RTVE/ROIs/speaker045/speaker045_0066.npz,../data/LIP-RTVE/transcriptions/speaker045/speaker045_0066.txt,5,utf-8
5114,LIP-RTVE,speaker045_0067,158,../data/LIP-RTVE/WAVs/speaker045/speaker045_0067.wav,../data/LIP-RTVE/ROIs/speaker045/speaker045_0067.npz,../data/LIP-RTVE/transcriptions/speaker045/speaker045_0067.txt,5,utf-8
5115,LIP-RTVE,speaker045_0069,209,../data/LIP-RTVE/WAVs/speaker045/speaker045_0069.wav,../data/LIP-RTVE/ROIs/speaker045/speaker045_0069.npz,../data/LIP-RTVE/transcriptions/speaker045/speaker045_0069.txt,5,utf-8
5116,LIP-RTVE,speaker045_0072,179,../data/LIP-RTVE/WAVs/speaker045/speaker045_0072.wav,../data/LIP-RTVE/ROIs/speaker045/speaker045_0072.npz,../data/LIP-RTVE/transcriptions/speaker045/speaker045_0072.txt,5,utf-8
5117,LIP-RTVE,speaker045_0073,93,../data/LIP-RTVE/WAVs/speaker045/speaker045_0073.wav,../data/LIP-RTVE/ROIs/speaker045/speaker045_0073.npz,../data/LIP-RTVE/transcriptions/speaker045/speaker045_0073.txt,5,utf-8
5118,LIP-RTVE,speaker045_0074,89,../data/LIP-RTVE/WAVs/speaker045/speaker045_0074.wav,../data/LIP-RTVE/ROIs/speaker045/speaker045_0074.npz,../data/LIP-RTVE/transcriptions/speaker045/speaker045_0074.txt,5,utf-8
5119,LIP-RTVE,speaker045_0075,212,../data/LIP-RTVE/WAVs/speaker045/speaker045_0075.wav,../data/LIP-RTVE/ROIs/speaker045/speaker045_0075.npz,../data/LIP-RTVE/transcriptions/speaker045/speaker045_0075.txt,5,utf-8
5120,LIP-RTVE,speaker045_0076,126,../data/LIP-RTVE/WAVs/speaker045/speaker045_0076.wav,../data/LIP-RTVE/ROIs/speaker045/speaker045_0076.npz,../data/LIP-RTVE/transcriptions/speaker045/speaker045_0076.txt,5,utf-8
5121,LIP-RTVE,speaker045_0077,48,../data/LIP-RTVE/WAVs/speaker045/speaker045_0077.wav,../data/LIP-RTVE/ROIs/speaker045/speaker045_0077.npz,../data/LIP-RTVE/transcriptions/speaker045/speaker045_0077.txt,5,utf-8
5122,LIP-RTVE,speaker045_0078,85,../data/LIP-RTVE/WAVs/speaker045/speaker045_0078.wav,../data/LIP-RTVE/ROIs/speaker045/speaker045_0078.npz,../data/LIP-RTVE/transcriptions/speaker045/speaker045_0078.txt,5,utf-8
5123,LIP-RTVE,speaker045_0080,61,../data/LIP-RTVE/WAVs/speaker045/speaker045_0080.wav,../data/LIP-RTVE/ROIs/speaker045/speaker045_0080.npz,../data/LIP-RTVE/transcriptions/speaker045/speaker045_0080.txt,5,utf-8
5124,LIP-RTVE,speaker045_0081,101,../data/LIP-RTVE/WAVs/speaker045/speaker045_0081.wav,../data/LIP-RTVE/ROIs/speaker045/speaker045_0081.npz,../data/LIP-RTVE/transcriptions/speaker045/speaker045_0081.txt,5,utf-8
5125,LIP-RTVE,speaker045_0083,30,../data/LIP-RTVE/WAVs/speaker045/speaker045_0083.wav,../data/LIP-RTVE/ROIs/speaker045/speaker045_0083.npz,../data/LIP-RTVE/transcriptions/speaker045/speaker045_0083.txt,5,utf-8
5126,LIP-RTVE,speaker045_0085,80,../data/LIP-RTVE/WAVs/speaker045/speaker045_0085.wav,../data/LIP-RTVE/ROIs/speaker045/speaker045_0085.npz,../data/LIP-RTVE/transcriptions/speaker045/speaker045_0085.txt,5,utf-8
5127,LIP-RTVE,speaker045_0088,75,../data/LIP-RTVE/WAVs/speaker045/speaker045_0088.wav,../data/LIP-RTVE/ROIs/speaker045/speaker045_0088.npz,../data/LIP-RTVE/transcriptions/speaker045/speaker045_0088.txt,5,utf-8
5128,LIP-RTVE,speaker045_0089,155,../data/LIP-RTVE/WAVs/speaker045/speaker045_0089.wav,../data/LIP-RTVE/ROIs/speaker045/speaker045_0089.npz,../data/LIP-RTVE/transcriptions/speaker045/speaker045_0089.txt,5,utf-8
5129,LIP-RTVE,speaker045_0093,132,../data/LIP-RTVE/WAVs/speaker045/speaker045_0093.wav,../data/LIP-RTVE/ROIs/speaker045/speaker045_0093.npz,../data/LIP-RTVE/transcriptions/speaker045/speaker045_0093.txt,5,utf-8
5130,LIP-RTVE,speaker045_0094,195,../data/LIP-RTVE/WAVs/speaker045/speaker045_0094.wav,../data/LIP-RTVE/ROIs/speaker045/speaker045_0094.npz,../data/LIP-RTVE/transcriptions/speaker045/speaker045_0094.txt,5,utf-8
5131,LIP-RTVE,speaker045_0095,61,../data/LIP-RTVE/WAVs/speaker045/speaker045_0095.wav,../data/LIP-RTVE/ROIs/speaker045/speaker045_0095.npz,../data/LIP-RTVE/transcriptions/speaker045/speaker045_0095.txt,5,utf-8
5132,LIP-RTVE,speaker045_0096,76,../data/LIP-RTVE/WAVs/speaker045/speaker045_0096.wav,../data/LIP-RTVE/ROIs/speaker045/speaker045_0096.npz,../data/LIP-RTVE/transcriptions/speaker045/speaker045_0096.txt,5,utf-8
5133,LIP-RTVE,speaker045_0098,105,../data/LIP-RTVE/WAVs/speaker045/speaker045_0098.wav,../data/LIP-RTVE/ROIs/speaker045/speaker045_0098.npz,../data/LIP-RTVE/transcriptions/speaker045/speaker045_0098.txt,5,utf-8
5134,LIP-RTVE,speaker045_0099,189,../data/LIP-RTVE/WAVs/speaker045/speaker045_0099.wav,../data/LIP-RTVE/ROIs/speaker045/speaker045_0099.npz,../data/LIP-RTVE/transcriptions/speaker045/speaker045_0099.txt,5,utf-8
5135,LIP-RTVE,speaker045_0101,109,../data/LIP-RTVE/WAVs/speaker045/speaker045_0101.wav,../data/LIP-RTVE/ROIs/speaker045/speaker045_0101.npz,../data/LIP-RTVE/transcriptions/speaker045/speaker045_0101.txt,5,utf-8
5136,LIP-RTVE,speaker045_0102,267,../data/LIP-RTVE/WAVs/speaker045/speaker045_0102.wav,../data/LIP-RTVE/ROIs/speaker045/speaker045_0102.npz,../data/LIP-RTVE/transcriptions/speaker045/speaker045_0102.txt,5,utf-8
5137,LIP-RTVE,speaker045_0103,164,../data/LIP-RTVE/WAVs/speaker045/speaker045_0103.wav,../data/LIP-RTVE/ROIs/speaker045/speaker045_0103.npz,../data/LIP-RTVE/transcriptions/speaker045/speaker045_0103.txt,5,utf-8
5138,LIP-RTVE,speaker045_0104,53,../data/LIP-RTVE/WAVs/speaker045/speaker045_0104.wav,../data/LIP-RTVE/ROIs/speaker045/speaker045_0104.npz,../data/LIP-RTVE/transcriptions/speaker045/speaker045_0104.txt,5,utf-8
5139,LIP-RTVE,speaker045_0105,188,../data/LIP-RTVE/WAVs/speaker045/speaker045_0105.wav,../data/LIP-RTVE/ROIs/speaker045/speaker045_0105.npz,../data/LIP-RTVE/transcriptions/speaker045/speaker045_0105.txt,5,utf-8
5140,LIP-RTVE,speaker045_0106,139,../data/LIP-RTVE/WAVs/speaker045/speaker045_0106.wav,../data/LIP-RTVE/ROIs/speaker045/speaker045_0106.npz,../data/LIP-RTVE/transcriptions/speaker045/speaker045_0106.txt,5,utf-8
5141,LIP-RTVE,speaker045_0107,74,../data/LIP-RTVE/WAVs/speaker045/speaker045_0107.wav,../data/LIP-RTVE/ROIs/speaker045/speaker045_0107.npz,../data/LIP-RTVE/transcriptions/speaker045/speaker045_0107.txt,5,utf-8
5142,LIP-RTVE,speaker045_0108,138,../data/LIP-RTVE/WAVs/speaker045/speaker045_0108.wav,../data/LIP-RTVE/ROIs/speaker045/speaker045_0108.npz,../data/LIP-RTVE/transcriptions/speaker045/speaker045_0108.txt,5,utf-8
5143,LIP-RTVE,speaker045_0110,50,../data/LIP-RTVE/WAVs/speaker045/speaker045_0110.wav,../data/LIP-RTVE/ROIs/speaker045/speaker045_0110.npz,../data/LIP-RTVE/transcriptions/speaker045/speaker045_0110.txt,5,utf-8
5144,LIP-RTVE,speaker045_0111,62,../data/LIP-RTVE/WAVs/speaker045/speaker045_0111.wav,../data/LIP-RTVE/ROIs/speaker045/speaker045_0111.npz,../data/LIP-RTVE/transcriptions/speaker045/speaker045_0111.txt,5,utf-8
5145,LIP-RTVE,speaker045_0113,30,../data/LIP-RTVE/WAVs/speaker045/speaker045_0113.wav,../data/LIP-RTVE/ROIs/speaker045/speaker045_0113.npz,../data/LIP-RTVE/transcriptions/speaker045/speaker045_0113.txt,5,utf-8
5146,LIP-RTVE,speaker046_0000,38,../data/LIP-RTVE/WAVs/speaker046/speaker046_0000.wav,../data/LIP-RTVE/ROIs/speaker046/speaker046_0000.npz,../data/LIP-RTVE/transcriptions/speaker046/speaker046_0000.txt,5,utf-8
5147,LIP-RTVE,speaker046_0001,68,../data/LIP-RTVE/WAVs/speaker046/speaker046_0001.wav,../data/LIP-RTVE/ROIs/speaker046/speaker046_0001.npz,../data/LIP-RTVE/transcriptions/speaker046/speaker046_0001.txt,5,utf-8
5148,LIP-RTVE,speaker046_0002,44,../data/LIP-RTVE/WAVs/speaker046/speaker046_0002.wav,../data/LIP-RTVE/ROIs/speaker046/speaker046_0002.npz,../data/LIP-RTVE/transcriptions/speaker046/speaker046_0002.txt,5,utf-8
5149,LIP-RTVE,speaker046_0005,70,../data/LIP-RTVE/WAVs/speaker046/speaker046_0005.wav,../data/LIP-RTVE/ROIs/speaker046/speaker046_0005.npz,../data/LIP-RTVE/transcriptions/speaker046/speaker046_0005.txt,5,utf-8
5150,LIP-RTVE,speaker046_0007,108,../data/LIP-RTVE/WAVs/speaker046/speaker046_0007.wav,../data/LIP-RTVE/ROIs/speaker046/speaker046_0007.npz,../data/LIP-RTVE/transcriptions/speaker046/speaker046_0007.txt,5,utf-8
5151,LIP-RTVE,speaker047_0001,162,../data/LIP-RTVE/WAVs/speaker047/speaker047_0001.wav,../data/LIP-RTVE/ROIs/speaker047/speaker047_0001.npz,../data/LIP-RTVE/transcriptions/speaker047/speaker047_0001.txt,5,utf-8
5152,LIP-RTVE,speaker047_0002,251,../data/LIP-RTVE/WAVs/speaker047/speaker047_0002.wav,../data/LIP-RTVE/ROIs/speaker047/speaker047_0002.npz,../data/LIP-RTVE/transcriptions/speaker047/speaker047_0002.txt,5,utf-8
5153,LIP-RTVE,speaker047_0003,56,../data/LIP-RTVE/WAVs/speaker047/speaker047_0003.wav,../data/LIP-RTVE/ROIs/speaker047/speaker047_0003.npz,../data/LIP-RTVE/transcriptions/speaker047/speaker047_0003.txt,5,utf-8
5154,LIP-RTVE,speaker047_0004,149,../data/LIP-RTVE/WAVs/speaker047/speaker047_0004.wav,../data/LIP-RTVE/ROIs/speaker047/speaker047_0004.npz,../data/LIP-RTVE/transcriptions/speaker047/speaker047_0004.txt,5,utf-8
5155,LIP-RTVE,speaker047_0005,152,../data/LIP-RTVE/WAVs/speaker047/speaker047_0005.wav,../data/LIP-RTVE/ROIs/speaker047/speaker047_0005.npz,../data/LIP-RTVE/transcriptions/speaker047/speaker047_0005.txt,5,utf-8
5156,LIP-RTVE,speaker047_0007,102,../data/LIP-RTVE/WAVs/speaker047/speaker047_0007.wav,../data/LIP-RTVE/ROIs/speaker047/speaker047_0007.npz,../data/LIP-RTVE/transcriptions/speaker047/speaker047_0007.txt,5,utf-8
5157,LIP-RTVE,speaker047_0008,51,../data/LIP-RTVE/WAVs/speaker047/speaker047_0008.wav,../data/LIP-RTVE/ROIs/speaker047/speaker047_0008.npz,../data/LIP-RTVE/transcriptions/speaker047/speaker047_0008.txt,5,utf-8
5158,LIP-RTVE,speaker047_0009,50,../data/LIP-RTVE/WAVs/speaker047/speaker047_0009.wav,../data/LIP-RTVE/ROIs/speaker047/speaker047_0009.npz,../data/LIP-RTVE/transcriptions/speaker047/speaker047_0009.txt,5,utf-8
5159,LIP-RTVE,speaker047_0010,27,../data/LIP-RTVE/WAVs/speaker047/speaker047_0010.wav,../data/LIP-RTVE/ROIs/speaker047/speaker047_0010.npz,../data/LIP-RTVE/transcriptions/speaker047/speaker047_0010.txt,5,utf-8
5160,LIP-RTVE,speaker047_0011,102,../data/LIP-RTVE/WAVs/speaker047/speaker047_0011.wav,../data/LIP-RTVE/ROIs/speaker047/speaker047_0011.npz,../data/LIP-RTVE/transcriptions/speaker047/speaker047_0011.txt,5,utf-8
5161,LIP-RTVE,speaker047_0012,83,../data/LIP-RTVE/WAVs/speaker047/speaker047_0012.wav,../data/LIP-RTVE/ROIs/speaker047/speaker047_0012.npz,../data/LIP-RTVE/transcriptions/speaker047/speaker047_0012.txt,5,utf-8
5162,LIP-RTVE,speaker047_0015,150,../data/LIP-RTVE/WAVs/speaker047/speaker047_0015.wav,../data/LIP-RTVE/ROIs/speaker047/speaker047_0015.npz,../data/LIP-RTVE/transcriptions/speaker047/speaker047_0015.txt,5,utf-8
5163,LIP-RTVE,speaker047_0016,104,../data/LIP-RTVE/WAVs/speaker047/speaker047_0016.wav,../data/LIP-RTVE/ROIs/speaker047/speaker047_0016.npz,../data/LIP-RTVE/transcriptions/speaker047/speaker047_0016.txt,5,utf-8
5164,LIP-RTVE,speaker047_0017,53,../data/LIP-RTVE/WAVs/speaker047/speaker047_0017.wav,../data/LIP-RTVE/ROIs/speaker047/speaker047_0017.npz,../data/LIP-RTVE/transcriptions/speaker047/speaker047_0017.txt,5,utf-8
5165,LIP-RTVE,speaker047_0018,35,../data/LIP-RTVE/WAVs/speaker047/speaker047_0018.wav,../data/LIP-RTVE/ROIs/speaker047/speaker047_0018.npz,../data/LIP-RTVE/transcriptions/speaker047/speaker047_0018.txt,5,utf-8
5166,LIP-RTVE,speaker047_0019,26,../data/LIP-RTVE/WAVs/speaker047/speaker047_0019.wav,../data/LIP-RTVE/ROIs/speaker047/speaker047_0019.npz,../data/LIP-RTVE/transcriptions/speaker047/speaker047_0019.txt,5,utf-8
5167,LIP-RTVE,speaker047_0020,34,../data/LIP-RTVE/WAVs/speaker047/speaker047_0020.wav,../data/LIP-RTVE/ROIs/speaker047/speaker047_0020.npz,../data/LIP-RTVE/transcriptions/speaker047/speaker047_0020.txt,5,utf-8
5168,LIP-RTVE,speaker047_0022,31,../data/LIP-RTVE/WAVs/speaker047/speaker047_0022.wav,../data/LIP-RTVE/ROIs/speaker047/speaker047_0022.npz,../data/LIP-RTVE/transcriptions/speaker047/speaker047_0022.txt,5,utf-8
5169,LIP-RTVE,speaker047_0023,55,../data/LIP-RTVE/WAVs/speaker047/speaker047_0023.wav,../data/LIP-RTVE/ROIs/speaker047/speaker047_0023.npz,../data/LIP-RTVE/transcriptions/speaker047/speaker047_0023.txt,5,utf-8
5170,LIP-RTVE,speaker047_0024,121,../data/LIP-RTVE/WAVs/speaker047/speaker047_0024.wav,../data/LIP-RTVE/ROIs/speaker047/speaker047_0024.npz,../data/LIP-RTVE/transcriptions/speaker047/speaker047_0024.txt,5,utf-8
5171,LIP-RTVE,speaker048_0001,147,../data/LIP-RTVE/WAVs/speaker048/speaker048_0001.wav,../data/LIP-RTVE/ROIs/speaker048/speaker048_0001.npz,../data/LIP-RTVE/transcriptions/speaker048/speaker048_0001.txt,5,utf-8
5172,LIP-RTVE,speaker048_0002,54,../data/LIP-RTVE/WAVs/speaker048/speaker048_0002.wav,../data/LIP-RTVE/ROIs/speaker048/speaker048_0002.npz,../data/LIP-RTVE/transcriptions/speaker048/speaker048_0002.txt,5,utf-8
5173,LIP-RTVE,speaker048_0003,142,../data/LIP-RTVE/WAVs/speaker048/speaker048_0003.wav,../data/LIP-RTVE/ROIs/speaker048/speaker048_0003.npz,../data/LIP-RTVE/transcriptions/speaker048/speaker048_0003.txt,5,utf-8
5174,LIP-RTVE,speaker048_0004,114,../data/LIP-RTVE/WAVs/speaker048/speaker048_0004.wav,../data/LIP-RTVE/ROIs/speaker048/speaker048_0004.npz,../data/LIP-RTVE/transcriptions/speaker048/speaker048_0004.txt,5,utf-8
5175,LIP-RTVE,speaker048_0005,392,../data/LIP-RTVE/WAVs/speaker048/speaker048_0005.wav,../data/LIP-RTVE/ROIs/speaker048/speaker048_0005.npz,../data/LIP-RTVE/transcriptions/speaker048/speaker048_0005.txt,5,utf-8
5176,LIP-RTVE,speaker048_0006,60,../data/LIP-RTVE/WAVs/speaker048/speaker048_0006.wav,../data/LIP-RTVE/ROIs/speaker048/speaker048_0006.npz,../data/LIP-RTVE/transcriptions/speaker048/speaker048_0006.txt,5,utf-8
5177,LIP-RTVE,speaker048_0007,25,../data/LIP-RTVE/WAVs/speaker048/speaker048_0007.wav,../data/LIP-RTVE/ROIs/speaker048/speaker048_0007.npz,../data/LIP-RTVE/transcriptions/speaker048/speaker048_0007.txt,5,utf-8
5178,LIP-RTVE,speaker048_0008,124,../data/LIP-RTVE/WAVs/speaker048/speaker048_0008.wav,../data/LIP-RTVE/ROIs/speaker048/speaker048_0008.npz,../data/LIP-RTVE/transcriptions/speaker048/speaker048_0008.txt,5,utf-8
5179,LIP-RTVE,speaker048_0009,136,../data/LIP-RTVE/WAVs/speaker048/speaker048_0009.wav,../data/LIP-RTVE/ROIs/speaker048/speaker048_0009.npz,../data/LIP-RTVE/transcriptions/speaker048/speaker048_0009.txt,5,utf-8
5180,LIP-RTVE,speaker048_0011,67,../data/LIP-RTVE/WAVs/speaker048/speaker048_0011.wav,../data/LIP-RTVE/ROIs/speaker048/speaker048_0011.npz,../data/LIP-RTVE/transcriptions/speaker048/speaker048_0011.txt,5,utf-8
5181,LIP-RTVE,speaker048_0012,27,../data/LIP-RTVE/WAVs/speaker048/speaker048_0012.wav,../data/LIP-RTVE/ROIs/speaker048/speaker048_0012.npz,../data/LIP-RTVE/transcriptions/speaker048/speaker048_0012.txt,5,utf-8
5182,LIP-RTVE,speaker048_0016,31,../data/LIP-RTVE/WAVs/speaker048/speaker048_0016.wav,../data/LIP-RTVE/ROIs/speaker048/speaker048_0016.npz,../data/LIP-RTVE/transcriptions/speaker048/speaker048_0016.txt,5,utf-8
5183,LIP-RTVE,speaker048_0017,68,../data/LIP-RTVE/WAVs/speaker048/speaker048_0017.wav,../data/LIP-RTVE/ROIs/speaker048/speaker048_0017.npz,../data/LIP-RTVE/transcriptions/speaker048/speaker048_0017.txt,5,utf-8
5184,LIP-RTVE,speaker048_0019,33,../data/LIP-RTVE/WAVs/speaker048/speaker048_0019.wav,../data/LIP-RTVE/ROIs/speaker048/speaker048_0019.npz,../data/LIP-RTVE/transcriptions/speaker048/speaker048_0019.txt,5,utf-8
5185,LIP-RTVE,speaker048_0020,61,../data/LIP-RTVE/WAVs/speaker048/speaker048_0020.wav,../data/LIP-RTVE/ROIs/speaker048/speaker048_0020.npz,../data/LIP-RTVE/transcriptions/speaker048/speaker048_0020.txt,5,utf-8
5186,LIP-RTVE,speaker048_0021,35,../data/LIP-RTVE/WAVs/speaker048/speaker048_0021.wav,../data/LIP-RTVE/ROIs/speaker048/speaker048_0021.npz,../data/LIP-RTVE/transcriptions/speaker048/speaker048_0021.txt,5,utf-8
5187,LIP-RTVE,speaker048_0022,70,../data/LIP-RTVE/WAVs/speaker048/speaker048_0022.wav,../data/LIP-RTVE/ROIs/speaker048/speaker048_0022.npz,../data/LIP-RTVE/transcriptions/speaker048/speaker048_0022.txt,5,utf-8
5188,LIP-RTVE,speaker048_0023,107,../data/LIP-RTVE/WAVs/speaker048/speaker048_0023.wav,../data/LIP-RTVE/ROIs/speaker048/speaker048_0023.npz,../data/LIP-RTVE/transcriptions/speaker048/speaker048_0023.txt,5,utf-8
5189,LIP-RTVE,speaker048_0024,37,../data/LIP-RTVE/WAVs/speaker048/speaker048_0024.wav,../data/LIP-RTVE/ROIs/speaker048/speaker048_0024.npz,../data/LIP-RTVE/transcriptions/speaker048/speaker048_0024.txt,5,utf-8
5190,LIP-RTVE,speaker048_0025,81,../data/LIP-RTVE/WAVs/speaker048/speaker048_0025.wav,../data/LIP-RTVE/ROIs/speaker048/speaker048_0025.npz,../data/LIP-RTVE/transcriptions/speaker048/speaker048_0025.txt,5,utf-8
5191,LIP-RTVE,speaker048_0028,27,../data/LIP-RTVE/WAVs/speaker048/speaker048_0028.wav,../data/LIP-RTVE/ROIs/speaker048/speaker048_0028.npz,../data/LIP-RTVE/transcriptions/speaker048/speaker048_0028.txt,5,utf-8
5192,LIP-RTVE,speaker048_0029,27,../data/LIP-RTVE/WAVs/speaker048/speaker048_0029.wav,../data/LIP-RTVE/ROIs/speaker048/speaker048_0029.npz,../data/LIP-RTVE/transcriptions/speaker048/speaker048_0029.txt,5,utf-8
5193,LIP-RTVE,speaker048_0031,50,../data/LIP-RTVE/WAVs/speaker048/speaker048_0031.wav,../data/LIP-RTVE/ROIs/speaker048/speaker048_0031.npz,../data/LIP-RTVE/transcriptions/speaker048/speaker048_0031.txt,5,utf-8
5194,LIP-RTVE,speaker048_0032,154,../data/LIP-RTVE/WAVs/speaker048/speaker048_0032.wav,../data/LIP-RTVE/ROIs/speaker048/speaker048_0032.npz,../data/LIP-RTVE/transcriptions/speaker048/speaker048_0032.txt,5,utf-8
5195,LIP-RTVE,speaker048_0036,54,../data/LIP-RTVE/WAVs/speaker048/speaker048_0036.wav,../data/LIP-RTVE/ROIs/speaker048/speaker048_0036.npz,../data/LIP-RTVE/transcriptions/speaker048/speaker048_0036.txt,5,utf-8
5196,LIP-RTVE,speaker048_0037,142,../data/LIP-RTVE/WAVs/speaker048/speaker048_0037.wav,../data/LIP-RTVE/ROIs/speaker048/speaker048_0037.npz,../data/LIP-RTVE/transcriptions/speaker048/speaker048_0037.txt,5,utf-8
5197,LIP-RTVE,speaker048_0039,139,../data/LIP-RTVE/WAVs/speaker048/speaker048_0039.wav,../data/LIP-RTVE/ROIs/speaker048/speaker048_0039.npz,../data/LIP-RTVE/transcriptions/speaker048/speaker048_0039.txt,5,utf-8
5198,LIP-RTVE,speaker048_0040,64,../data/LIP-RTVE/WAVs/speaker048/speaker048_0040.wav,../data/LIP-RTVE/ROIs/speaker048/speaker048_0040.npz,../data/LIP-RTVE/transcriptions/speaker048/speaker048_0040.txt,5,utf-8
5199,LIP-RTVE,speaker048_0041,107,../data/LIP-RTVE/WAVs/speaker048/speaker048_0041.wav,../data/LIP-RTVE/ROIs/speaker048/speaker048_0041.npz,../data/LIP-RTVE/transcriptions/speaker048/speaker048_0041.txt,5,utf-8
5200,LIP-RTVE,speaker048_0042,156,../data/LIP-RTVE/WAVs/speaker048/speaker048_0042.wav,../data/LIP-RTVE/ROIs/speaker048/speaker048_0042.npz,../data/LIP-RTVE/transcriptions/speaker048/speaker048_0042.txt,5,utf-8
5201,LIP-RTVE,speaker048_0043,214,../data/LIP-RTVE/WAVs/speaker048/speaker048_0043.wav,../data/LIP-RTVE/ROIs/speaker048/speaker048_0043.npz,../data/LIP-RTVE/transcriptions/speaker048/speaker048_0043.txt,5,utf-8
5202,LIP-RTVE,speaker049_0000,57,../data/LIP-RTVE/WAVs/speaker049/speaker049_0000.wav,../data/LIP-RTVE/ROIs/speaker049/speaker049_0000.npz,../data/LIP-RTVE/transcriptions/speaker049/speaker049_0000.txt,5,utf-8
5203,LIP-RTVE,speaker049_0001,37,../data/LIP-RTVE/WAVs/speaker049/speaker049_0001.wav,../data/LIP-RTVE/ROIs/speaker049/speaker049_0001.npz,../data/LIP-RTVE/transcriptions/speaker049/speaker049_0001.txt,5,utf-8
5204,LIP-RTVE,speaker049_0003,70,../data/LIP-RTVE/WAVs/speaker049/speaker049_0003.wav,../data/LIP-RTVE/ROIs/speaker049/speaker049_0003.npz,../data/LIP-RTVE/transcriptions/speaker049/speaker049_0003.txt,5,utf-8
5205,LIP-RTVE,speaker049_0004,203,../data/LIP-RTVE/WAVs/speaker049/speaker049_0004.wav,../data/LIP-RTVE/ROIs/speaker049/speaker049_0004.npz,../data/LIP-RTVE/transcriptions/speaker049/speaker049_0004.txt,5,utf-8
5206,LIP-RTVE,speaker049_0005,273,../data/LIP-RTVE/WAVs/speaker049/speaker049_0005.wav,../data/LIP-RTVE/ROIs/speaker049/speaker049_0005.npz,../data/LIP-RTVE/transcriptions/speaker049/speaker049_0005.txt,5,utf-8
5207,LIP-RTVE,speaker049_0006,255,../data/LIP-RTVE/WAVs/speaker049/speaker049_0006.wav,../data/LIP-RTVE/ROIs/speaker049/speaker049_0006.npz,../data/LIP-RTVE/transcriptions/speaker049/speaker049_0006.txt,5,utf-8
5208,LIP-RTVE,speaker049_0007,163,../data/LIP-RTVE/WAVs/speaker049/speaker049_0007.wav,../data/LIP-RTVE/ROIs/speaker049/speaker049_0007.npz,../data/LIP-RTVE/transcriptions/speaker049/speaker049_0007.txt,5,utf-8
5209,LIP-RTVE,speaker049_0008,36,../data/LIP-RTVE/WAVs/speaker049/speaker049_0008.wav,../data/LIP-RTVE/ROIs/speaker049/speaker049_0008.npz,../data/LIP-RTVE/transcriptions/speaker049/speaker049_0008.txt,5,utf-8
5210,LIP-RTVE,speaker049_0009,31,../data/LIP-RTVE/WAVs/speaker049/speaker049_0009.wav,../data/LIP-RTVE/ROIs/speaker049/speaker049_0009.npz,../data/LIP-RTVE/transcriptions/speaker049/speaker049_0009.txt,5,utf-8
5211,LIP-RTVE,speaker049_0010,51,../data/LIP-RTVE/WAVs/speaker049/speaker049_0010.wav,../data/LIP-RTVE/ROIs/speaker049/speaker049_0010.npz,../data/LIP-RTVE/transcriptions/speaker049/speaker049_0010.txt,5,utf-8
5212,LIP-RTVE,speaker049_0012,83,../data/LIP-RTVE/WAVs/speaker049/speaker049_0012.wav,../data/LIP-RTVE/ROIs/speaker049/speaker049_0012.npz,../data/LIP-RTVE/transcriptions/speaker049/speaker049_0012.txt,5,utf-8
5213,LIP-RTVE,speaker049_0013,54,../data/LIP-RTVE/WAVs/speaker049/speaker049_0013.wav,../data/LIP-RTVE/ROIs/speaker049/speaker049_0013.npz,../data/LIP-RTVE/transcriptions/speaker049/speaker049_0013.txt,5,utf-8
5214,LIP-RTVE,speaker049_0014,26,../data/LIP-RTVE/WAVs/speaker049/speaker049_0014.wav,../data/LIP-RTVE/ROIs/speaker049/speaker049_0014.npz,../data/LIP-RTVE/transcriptions/speaker049/speaker049_0014.txt,5,utf-8
5215,LIP-RTVE,speaker049_0015,100,../data/LIP-RTVE/WAVs/speaker049/speaker049_0015.wav,../data/LIP-RTVE/ROIs/speaker049/speaker049_0015.npz,../data/LIP-RTVE/transcriptions/speaker049/speaker049_0015.txt,5,utf-8
5216,LIP-RTVE,speaker049_0016,75,../data/LIP-RTVE/WAVs/speaker049/speaker049_0016.wav,../data/LIP-RTVE/ROIs/speaker049/speaker049_0016.npz,../data/LIP-RTVE/transcriptions/speaker049/speaker049_0016.txt,5,utf-8
5217,LIP-RTVE,speaker049_0017,31,../data/LIP-RTVE/WAVs/speaker049/speaker049_0017.wav,../data/LIP-RTVE/ROIs/speaker049/speaker049_0017.npz,../data/LIP-RTVE/transcriptions/speaker049/speaker049_0017.txt,5,utf-8
5218,LIP-RTVE,speaker049_0019,47,../data/LIP-RTVE/WAVs/speaker049/speaker049_0019.wav,../data/LIP-RTVE/ROIs/speaker049/speaker049_0019.npz,../data/LIP-RTVE/transcriptions/speaker049/speaker049_0019.txt,5,utf-8
5219,LIP-RTVE,speaker049_0021,41,../data/LIP-RTVE/WAVs/speaker049/speaker049_0021.wav,../data/LIP-RTVE/ROIs/speaker049/speaker049_0021.npz,../data/LIP-RTVE/transcriptions/speaker049/speaker049_0021.txt,5,utf-8
5220,LIP-RTVE,speaker049_0024,49,../data/LIP-RTVE/WAVs/speaker049/speaker049_0024.wav,../data/LIP-RTVE/ROIs/speaker049/speaker049_0024.npz,../data/LIP-RTVE/transcriptions/speaker049/speaker049_0024.txt,5,utf-8
5221,LIP-RTVE,speaker049_0026,80,../data/LIP-RTVE/WAVs/speaker049/speaker049_0026.wav,../data/LIP-RTVE/ROIs/speaker049/speaker049_0026.npz,../data/LIP-RTVE/transcriptions/speaker049/speaker049_0026.txt,5,utf-8
5222,LIP-RTVE,speaker049_0028,155,../data/LIP-RTVE/WAVs/speaker049/speaker049_0028.wav,../data/LIP-RTVE/ROIs/speaker049/speaker049_0028.npz,../data/LIP-RTVE/transcriptions/speaker049/speaker049_0028.txt,5,utf-8
5223,LIP-RTVE,speaker049_0029,46,../data/LIP-RTVE/WAVs/speaker049/speaker049_0029.wav,../data/LIP-RTVE/ROIs/speaker049/speaker049_0029.npz,../data/LIP-RTVE/transcriptions/speaker049/speaker049_0029.txt,5,utf-8
5224,LIP-RTVE,speaker049_0031,115,../data/LIP-RTVE/WAVs/speaker049/speaker049_0031.wav,../data/LIP-RTVE/ROIs/speaker049/speaker049_0031.npz,../data/LIP-RTVE/transcriptions/speaker049/speaker049_0031.txt,5,utf-8
5225,LIP-RTVE,speaker049_0032,79,../data/LIP-RTVE/WAVs/speaker049/speaker049_0032.wav,../data/LIP-RTVE/ROIs/speaker049/speaker049_0032.npz,../data/LIP-RTVE/transcriptions/speaker049/speaker049_0032.txt,5,utf-8
5226,LIP-RTVE,speaker049_0033,43,../data/LIP-RTVE/WAVs/speaker049/speaker049_0033.wav,../data/LIP-RTVE/ROIs/speaker049/speaker049_0033.npz,../data/LIP-RTVE/transcriptions/speaker049/speaker049_0033.txt,5,utf-8
5227,LIP-RTVE,speaker049_0035,98,../data/LIP-RTVE/WAVs/speaker049/speaker049_0035.wav,../data/LIP-RTVE/ROIs/speaker049/speaker049_0035.npz,../data/LIP-RTVE/transcriptions/speaker049/speaker049_0035.txt,5,utf-8
5228,LIP-RTVE,speaker049_0036,162,../data/LIP-RTVE/WAVs/speaker049/speaker049_0036.wav,../data/LIP-RTVE/ROIs/speaker049/speaker049_0036.npz,../data/LIP-RTVE/transcriptions/speaker049/speaker049_0036.txt,5,utf-8
5229,LIP-RTVE,speaker049_0037,30,../data/LIP-RTVE/WAVs/speaker049/speaker049_0037.wav,../data/LIP-RTVE/ROIs/speaker049/speaker049_0037.npz,../data/LIP-RTVE/transcriptions/speaker049/speaker049_0037.txt,5,utf-8
5230,LIP-RTVE,speaker049_0039,47,../data/LIP-RTVE/WAVs/speaker049/speaker049_0039.wav,../data/LIP-RTVE/ROIs/speaker049/speaker049_0039.npz,../data/LIP-RTVE/transcriptions/speaker049/speaker049_0039.txt,5,utf-8
5231,LIP-RTVE,speaker049_0040,103,../data/LIP-RTVE/WAVs/speaker049/speaker049_0040.wav,../data/LIP-RTVE/ROIs/speaker049/speaker049_0040.npz,../data/LIP-RTVE/transcriptions/speaker049/speaker049_0040.txt,5,utf-8
5232,LIP-RTVE,speaker049_0041,54,../data/LIP-RTVE/WAVs/speaker049/speaker049_0041.wav,../data/LIP-RTVE/ROIs/speaker049/speaker049_0041.npz,../data/LIP-RTVE/transcriptions/speaker049/speaker049_0041.txt,5,utf-8
5233,LIP-RTVE,speaker049_0042,114,../data/LIP-RTVE/WAVs/speaker049/speaker049_0042.wav,../data/LIP-RTVE/ROIs/speaker049/speaker049_0042.npz,../data/LIP-RTVE/transcriptions/speaker049/speaker049_0042.txt,5,utf-8
5234,LIP-RTVE,speaker049_0046,57,../data/LIP-RTVE/WAVs/speaker049/speaker049_0046.wav,../data/LIP-RTVE/ROIs/speaker049/speaker049_0046.npz,../data/LIP-RTVE/transcriptions/speaker049/speaker049_0046.txt,5,utf-8
5235,LIP-RTVE,speaker049_0047,81,../data/LIP-RTVE/WAVs/speaker049/speaker049_0047.wav,../data/LIP-RTVE/ROIs/speaker049/speaker049_0047.npz,../data/LIP-RTVE/transcriptions/speaker049/speaker049_0047.txt,5,utf-8
5236,LIP-RTVE,speaker049_0048,39,../data/LIP-RTVE/WAVs/speaker049/speaker049_0048.wav,../data/LIP-RTVE/ROIs/speaker049/speaker049_0048.npz,../data/LIP-RTVE/transcriptions/speaker049/speaker049_0048.txt,5,utf-8
5237,LIP-RTVE,speaker049_0049,72,../data/LIP-RTVE/WAVs/speaker049/speaker049_0049.wav,../data/LIP-RTVE/ROIs/speaker049/speaker049_0049.npz,../data/LIP-RTVE/transcriptions/speaker049/speaker049_0049.txt,5,utf-8
5238,LIP-RTVE,speaker049_0050,118,../data/LIP-RTVE/WAVs/speaker049/speaker049_0050.wav,../data/LIP-RTVE/ROIs/speaker049/speaker049_0050.npz,../data/LIP-RTVE/transcriptions/speaker049/speaker049_0050.txt,5,utf-8
5239,LIP-RTVE,speaker049_0051,47,../data/LIP-RTVE/WAVs/speaker049/speaker049_0051.wav,../data/LIP-RTVE/ROIs/speaker049/speaker049_0051.npz,../data/LIP-RTVE/transcriptions/speaker049/speaker049_0051.txt,5,utf-8
5240,LIP-RTVE,speaker049_0052,103,../data/LIP-RTVE/WAVs/speaker049/speaker049_0052.wav,../data/LIP-RTVE/ROIs/speaker049/speaker049_0052.npz,../data/LIP-RTVE/transcriptions/speaker049/speaker049_0052.txt,5,utf-8
5241,LIP-RTVE,speaker049_0053,80,../data/LIP-RTVE/WAVs/speaker049/speaker049_0053.wav,../data/LIP-RTVE/ROIs/speaker049/speaker049_0053.npz,../data/LIP-RTVE/transcriptions/speaker049/speaker049_0053.txt,5,utf-8
5242,LIP-RTVE,speaker049_0054,109,../data/LIP-RTVE/WAVs/speaker049/speaker049_0054.wav,../data/LIP-RTVE/ROIs/speaker049/speaker049_0054.npz,../data/LIP-RTVE/transcriptions/speaker049/speaker049_0054.txt,5,utf-8
5243,LIP-RTVE,speaker049_0057,67,../data/LIP-RTVE/WAVs/speaker049/speaker049_0057.wav,../data/LIP-RTVE/ROIs/speaker049/speaker049_0057.npz,../data/LIP-RTVE/transcriptions/speaker049/speaker049_0057.txt,5,utf-8
5244,LIP-RTVE,speaker049_0058,110,../data/LIP-RTVE/WAVs/speaker049/speaker049_0058.wav,../data/LIP-RTVE/ROIs/speaker049/speaker049_0058.npz,../data/LIP-RTVE/transcriptions/speaker049/speaker049_0058.txt,5,utf-8
5245,LIP-RTVE,speaker049_0062,56,../data/LIP-RTVE/WAVs/speaker049/speaker049_0062.wav,../data/LIP-RTVE/ROIs/speaker049/speaker049_0062.npz,../data/LIP-RTVE/transcriptions/speaker049/speaker049_0062.txt,5,utf-8
5246,LIP-RTVE,speaker049_0063,103,../data/LIP-RTVE/WAVs/speaker049/speaker049_0063.wav,../data/LIP-RTVE/ROIs/speaker049/speaker049_0063.npz,../data/LIP-RTVE/transcriptions/speaker049/speaker049_0063.txt,5,utf-8
5247,LIP-RTVE,speaker049_0064,48,../data/LIP-RTVE/WAVs/speaker049/speaker049_0064.wav,../data/LIP-RTVE/ROIs/speaker049/speaker049_0064.npz,../data/LIP-RTVE/transcriptions/speaker049/speaker049_0064.txt,5,utf-8
5248,LIP-RTVE,speaker049_0065,49,../data/LIP-RTVE/WAVs/speaker049/speaker049_0065.wav,../data/LIP-RTVE/ROIs/speaker049/speaker049_0065.npz,../data/LIP-RTVE/transcriptions/speaker049/speaker049_0065.txt,5,utf-8
5249,LIP-RTVE,speaker049_0066,88,../data/LIP-RTVE/WAVs/speaker049/speaker049_0066.wav,../data/LIP-RTVE/ROIs/speaker049/speaker049_0066.npz,../data/LIP-RTVE/transcriptions/speaker049/speaker049_0066.txt,5,utf-8
5250,LIP-RTVE,speaker049_0067,162,../data/LIP-RTVE/WAVs/speaker049/speaker049_0067.wav,../data/LIP-RTVE/ROIs/speaker049/speaker049_0067.npz,../data/LIP-RTVE/transcriptions/speaker049/speaker049_0067.txt,5,utf-8
5251,LIP-RTVE,speaker049_0068,86,../data/LIP-RTVE/WAVs/speaker049/speaker049_0068.wav,../data/LIP-RTVE/ROIs/speaker049/speaker049_0068.npz,../data/LIP-RTVE/transcriptions/speaker049/speaker049_0068.txt,5,utf-8
5252,LIP-RTVE,speaker049_0069,102,../data/LIP-RTVE/WAVs/speaker049/speaker049_0069.wav,../data/LIP-RTVE/ROIs/speaker049/speaker049_0069.npz,../data/LIP-RTVE/transcriptions/speaker049/speaker049_0069.txt,5,utf-8
5253,LIP-RTVE,speaker049_0071,92,../data/LIP-RTVE/WAVs/speaker049/speaker049_0071.wav,../data/LIP-RTVE/ROIs/speaker049/speaker049_0071.npz,../data/LIP-RTVE/transcriptions/speaker049/speaker049_0071.txt,5,utf-8
5254,LIP-RTVE,speaker049_0073,48,../data/LIP-RTVE/WAVs/speaker049/speaker049_0073.wav,../data/LIP-RTVE/ROIs/speaker049/speaker049_0073.npz,../data/LIP-RTVE/transcriptions/speaker049/speaker049_0073.txt,5,utf-8
5255,LIP-RTVE,speaker049_0074,168,../data/LIP-RTVE/WAVs/speaker049/speaker049_0074.wav,../data/LIP-RTVE/ROIs/speaker049/speaker049_0074.npz,../data/LIP-RTVE/transcriptions/speaker049/speaker049_0074.txt,5,utf-8
5256,LIP-RTVE,speaker049_0076,91,../data/LIP-RTVE/WAVs/speaker049/speaker049_0076.wav,../data/LIP-RTVE/ROIs/speaker049/speaker049_0076.npz,../data/LIP-RTVE/transcriptions/speaker049/speaker049_0076.txt,5,utf-8
5257,LIP-RTVE,speaker049_0078,200,../data/LIP-RTVE/WAVs/speaker049/speaker049_0078.wav,../data/LIP-RTVE/ROIs/speaker049/speaker049_0078.npz,../data/LIP-RTVE/transcriptions/speaker049/speaker049_0078.txt,5,utf-8
5258,LIP-RTVE,speaker050_0002,59,../data/LIP-RTVE/WAVs/speaker050/speaker050_0002.wav,../data/LIP-RTVE/ROIs/speaker050/speaker050_0002.npz,../data/LIP-RTVE/transcriptions/speaker050/speaker050_0002.txt,5,utf-8
5259,LIP-RTVE,speaker050_0003,96,../data/LIP-RTVE/WAVs/speaker050/speaker050_0003.wav,../data/LIP-RTVE/ROIs/speaker050/speaker050_0003.npz,../data/LIP-RTVE/transcriptions/speaker050/speaker050_0003.txt,5,utf-8
5260,LIP-RTVE,speaker050_0006,112,../data/LIP-RTVE/WAVs/speaker050/speaker050_0006.wav,../data/LIP-RTVE/ROIs/speaker050/speaker050_0006.npz,../data/LIP-RTVE/transcriptions/speaker050/speaker050_0006.txt,5,utf-8
5261,LIP-RTVE,speaker050_0007,101,../data/LIP-RTVE/WAVs/speaker050/speaker050_0007.wav,../data/LIP-RTVE/ROIs/speaker050/speaker050_0007.npz,../data/LIP-RTVE/transcriptions/speaker050/speaker050_0007.txt,5,utf-8
5262,LIP-RTVE,speaker050_0008,74,../data/LIP-RTVE/WAVs/speaker050/speaker050_0008.wav,../data/LIP-RTVE/ROIs/speaker050/speaker050_0008.npz,../data/LIP-RTVE/transcriptions/speaker050/speaker050_0008.txt,5,utf-8
5263,LIP-RTVE,speaker050_0009,71,../data/LIP-RTVE/WAVs/speaker050/speaker050_0009.wav,../data/LIP-RTVE/ROIs/speaker050/speaker050_0009.npz,../data/LIP-RTVE/transcriptions/speaker050/speaker050_0009.txt,5,utf-8
5264,LIP-RTVE,speaker050_0011,34,../data/LIP-RTVE/WAVs/speaker050/speaker050_0011.wav,../data/LIP-RTVE/ROIs/speaker050/speaker050_0011.npz,../data/LIP-RTVE/transcriptions/speaker050/speaker050_0011.txt,5,utf-8
5265,LIP-RTVE,speaker050_0012,175,../data/LIP-RTVE/WAVs/speaker050/speaker050_0012.wav,../data/LIP-RTVE/ROIs/speaker050/speaker050_0012.npz,../data/LIP-RTVE/transcriptions/speaker050/speaker050_0012.txt,5,utf-8
5266,LIP-RTVE,speaker050_0014,79,../data/LIP-RTVE/WAVs/speaker050/speaker050_0014.wav,../data/LIP-RTVE/ROIs/speaker050/speaker050_0014.npz,../data/LIP-RTVE/transcriptions/speaker050/speaker050_0014.txt,5,utf-8
5267,LIP-RTVE,speaker050_0015,211,../data/LIP-RTVE/WAVs/speaker050/speaker050_0015.wav,../data/LIP-RTVE/ROIs/speaker050/speaker050_0015.npz,../data/LIP-RTVE/transcriptions/speaker050/speaker050_0015.txt,5,utf-8
5268,LIP-RTVE,speaker050_0016,57,../data/LIP-RTVE/WAVs/speaker050/speaker050_0016.wav,../data/LIP-RTVE/ROIs/speaker050/speaker050_0016.npz,../data/LIP-RTVE/transcriptions/speaker050/speaker050_0016.txt,5,utf-8
5269,LIP-RTVE,speaker050_0017,44,../data/LIP-RTVE/WAVs/speaker050/speaker050_0017.wav,../data/LIP-RTVE/ROIs/speaker050/speaker050_0017.npz,../data/LIP-RTVE/transcriptions/speaker050/speaker050_0017.txt,5,utf-8
5270,LIP-RTVE,speaker050_0021,61,../data/LIP-RTVE/WAVs/speaker050/speaker050_0021.wav,../data/LIP-RTVE/ROIs/speaker050/speaker050_0021.npz,../data/LIP-RTVE/transcriptions/speaker050/speaker050_0021.txt,5,utf-8
5271,LIP-RTVE,speaker050_0022,30,../data/LIP-RTVE/WAVs/speaker050/speaker050_0022.wav,../data/LIP-RTVE/ROIs/speaker050/speaker050_0022.npz,../data/LIP-RTVE/transcriptions/speaker050/speaker050_0022.txt,5,utf-8
5272,LIP-RTVE,speaker050_0023,59,../data/LIP-RTVE/WAVs/speaker050/speaker050_0023.wav,../data/LIP-RTVE/ROIs/speaker050/speaker050_0023.npz,../data/LIP-RTVE/transcriptions/speaker050/speaker050_0023.txt,5,utf-8
5273,LIP-RTVE,speaker050_0024,39,../data/LIP-RTVE/WAVs/speaker050/speaker050_0024.wav,../data/LIP-RTVE/ROIs/speaker050/speaker050_0024.npz,../data/LIP-RTVE/transcriptions/speaker050/speaker050_0024.txt,5,utf-8
5274,LIP-RTVE,speaker050_0027,61,../data/LIP-RTVE/WAVs/speaker050/speaker050_0027.wav,../data/LIP-RTVE/ROIs/speaker050/speaker050_0027.npz,../data/LIP-RTVE/transcriptions/speaker050/speaker050_0027.txt,5,utf-8
5275,LIP-RTVE,speaker050_0028,48,../data/LIP-RTVE/WAVs/speaker050/speaker050_0028.wav,../data/LIP-RTVE/ROIs/speaker050/speaker050_0028.npz,../data/LIP-RTVE/transcriptions/speaker050/speaker050_0028.txt,5,utf-8
5276,LIP-RTVE,speaker050_0029,35,../data/LIP-RTVE/WAVs/speaker050/speaker050_0029.wav,../data/LIP-RTVE/ROIs/speaker050/speaker050_0029.npz,../data/LIP-RTVE/transcriptions/speaker050/speaker050_0029.txt,5,utf-8
5277,LIP-RTVE,speaker050_0030,33,../data/LIP-RTVE/WAVs/speaker050/speaker050_0030.wav,../data/LIP-RTVE/ROIs/speaker050/speaker050_0030.npz,../data/LIP-RTVE/transcriptions/speaker050/speaker050_0030.txt,5,utf-8
5278,LIP-RTVE,speaker050_0031,101,../data/LIP-RTVE/WAVs/speaker050/speaker050_0031.wav,../data/LIP-RTVE/ROIs/speaker050/speaker050_0031.npz,../data/LIP-RTVE/transcriptions/speaker050/speaker050_0031.txt,5,utf-8
5279,LIP-RTVE,speaker050_0034,57,../data/LIP-RTVE/WAVs/speaker050/speaker050_0034.wav,../data/LIP-RTVE/ROIs/speaker050/speaker050_0034.npz,../data/LIP-RTVE/transcriptions/speaker050/speaker050_0034.txt,5,utf-8
5280,LIP-RTVE,speaker050_0036,48,../data/LIP-RTVE/WAVs/speaker050/speaker050_0036.wav,../data/LIP-RTVE/ROIs/speaker050/speaker050_0036.npz,../data/LIP-RTVE/transcriptions/speaker050/speaker050_0036.txt,5,utf-8
5281,LIP-RTVE,speaker050_0037,114,../data/LIP-RTVE/WAVs/speaker050/speaker050_0037.wav,../data/LIP-RTVE/ROIs/speaker050/speaker050_0037.npz,../data/LIP-RTVE/transcriptions/speaker050/speaker050_0037.txt,5,utf-8
5282,LIP-RTVE,speaker050_0038,85,../data/LIP-RTVE/WAVs/speaker050/speaker050_0038.wav,../data/LIP-RTVE/ROIs/speaker050/speaker050_0038.npz,../data/LIP-RTVE/transcriptions/speaker050/speaker050_0038.txt,5,utf-8
5283,LIP-RTVE,speaker050_0039,33,../data/LIP-RTVE/WAVs/speaker050/speaker050_0039.wav,../data/LIP-RTVE/ROIs/speaker050/speaker050_0039.npz,../data/LIP-RTVE/transcriptions/speaker050/speaker050_0039.txt,5,utf-8
5284,LIP-RTVE,speaker050_0040,55,../data/LIP-RTVE/WAVs/speaker050/speaker050_0040.wav,../data/LIP-RTVE/ROIs/speaker050/speaker050_0040.npz,../data/LIP-RTVE/transcriptions/speaker050/speaker050_0040.txt,5,utf-8
5285,LIP-RTVE,speaker050_0042,118,../data/LIP-RTVE/WAVs/speaker050/speaker050_0042.wav,../data/LIP-RTVE/ROIs/speaker050/speaker050_0042.npz,../data/LIP-RTVE/transcriptions/speaker050/speaker050_0042.txt,5,utf-8
5286,LIP-RTVE,speaker050_0043,154,../data/LIP-RTVE/WAVs/speaker050/speaker050_0043.wav,../data/LIP-RTVE/ROIs/speaker050/speaker050_0043.npz,../data/LIP-RTVE/transcriptions/speaker050/speaker050_0043.txt,5,utf-8
5287,LIP-RTVE,speaker050_0044,38,../data/LIP-RTVE/WAVs/speaker050/speaker050_0044.wav,../data/LIP-RTVE/ROIs/speaker050/speaker050_0044.npz,../data/LIP-RTVE/transcriptions/speaker050/speaker050_0044.txt,5,utf-8
5288,LIP-RTVE,speaker050_0045,115,../data/LIP-RTVE/WAVs/speaker050/speaker050_0045.wav,../data/LIP-RTVE/ROIs/speaker050/speaker050_0045.npz,../data/LIP-RTVE/transcriptions/speaker050/speaker050_0045.txt,5,utf-8
5289,LIP-RTVE,speaker050_0046,80,../data/LIP-RTVE/WAVs/speaker050/speaker050_0046.wav,../data/LIP-RTVE/ROIs/speaker050/speaker050_0046.npz,../data/LIP-RTVE/transcriptions/speaker050/speaker050_0046.txt,5,utf-8
5290,LIP-RTVE,speaker050_0047,55,../data/LIP-RTVE/WAVs/speaker050/speaker050_0047.wav,../data/LIP-RTVE/ROIs/speaker050/speaker050_0047.npz,../data/LIP-RTVE/transcriptions/speaker050/speaker050_0047.txt,5,utf-8
5291,LIP-RTVE,speaker050_0048,91,../data/LIP-RTVE/WAVs/speaker050/speaker050_0048.wav,../data/LIP-RTVE/ROIs/speaker050/speaker050_0048.npz,../data/LIP-RTVE/transcriptions/speaker050/speaker050_0048.txt,5,utf-8
5292,LIP-RTVE,speaker050_0052,79,../data/LIP-RTVE/WAVs/speaker050/speaker050_0052.wav,../data/LIP-RTVE/ROIs/speaker050/speaker050_0052.npz,../data/LIP-RTVE/transcriptions/speaker050/speaker050_0052.txt,5,utf-8
5293,LIP-RTVE,speaker050_0053,102,../data/LIP-RTVE/WAVs/speaker050/speaker050_0053.wav,../data/LIP-RTVE/ROIs/speaker050/speaker050_0053.npz,../data/LIP-RTVE/transcriptions/speaker050/speaker050_0053.txt,5,utf-8
5294,LIP-RTVE,speaker050_0054,35,../data/LIP-RTVE/WAVs/speaker050/speaker050_0054.wav,../data/LIP-RTVE/ROIs/speaker050/speaker050_0054.npz,../data/LIP-RTVE/transcriptions/speaker050/speaker050_0054.txt,5,utf-8
5295,LIP-RTVE,speaker050_0055,104,../data/LIP-RTVE/WAVs/speaker050/speaker050_0055.wav,../data/LIP-RTVE/ROIs/speaker050/speaker050_0055.npz,../data/LIP-RTVE/transcriptions/speaker050/speaker050_0055.txt,5,utf-8
5296,LIP-RTVE,speaker050_0057,155,../data/LIP-RTVE/WAVs/speaker050/speaker050_0057.wav,../data/LIP-RTVE/ROIs/speaker050/speaker050_0057.npz,../data/LIP-RTVE/transcriptions/speaker050/speaker050_0057.txt,5,utf-8
5297,LIP-RTVE,speaker050_0058,50,../data/LIP-RTVE/WAVs/speaker050/speaker050_0058.wav,../data/LIP-RTVE/ROIs/speaker050/speaker050_0058.npz,../data/LIP-RTVE/transcriptions/speaker050/speaker050_0058.txt,5,utf-8
5298,LIP-RTVE,speaker050_0059,94,../data/LIP-RTVE/WAVs/speaker050/speaker050_0059.wav,../data/LIP-RTVE/ROIs/speaker050/speaker050_0059.npz,../data/LIP-RTVE/transcriptions/speaker050/speaker050_0059.txt,5,utf-8
5299,LIP-RTVE,speaker050_0060,122,../data/LIP-RTVE/WAVs/speaker050/speaker050_0060.wav,../data/LIP-RTVE/ROIs/speaker050/speaker050_0060.npz,../data/LIP-RTVE/transcriptions/speaker050/speaker050_0060.txt,5,utf-8
5300,LIP-RTVE,speaker050_0061,59,../data/LIP-RTVE/WAVs/speaker050/speaker050_0061.wav,../data/LIP-RTVE/ROIs/speaker050/speaker050_0061.npz,../data/LIP-RTVE/transcriptions/speaker050/speaker050_0061.txt,5,utf-8
5301,LIP-RTVE,speaker050_0062,165,../data/LIP-RTVE/WAVs/speaker050/speaker050_0062.wav,../data/LIP-RTVE/ROIs/speaker050/speaker050_0062.npz,../data/LIP-RTVE/transcriptions/speaker050/speaker050_0062.txt,5,utf-8
5302,LIP-RTVE,speaker050_0065,86,../data/LIP-RTVE/WAVs/speaker050/speaker050_0065.wav,../data/LIP-RTVE/ROIs/speaker050/speaker050_0065.npz,../data/LIP-RTVE/transcriptions/speaker050/speaker050_0065.txt,5,utf-8
5303,LIP-RTVE,speaker050_0067,103,../data/LIP-RTVE/WAVs/speaker050/speaker050_0067.wav,../data/LIP-RTVE/ROIs/speaker050/speaker050_0067.npz,../data/LIP-RTVE/transcriptions/speaker050/speaker050_0067.txt,5,utf-8
5304,LIP-RTVE,speaker050_0068,147,../data/LIP-RTVE/WAVs/speaker050/speaker050_0068.wav,../data/LIP-RTVE/ROIs/speaker050/speaker050_0068.npz,../data/LIP-RTVE/transcriptions/speaker050/speaker050_0068.txt,5,utf-8
5305,LIP-RTVE,speaker050_0070,115,../data/LIP-RTVE/WAVs/speaker050/speaker050_0070.wav,../data/LIP-RTVE/ROIs/speaker050/speaker050_0070.npz,../data/LIP-RTVE/transcriptions/speaker050/speaker050_0070.txt,5,utf-8
5306,LIP-RTVE,speaker050_0072,249,../data/LIP-RTVE/WAVs/speaker050/speaker050_0072.wav,../data/LIP-RTVE/ROIs/speaker050/speaker050_0072.npz,../data/LIP-RTVE/transcriptions/speaker050/speaker050_0072.txt,5,utf-8
5307,LIP-RTVE,speaker050_0074,166,../data/LIP-RTVE/WAVs/speaker050/speaker050_0074.wav,../data/LIP-RTVE/ROIs/speaker050/speaker050_0074.npz,../data/LIP-RTVE/transcriptions/speaker050/speaker050_0074.txt,5,utf-8
5308,LIP-RTVE,speaker050_0075,270,../data/LIP-RTVE/WAVs/speaker050/speaker050_0075.wav,../data/LIP-RTVE/ROIs/speaker050/speaker050_0075.npz,../data/LIP-RTVE/transcriptions/speaker050/speaker050_0075.txt,5,utf-8
5309,LIP-RTVE,speaker050_0077,59,../data/LIP-RTVE/WAVs/speaker050/speaker050_0077.wav,../data/LIP-RTVE/ROIs/speaker050/speaker050_0077.npz,../data/LIP-RTVE/transcriptions/speaker050/speaker050_0077.txt,5,utf-8
5310,LIP-RTVE,speaker050_0078,99,../data/LIP-RTVE/WAVs/speaker050/speaker050_0078.wav,../data/LIP-RTVE/ROIs/speaker050/speaker050_0078.npz,../data/LIP-RTVE/transcriptions/speaker050/speaker050_0078.txt,5,utf-8
5311,LIP-RTVE,speaker050_0079,162,../data/LIP-RTVE/WAVs/speaker050/speaker050_0079.wav,../data/LIP-RTVE/ROIs/speaker050/speaker050_0079.npz,../data/LIP-RTVE/transcriptions/speaker050/speaker050_0079.txt,5,utf-8
5312,LIP-RTVE,speaker050_0080,204,../data/LIP-RTVE/WAVs/speaker050/speaker050_0080.wav,../data/LIP-RTVE/ROIs/speaker050/speaker050_0080.npz,../data/LIP-RTVE/transcriptions/speaker050/speaker050_0080.txt,5,utf-8
5313,LIP-RTVE,speaker050_0081,116,../data/LIP-RTVE/WAVs/speaker050/speaker050_0081.wav,../data/LIP-RTVE/ROIs/speaker050/speaker050_0081.npz,../data/LIP-RTVE/transcriptions/speaker050/speaker050_0081.txt,5,utf-8
5314,LIP-RTVE,speaker050_0082,49,../data/LIP-RTVE/WAVs/speaker050/speaker050_0082.wav,../data/LIP-RTVE/ROIs/speaker050/speaker050_0082.npz,../data/LIP-RTVE/transcriptions/speaker050/speaker050_0082.txt,5,utf-8
5315,LIP-RTVE,speaker050_0083,173,../data/LIP-RTVE/WAVs/speaker050/speaker050_0083.wav,../data/LIP-RTVE/ROIs/speaker050/speaker050_0083.npz,../data/LIP-RTVE/transcriptions/speaker050/speaker050_0083.txt,5,utf-8
5316,LIP-RTVE,speaker050_0085,227,../data/LIP-RTVE/WAVs/speaker050/speaker050_0085.wav,../data/LIP-RTVE/ROIs/speaker050/speaker050_0085.npz,../data/LIP-RTVE/transcriptions/speaker050/speaker050_0085.txt,5,utf-8
5317,LIP-RTVE,speaker050_0086,83,../data/LIP-RTVE/WAVs/speaker050/speaker050_0086.wav,../data/LIP-RTVE/ROIs/speaker050/speaker050_0086.npz,../data/LIP-RTVE/transcriptions/speaker050/speaker050_0086.txt,5,utf-8
5318,LIP-RTVE,speaker051_0001,225,../data/LIP-RTVE/WAVs/speaker051/speaker051_0001.wav,../data/LIP-RTVE/ROIs/speaker051/speaker051_0001.npz,../data/LIP-RTVE/transcriptions/speaker051/speaker051_0001.txt,5,utf-8
5319,LIP-RTVE,speaker051_0002,117,../data/LIP-RTVE/WAVs/speaker051/speaker051_0002.wav,../data/LIP-RTVE/ROIs/speaker051/speaker051_0002.npz,../data/LIP-RTVE/transcriptions/speaker051/speaker051_0002.txt,5,utf-8
5320,LIP-RTVE,speaker051_0003,63,../data/LIP-RTVE/WAVs/speaker051/speaker051_0003.wav,../data/LIP-RTVE/ROIs/speaker051/speaker051_0003.npz,../data/LIP-RTVE/transcriptions/speaker051/speaker051_0003.txt,5,utf-8
5321,LIP-RTVE,speaker051_0004,30,../data/LIP-RTVE/WAVs/speaker051/speaker051_0004.wav,../data/LIP-RTVE/ROIs/speaker051/speaker051_0004.npz,../data/LIP-RTVE/transcriptions/speaker051/speaker051_0004.txt,5,utf-8
5322,LIP-RTVE,speaker051_0005,103,../data/LIP-RTVE/WAVs/speaker051/speaker051_0005.wav,../data/LIP-RTVE/ROIs/speaker051/speaker051_0005.npz,../data/LIP-RTVE/transcriptions/speaker051/speaker051_0005.txt,5,utf-8
5323,LIP-RTVE,speaker051_0006,166,../data/LIP-RTVE/WAVs/speaker051/speaker051_0006.wav,../data/LIP-RTVE/ROIs/speaker051/speaker051_0006.npz,../data/LIP-RTVE/transcriptions/speaker051/speaker051_0006.txt,5,utf-8
5324,LIP-RTVE,speaker051_0009,62,../data/LIP-RTVE/WAVs/speaker051/speaker051_0009.wav,../data/LIP-RTVE/ROIs/speaker051/speaker051_0009.npz,../data/LIP-RTVE/transcriptions/speaker051/speaker051_0009.txt,5,utf-8
5325,LIP-RTVE,speaker051_0011,80,../data/LIP-RTVE/WAVs/speaker051/speaker051_0011.wav,../data/LIP-RTVE/ROIs/speaker051/speaker051_0011.npz,../data/LIP-RTVE/transcriptions/speaker051/speaker051_0011.txt,5,utf-8
5326,LIP-RTVE,speaker051_0012,33,../data/LIP-RTVE/WAVs/speaker051/speaker051_0012.wav,../data/LIP-RTVE/ROIs/speaker051/speaker051_0012.npz,../data/LIP-RTVE/transcriptions/speaker051/speaker051_0012.txt,5,utf-8
5327,LIP-RTVE,speaker051_0013,49,../data/LIP-RTVE/WAVs/speaker051/speaker051_0013.wav,../data/LIP-RTVE/ROIs/speaker051/speaker051_0013.npz,../data/LIP-RTVE/transcriptions/speaker051/speaker051_0013.txt,5,utf-8
5328,LIP-RTVE,speaker051_0014,32,../data/LIP-RTVE/WAVs/speaker051/speaker051_0014.wav,../data/LIP-RTVE/ROIs/speaker051/speaker051_0014.npz,../data/LIP-RTVE/transcriptions/speaker051/speaker051_0014.txt,5,utf-8
5329,LIP-RTVE,speaker051_0015,44,../data/LIP-RTVE/WAVs/speaker051/speaker051_0015.wav,../data/LIP-RTVE/ROIs/speaker051/speaker051_0015.npz,../data/LIP-RTVE/transcriptions/speaker051/speaker051_0015.txt,5,utf-8
5330,LIP-RTVE,speaker051_0017,245,../data/LIP-RTVE/WAVs/speaker051/speaker051_0017.wav,../data/LIP-RTVE/ROIs/speaker051/speaker051_0017.npz,../data/LIP-RTVE/transcriptions/speaker051/speaker051_0017.txt,5,utf-8
5331,LIP-RTVE,speaker051_0019,77,../data/LIP-RTVE/WAVs/speaker051/speaker051_0019.wav,../data/LIP-RTVE/ROIs/speaker051/speaker051_0019.npz,../data/LIP-RTVE/transcriptions/speaker051/speaker051_0019.txt,5,utf-8
5332,LIP-RTVE,speaker051_0020,99,../data/LIP-RTVE/WAVs/speaker051/speaker051_0020.wav,../data/LIP-RTVE/ROIs/speaker051/speaker051_0020.npz,../data/LIP-RTVE/transcriptions/speaker051/speaker051_0020.txt,5,utf-8
5333,LIP-RTVE,speaker051_0025,222,../data/LIP-RTVE/WAVs/speaker051/speaker051_0025.wav,../data/LIP-RTVE/ROIs/speaker051/speaker051_0025.npz,../data/LIP-RTVE/transcriptions/speaker051/speaker051_0025.txt,5,utf-8
5334,LIP-RTVE,speaker051_0026,126,../data/LIP-RTVE/WAVs/speaker051/speaker051_0026.wav,../data/LIP-RTVE/ROIs/speaker051/speaker051_0026.npz,../data/LIP-RTVE/transcriptions/speaker051/speaker051_0026.txt,5,utf-8
5335,LIP-RTVE,speaker051_0027,37,../data/LIP-RTVE/WAVs/speaker051/speaker051_0027.wav,../data/LIP-RTVE/ROIs/speaker051/speaker051_0027.npz,../data/LIP-RTVE/transcriptions/speaker051/speaker051_0027.txt,5,utf-8
5336,LIP-RTVE,speaker051_0030,193,../data/LIP-RTVE/WAVs/speaker051/speaker051_0030.wav,../data/LIP-RTVE/ROIs/speaker051/speaker051_0030.npz,../data/LIP-RTVE/transcriptions/speaker051/speaker051_0030.txt,5,utf-8
5337,LIP-RTVE,speaker051_0031,284,../data/LIP-RTVE/WAVs/speaker051/speaker051_0031.wav,../data/LIP-RTVE/ROIs/speaker051/speaker051_0031.npz,../data/LIP-RTVE/transcriptions/speaker051/speaker051_0031.txt,5,utf-8
5338,LIP-RTVE,speaker051_0032,236,../data/LIP-RTVE/WAVs/speaker051/speaker051_0032.wav,../data/LIP-RTVE/ROIs/speaker051/speaker051_0032.npz,../data/LIP-RTVE/transcriptions/speaker051/speaker051_0032.txt,5,utf-8
5339,LIP-RTVE,speaker051_0033,112,../data/LIP-RTVE/WAVs/speaker051/speaker051_0033.wav,../data/LIP-RTVE/ROIs/speaker051/speaker051_0033.npz,../data/LIP-RTVE/transcriptions/speaker051/speaker051_0033.txt,5,utf-8
5340,LIP-RTVE,speaker051_0034,38,../data/LIP-RTVE/WAVs/speaker051/speaker051_0034.wav,../data/LIP-RTVE/ROIs/speaker051/speaker051_0034.npz,../data/LIP-RTVE/transcriptions/speaker051/speaker051_0034.txt,5,utf-8
5341,LIP-RTVE,speaker051_0035,183,../data/LIP-RTVE/WAVs/speaker051/speaker051_0035.wav,../data/LIP-RTVE/ROIs/speaker051/speaker051_0035.npz,../data/LIP-RTVE/transcriptions/speaker051/speaker051_0035.txt,5,utf-8
5342,LIP-RTVE,speaker051_0036,113,../data/LIP-RTVE/WAVs/speaker051/speaker051_0036.wav,../data/LIP-RTVE/ROIs/speaker051/speaker051_0036.npz,../data/LIP-RTVE/transcriptions/speaker051/speaker051_0036.txt,5,utf-8
5343,LIP-RTVE,speaker051_0037,122,../data/LIP-RTVE/WAVs/speaker051/speaker051_0037.wav,../data/LIP-RTVE/ROIs/speaker051/speaker051_0037.npz,../data/LIP-RTVE/transcriptions/speaker051/speaker051_0037.txt,5,utf-8
5344,LIP-RTVE,speaker051_0038,184,../data/LIP-RTVE/WAVs/speaker051/speaker051_0038.wav,../data/LIP-RTVE/ROIs/speaker051/speaker051_0038.npz,../data/LIP-RTVE/transcriptions/speaker051/speaker051_0038.txt,5,utf-8
5345,LIP-RTVE,speaker051_0040,90,../data/LIP-RTVE/WAVs/speaker051/speaker051_0040.wav,../data/LIP-RTVE/ROIs/speaker051/speaker051_0040.npz,../data/LIP-RTVE/transcriptions/speaker051/speaker051_0040.txt,5,utf-8
5346,LIP-RTVE,speaker051_0042,184,../data/LIP-RTVE/WAVs/speaker051/speaker051_0042.wav,../data/LIP-RTVE/ROIs/speaker051/speaker051_0042.npz,../data/LIP-RTVE/transcriptions/speaker051/speaker051_0042.txt,5,utf-8
5347,LIP-RTVE,speaker051_0043,48,../data/LIP-RTVE/WAVs/speaker051/speaker051_0043.wav,../data/LIP-RTVE/ROIs/speaker051/speaker051_0043.npz,../data/LIP-RTVE/transcriptions/speaker051/speaker051_0043.txt,5,utf-8
5348,LIP-RTVE,speaker051_0044,62,../data/LIP-RTVE/WAVs/speaker051/speaker051_0044.wav,../data/LIP-RTVE/ROIs/speaker051/speaker051_0044.npz,../data/LIP-RTVE/transcriptions/speaker051/speaker051_0044.txt,5,utf-8
5349,LIP-RTVE,speaker051_0046,48,../data/LIP-RTVE/WAVs/speaker051/speaker051_0046.wav,../data/LIP-RTVE/ROIs/speaker051/speaker051_0046.npz,../data/LIP-RTVE/transcriptions/speaker051/speaker051_0046.txt,5,utf-8
5350,LIP-RTVE,speaker051_0049,130,../data/LIP-RTVE/WAVs/speaker051/speaker051_0049.wav,../data/LIP-RTVE/ROIs/speaker051/speaker051_0049.npz,../data/LIP-RTVE/transcriptions/speaker051/speaker051_0049.txt,5,utf-8
5351,LIP-RTVE,speaker051_0051,31,../data/LIP-RTVE/WAVs/speaker051/speaker051_0051.wav,../data/LIP-RTVE/ROIs/speaker051/speaker051_0051.npz,../data/LIP-RTVE/transcriptions/speaker051/speaker051_0051.txt,5,utf-8
5352,LIP-RTVE,speaker051_0052,119,../data/LIP-RTVE/WAVs/speaker051/speaker051_0052.wav,../data/LIP-RTVE/ROIs/speaker051/speaker051_0052.npz,../data/LIP-RTVE/transcriptions/speaker051/speaker051_0052.txt,5,utf-8
5353,LIP-RTVE,speaker051_0053,223,../data/LIP-RTVE/WAVs/speaker051/speaker051_0053.wav,../data/LIP-RTVE/ROIs/speaker051/speaker051_0053.npz,../data/LIP-RTVE/transcriptions/speaker051/speaker051_0053.txt,5,utf-8
5354,LIP-RTVE,speaker051_0054,112,../data/LIP-RTVE/WAVs/speaker051/speaker051_0054.wav,../data/LIP-RTVE/ROIs/speaker051/speaker051_0054.npz,../data/LIP-RTVE/transcriptions/speaker051/speaker051_0054.txt,5,utf-8
5355,LIP-RTVE,speaker051_0056,108,../data/LIP-RTVE/WAVs/speaker051/speaker051_0056.wav,../data/LIP-RTVE/ROIs/speaker051/speaker051_0056.npz,../data/LIP-RTVE/transcriptions/speaker051/speaker051_0056.txt,5,utf-8
5356,LIP-RTVE,speaker051_0058,31,../data/LIP-RTVE/WAVs/speaker051/speaker051_0058.wav,../data/LIP-RTVE/ROIs/speaker051/speaker051_0058.npz,../data/LIP-RTVE/transcriptions/speaker051/speaker051_0058.txt,5,utf-8
5357,LIP-RTVE,speaker051_0059,65,../data/LIP-RTVE/WAVs/speaker051/speaker051_0059.wav,../data/LIP-RTVE/ROIs/speaker051/speaker051_0059.npz,../data/LIP-RTVE/transcriptions/speaker051/speaker051_0059.txt,5,utf-8
5358,LIP-RTVE,speaker051_0060,164,../data/LIP-RTVE/WAVs/speaker051/speaker051_0060.wav,../data/LIP-RTVE/ROIs/speaker051/speaker051_0060.npz,../data/LIP-RTVE/transcriptions/speaker051/speaker051_0060.txt,5,utf-8
5359,LIP-RTVE,speaker051_0061,39,../data/LIP-RTVE/WAVs/speaker051/speaker051_0061.wav,../data/LIP-RTVE/ROIs/speaker051/speaker051_0061.npz,../data/LIP-RTVE/transcriptions/speaker051/speaker051_0061.txt,5,utf-8
5360,LIP-RTVE,speaker051_0062,41,../data/LIP-RTVE/WAVs/speaker051/speaker051_0062.wav,../data/LIP-RTVE/ROIs/speaker051/speaker051_0062.npz,../data/LIP-RTVE/transcriptions/speaker051/speaker051_0062.txt,5,utf-8
5361,LIP-RTVE,speaker051_0064,44,../data/LIP-RTVE/WAVs/speaker051/speaker051_0064.wav,../data/LIP-RTVE/ROIs/speaker051/speaker051_0064.npz,../data/LIP-RTVE/transcriptions/speaker051/speaker051_0064.txt,5,utf-8
5362,LIP-RTVE,speaker051_0065,135,../data/LIP-RTVE/WAVs/speaker051/speaker051_0065.wav,../data/LIP-RTVE/ROIs/speaker051/speaker051_0065.npz,../data/LIP-RTVE/transcriptions/speaker051/speaker051_0065.txt,5,utf-8
5363,LIP-RTVE,speaker051_0066,27,../data/LIP-RTVE/WAVs/speaker051/speaker051_0066.wav,../data/LIP-RTVE/ROIs/speaker051/speaker051_0066.npz,../data/LIP-RTVE/transcriptions/speaker051/speaker051_0066.txt,5,utf-8
5364,LIP-RTVE,speaker051_0067,53,../data/LIP-RTVE/WAVs/speaker051/speaker051_0067.wav,../data/LIP-RTVE/ROIs/speaker051/speaker051_0067.npz,../data/LIP-RTVE/transcriptions/speaker051/speaker051_0067.txt,5,utf-8
5365,LIP-RTVE,speaker051_0069,66,../data/LIP-RTVE/WAVs/speaker051/speaker051_0069.wav,../data/LIP-RTVE/ROIs/speaker051/speaker051_0069.npz,../data/LIP-RTVE/transcriptions/speaker051/speaker051_0069.txt,5,utf-8
5366,LIP-RTVE,speaker051_0071,101,../data/LIP-RTVE/WAVs/speaker051/speaker051_0071.wav,../data/LIP-RTVE/ROIs/speaker051/speaker051_0071.npz,../data/LIP-RTVE/transcriptions/speaker051/speaker051_0071.txt,5,utf-8
5367,LIP-RTVE,speaker051_0072,222,../data/LIP-RTVE/WAVs/speaker051/speaker051_0072.wav,../data/LIP-RTVE/ROIs/speaker051/speaker051_0072.npz,../data/LIP-RTVE/transcriptions/speaker051/speaker051_0072.txt,5,utf-8
5368,LIP-RTVE,speaker051_0073,147,../data/LIP-RTVE/WAVs/speaker051/speaker051_0073.wav,../data/LIP-RTVE/ROIs/speaker051/speaker051_0073.npz,../data/LIP-RTVE/transcriptions/speaker051/speaker051_0073.txt,5,utf-8
5369,LIP-RTVE,speaker051_0075,95,../data/LIP-RTVE/WAVs/speaker051/speaker051_0075.wav,../data/LIP-RTVE/ROIs/speaker051/speaker051_0075.npz,../data/LIP-RTVE/transcriptions/speaker051/speaker051_0075.txt,5,utf-8
5370,LIP-RTVE,speaker051_0076,164,../data/LIP-RTVE/WAVs/speaker051/speaker051_0076.wav,../data/LIP-RTVE/ROIs/speaker051/speaker051_0076.npz,../data/LIP-RTVE/transcriptions/speaker051/speaker051_0076.txt,5,utf-8
5371,LIP-RTVE,speaker051_0078,30,../data/LIP-RTVE/WAVs/speaker051/speaker051_0078.wav,../data/LIP-RTVE/ROIs/speaker051/speaker051_0078.npz,../data/LIP-RTVE/transcriptions/speaker051/speaker051_0078.txt,5,utf-8
5372,LIP-RTVE,speaker051_0080,70,../data/LIP-RTVE/WAVs/speaker051/speaker051_0080.wav,../data/LIP-RTVE/ROIs/speaker051/speaker051_0080.npz,../data/LIP-RTVE/transcriptions/speaker051/speaker051_0080.txt,5,utf-8
5373,LIP-RTVE,speaker051_0081,115,../data/LIP-RTVE/WAVs/speaker051/speaker051_0081.wav,../data/LIP-RTVE/ROIs/speaker051/speaker051_0081.npz,../data/LIP-RTVE/transcriptions/speaker051/speaker051_0081.txt,5,utf-8
5374,LIP-RTVE,speaker051_0082,75,../data/LIP-RTVE/WAVs/speaker051/speaker051_0082.wav,../data/LIP-RTVE/ROIs/speaker051/speaker051_0082.npz,../data/LIP-RTVE/transcriptions/speaker051/speaker051_0082.txt,5,utf-8
5375,LIP-RTVE,speaker051_0083,244,../data/LIP-RTVE/WAVs/speaker051/speaker051_0083.wav,../data/LIP-RTVE/ROIs/speaker051/speaker051_0083.npz,../data/LIP-RTVE/transcriptions/speaker051/speaker051_0083.txt,5,utf-8
5376,LIP-RTVE,speaker051_0084,137,../data/LIP-RTVE/WAVs/speaker051/speaker051_0084.wav,../data/LIP-RTVE/ROIs/speaker051/speaker051_0084.npz,../data/LIP-RTVE/transcriptions/speaker051/speaker051_0084.txt,5,utf-8
5377,LIP-RTVE,speaker051_0085,159,../data/LIP-RTVE/WAVs/speaker051/speaker051_0085.wav,../data/LIP-RTVE/ROIs/speaker051/speaker051_0085.npz,../data/LIP-RTVE/transcriptions/speaker051/speaker051_0085.txt,5,utf-8
5378,LIP-RTVE,speaker051_0088,64,../data/LIP-RTVE/WAVs/speaker051/speaker051_0088.wav,../data/LIP-RTVE/ROIs/speaker051/speaker051_0088.npz,../data/LIP-RTVE/transcriptions/speaker051/speaker051_0088.txt,5,utf-8
5379,LIP-RTVE,speaker051_0089,141,../data/LIP-RTVE/WAVs/speaker051/speaker051_0089.wav,../data/LIP-RTVE/ROIs/speaker051/speaker051_0089.npz,../data/LIP-RTVE/transcriptions/speaker051/speaker051_0089.txt,5,utf-8
5380,LIP-RTVE,speaker051_0092,55,../data/LIP-RTVE/WAVs/speaker051/speaker051_0092.wav,../data/LIP-RTVE/ROIs/speaker051/speaker051_0092.npz,../data/LIP-RTVE/transcriptions/speaker051/speaker051_0092.txt,5,utf-8
5381,LIP-RTVE,speaker051_0093,231,../data/LIP-RTVE/WAVs/speaker051/speaker051_0093.wav,../data/LIP-RTVE/ROIs/speaker051/speaker051_0093.npz,../data/LIP-RTVE/transcriptions/speaker051/speaker051_0093.txt,5,utf-8
5382,LIP-RTVE,speaker051_0094,62,../data/LIP-RTVE/WAVs/speaker051/speaker051_0094.wav,../data/LIP-RTVE/ROIs/speaker051/speaker051_0094.npz,../data/LIP-RTVE/transcriptions/speaker051/speaker051_0094.txt,5,utf-8
5383,LIP-RTVE,speaker051_0096,102,../data/LIP-RTVE/WAVs/speaker051/speaker051_0096.wav,../data/LIP-RTVE/ROIs/speaker051/speaker051_0096.npz,../data/LIP-RTVE/transcriptions/speaker051/speaker051_0096.txt,5,utf-8
5384,LIP-RTVE,speaker051_0097,112,../data/LIP-RTVE/WAVs/speaker051/speaker051_0097.wav,../data/LIP-RTVE/ROIs/speaker051/speaker051_0097.npz,../data/LIP-RTVE/transcriptions/speaker051/speaker051_0097.txt,5,utf-8
5385,LIP-RTVE,speaker051_0098,219,../data/LIP-RTVE/WAVs/speaker051/speaker051_0098.wav,../data/LIP-RTVE/ROIs/speaker051/speaker051_0098.npz,../data/LIP-RTVE/transcriptions/speaker051/speaker051_0098.txt,5,utf-8
5386,LIP-RTVE,speaker051_0100,60,../data/LIP-RTVE/WAVs/speaker051/speaker051_0100.wav,../data/LIP-RTVE/ROIs/speaker051/speaker051_0100.npz,../data/LIP-RTVE/transcriptions/speaker051/speaker051_0100.txt,5,utf-8
5387,LIP-RTVE,speaker051_0101,94,../data/LIP-RTVE/WAVs/speaker051/speaker051_0101.wav,../data/LIP-RTVE/ROIs/speaker051/speaker051_0101.npz,../data/LIP-RTVE/transcriptions/speaker051/speaker051_0101.txt,5,utf-8
5388,LIP-RTVE,speaker051_0102,121,../data/LIP-RTVE/WAVs/speaker051/speaker051_0102.wav,../data/LIP-RTVE/ROIs/speaker051/speaker051_0102.npz,../data/LIP-RTVE/transcriptions/speaker051/speaker051_0102.txt,5,utf-8
5389,LIP-RTVE,speaker051_0103,87,../data/LIP-RTVE/WAVs/speaker051/speaker051_0103.wav,../data/LIP-RTVE/ROIs/speaker051/speaker051_0103.npz,../data/LIP-RTVE/transcriptions/speaker051/speaker051_0103.txt,5,utf-8
5390,LIP-RTVE,speaker051_0104,205,../data/LIP-RTVE/WAVs/speaker051/speaker051_0104.wav,../data/LIP-RTVE/ROIs/speaker051/speaker051_0104.npz,../data/LIP-RTVE/transcriptions/speaker051/speaker051_0104.txt,5,utf-8
5391,LIP-RTVE,speaker051_0105,122,../data/LIP-RTVE/WAVs/speaker051/speaker051_0105.wav,../data/LIP-RTVE/ROIs/speaker051/speaker051_0105.npz,../data/LIP-RTVE/transcriptions/speaker051/speaker051_0105.txt,5,utf-8
5392,LIP-RTVE,speaker051_0106,204,../data/LIP-RTVE/WAVs/speaker051/speaker051_0106.wav,../data/LIP-RTVE/ROIs/speaker051/speaker051_0106.npz,../data/LIP-RTVE/transcriptions/speaker051/speaker051_0106.txt,5,utf-8
5393,LIP-RTVE,speaker051_0108,211,../data/LIP-RTVE/WAVs/speaker051/speaker051_0108.wav,../data/LIP-RTVE/ROIs/speaker051/speaker051_0108.npz,../data/LIP-RTVE/transcriptions/speaker051/speaker051_0108.txt,5,utf-8
5394,LIP-RTVE,speaker051_0109,148,../data/LIP-RTVE/WAVs/speaker051/speaker051_0109.wav,../data/LIP-RTVE/ROIs/speaker051/speaker051_0109.npz,../data/LIP-RTVE/transcriptions/speaker051/speaker051_0109.txt,5,utf-8
5395,LIP-RTVE,speaker051_0111,78,../data/LIP-RTVE/WAVs/speaker051/speaker051_0111.wav,../data/LIP-RTVE/ROIs/speaker051/speaker051_0111.npz,../data/LIP-RTVE/transcriptions/speaker051/speaker051_0111.txt,5,utf-8
5396,LIP-RTVE,speaker051_0113,180,../data/LIP-RTVE/WAVs/speaker051/speaker051_0113.wav,../data/LIP-RTVE/ROIs/speaker051/speaker051_0113.npz,../data/LIP-RTVE/transcriptions/speaker051/speaker051_0113.txt,5,utf-8
5397,LIP-RTVE,speaker051_0117,106,../data/LIP-RTVE/WAVs/speaker051/speaker051_0117.wav,../data/LIP-RTVE/ROIs/speaker051/speaker051_0117.npz,../data/LIP-RTVE/transcriptions/speaker051/speaker051_0117.txt,5,utf-8
5398,LIP-RTVE,speaker051_0118,125,../data/LIP-RTVE/WAVs/speaker051/speaker051_0118.wav,../data/LIP-RTVE/ROIs/speaker051/speaker051_0118.npz,../data/LIP-RTVE/transcriptions/speaker051/speaker051_0118.txt,5,utf-8
5399,LIP-RTVE,speaker051_0119,194,../data/LIP-RTVE/WAVs/speaker051/speaker051_0119.wav,../data/LIP-RTVE/ROIs/speaker051/speaker051_0119.npz,../data/LIP-RTVE/transcriptions/speaker051/speaker051_0119.txt,5,utf-8
5400,LIP-RTVE,speaker051_0121,66,../data/LIP-RTVE/WAVs/speaker051/speaker051_0121.wav,../data/LIP-RTVE/ROIs/speaker051/speaker051_0121.npz,../data/LIP-RTVE/transcriptions/speaker051/speaker051_0121.txt,5,utf-8
5401,LIP-RTVE,speaker051_0122,44,../data/LIP-RTVE/WAVs/speaker051/speaker051_0122.wav,../data/LIP-RTVE/ROIs/speaker051/speaker051_0122.npz,../data/LIP-RTVE/transcriptions/speaker051/speaker051_0122.txt,5,utf-8
5402,LIP-RTVE,speaker051_0123,104,../data/LIP-RTVE/WAVs/speaker051/speaker051_0123.wav,../data/LIP-RTVE/ROIs/speaker051/speaker051_0123.npz,../data/LIP-RTVE/transcriptions/speaker051/speaker051_0123.txt,5,utf-8
5403,LIP-RTVE,speaker051_0124,211,../data/LIP-RTVE/WAVs/speaker051/speaker051_0124.wav,../data/LIP-RTVE/ROIs/speaker051/speaker051_0124.npz,../data/LIP-RTVE/transcriptions/speaker051/speaker051_0124.txt,5,utf-8
5404,LIP-RTVE,speaker051_0125,191,../data/LIP-RTVE/WAVs/speaker051/speaker051_0125.wav,../data/LIP-RTVE/ROIs/speaker051/speaker051_0125.npz,../data/LIP-RTVE/transcriptions/speaker051/speaker051_0125.txt,5,utf-8
5405,LIP-RTVE,speaker051_0126,90,../data/LIP-RTVE/WAVs/speaker051/speaker051_0126.wav,../data/LIP-RTVE/ROIs/speaker051/speaker051_0126.npz,../data/LIP-RTVE/transcriptions/speaker051/speaker051_0126.txt,5,utf-8
5406,LIP-RTVE,speaker051_0127,182,../data/LIP-RTVE/WAVs/speaker051/speaker051_0127.wav,../data/LIP-RTVE/ROIs/speaker051/speaker051_0127.npz,../data/LIP-RTVE/transcriptions/speaker051/speaker051_0127.txt,5,utf-8
5407,LIP-RTVE,speaker051_0129,70,../data/LIP-RTVE/WAVs/speaker051/speaker051_0129.wav,../data/LIP-RTVE/ROIs/speaker051/speaker051_0129.npz,../data/LIP-RTVE/transcriptions/speaker051/speaker051_0129.txt,5,utf-8
5408,LIP-RTVE,speaker052_0002,51,../data/LIP-RTVE/WAVs/speaker052/speaker052_0002.wav,../data/LIP-RTVE/ROIs/speaker052/speaker052_0002.npz,../data/LIP-RTVE/transcriptions/speaker052/speaker052_0002.txt,5,utf-8
5409,LIP-RTVE,speaker052_0003,103,../data/LIP-RTVE/WAVs/speaker052/speaker052_0003.wav,../data/LIP-RTVE/ROIs/speaker052/speaker052_0003.npz,../data/LIP-RTVE/transcriptions/speaker052/speaker052_0003.txt,5,utf-8
5410,LIP-RTVE,speaker052_0004,217,../data/LIP-RTVE/WAVs/speaker052/speaker052_0004.wav,../data/LIP-RTVE/ROIs/speaker052/speaker052_0004.npz,../data/LIP-RTVE/transcriptions/speaker052/speaker052_0004.txt,5,utf-8
5411,LIP-RTVE,speaker052_0005,165,../data/LIP-RTVE/WAVs/speaker052/speaker052_0005.wav,../data/LIP-RTVE/ROIs/speaker052/speaker052_0005.npz,../data/LIP-RTVE/transcriptions/speaker052/speaker052_0005.txt,5,utf-8
5412,LIP-RTVE,speaker052_0007,68,../data/LIP-RTVE/WAVs/speaker052/speaker052_0007.wav,../data/LIP-RTVE/ROIs/speaker052/speaker052_0007.npz,../data/LIP-RTVE/transcriptions/speaker052/speaker052_0007.txt,5,utf-8
5413,LIP-RTVE,speaker052_0009,60,../data/LIP-RTVE/WAVs/speaker052/speaker052_0009.wav,../data/LIP-RTVE/ROIs/speaker052/speaker052_0009.npz,../data/LIP-RTVE/transcriptions/speaker052/speaker052_0009.txt,5,utf-8
5414,LIP-RTVE,speaker052_0010,32,../data/LIP-RTVE/WAVs/speaker052/speaker052_0010.wav,../data/LIP-RTVE/ROIs/speaker052/speaker052_0010.npz,../data/LIP-RTVE/transcriptions/speaker052/speaker052_0010.txt,5,utf-8
5415,LIP-RTVE,speaker052_0011,84,../data/LIP-RTVE/WAVs/speaker052/speaker052_0011.wav,../data/LIP-RTVE/ROIs/speaker052/speaker052_0011.npz,../data/LIP-RTVE/transcriptions/speaker052/speaker052_0011.txt,5,utf-8
5416,LIP-RTVE,speaker052_0012,48,../data/LIP-RTVE/WAVs/speaker052/speaker052_0012.wav,../data/LIP-RTVE/ROIs/speaker052/speaker052_0012.npz,../data/LIP-RTVE/transcriptions/speaker052/speaker052_0012.txt,5,utf-8
5417,LIP-RTVE,speaker052_0013,36,../data/LIP-RTVE/WAVs/speaker052/speaker052_0013.wav,../data/LIP-RTVE/ROIs/speaker052/speaker052_0013.npz,../data/LIP-RTVE/transcriptions/speaker052/speaker052_0013.txt,5,utf-8
5418,LIP-RTVE,speaker052_0014,71,../data/LIP-RTVE/WAVs/speaker052/speaker052_0014.wav,../data/LIP-RTVE/ROIs/speaker052/speaker052_0014.npz,../data/LIP-RTVE/transcriptions/speaker052/speaker052_0014.txt,5,utf-8
5419,LIP-RTVE,speaker052_0016,52,../data/LIP-RTVE/WAVs/speaker052/speaker052_0016.wav,../data/LIP-RTVE/ROIs/speaker052/speaker052_0016.npz,../data/LIP-RTVE/transcriptions/speaker052/speaker052_0016.txt,5,utf-8
5420,LIP-RTVE,speaker052_0017,177,../data/LIP-RTVE/WAVs/speaker052/speaker052_0017.wav,../data/LIP-RTVE/ROIs/speaker052/speaker052_0017.npz,../data/LIP-RTVE/transcriptions/speaker052/speaker052_0017.txt,5,utf-8
5421,LIP-RTVE,speaker052_0019,126,../data/LIP-RTVE/WAVs/speaker052/speaker052_0019.wav,../data/LIP-RTVE/ROIs/speaker052/speaker052_0019.npz,../data/LIP-RTVE/transcriptions/speaker052/speaker052_0019.txt,5,utf-8
5422,LIP-RTVE,speaker052_0020,164,../data/LIP-RTVE/WAVs/speaker052/speaker052_0020.wav,../data/LIP-RTVE/ROIs/speaker052/speaker052_0020.npz,../data/LIP-RTVE/transcriptions/speaker052/speaker052_0020.txt,5,utf-8
5423,LIP-RTVE,speaker052_0021,40,../data/LIP-RTVE/WAVs/speaker052/speaker052_0021.wav,../data/LIP-RTVE/ROIs/speaker052/speaker052_0021.npz,../data/LIP-RTVE/transcriptions/speaker052/speaker052_0021.txt,5,utf-8
5424,LIP-RTVE,speaker052_0022,29,../data/LIP-RTVE/WAVs/speaker052/speaker052_0022.wav,../data/LIP-RTVE/ROIs/speaker052/speaker052_0022.npz,../data/LIP-RTVE/transcriptions/speaker052/speaker052_0022.txt,5,utf-8
5425,LIP-RTVE,speaker052_0024,74,../data/LIP-RTVE/WAVs/speaker052/speaker052_0024.wav,../data/LIP-RTVE/ROIs/speaker052/speaker052_0024.npz,../data/LIP-RTVE/transcriptions/speaker052/speaker052_0024.txt,5,utf-8
5426,LIP-RTVE,speaker052_0026,67,../data/LIP-RTVE/WAVs/speaker052/speaker052_0026.wav,../data/LIP-RTVE/ROIs/speaker052/speaker052_0026.npz,../data/LIP-RTVE/transcriptions/speaker052/speaker052_0026.txt,5,utf-8
5427,LIP-RTVE,speaker052_0027,139,../data/LIP-RTVE/WAVs/speaker052/speaker052_0027.wav,../data/LIP-RTVE/ROIs/speaker052/speaker052_0027.npz,../data/LIP-RTVE/transcriptions/speaker052/speaker052_0027.txt,5,utf-8
5428,LIP-RTVE,speaker052_0029,116,../data/LIP-RTVE/WAVs/speaker052/speaker052_0029.wav,../data/LIP-RTVE/ROIs/speaker052/speaker052_0029.npz,../data/LIP-RTVE/transcriptions/speaker052/speaker052_0029.txt,5,utf-8
5429,LIP-RTVE,speaker052_0030,152,../data/LIP-RTVE/WAVs/speaker052/speaker052_0030.wav,../data/LIP-RTVE/ROIs/speaker052/speaker052_0030.npz,../data/LIP-RTVE/transcriptions/speaker052/speaker052_0030.txt,5,utf-8
5430,LIP-RTVE,speaker053_0000,52,../data/LIP-RTVE/WAVs/speaker053/speaker053_0000.wav,../data/LIP-RTVE/ROIs/speaker053/speaker053_0000.npz,../data/LIP-RTVE/transcriptions/speaker053/speaker053_0000.txt,5,utf-8
5431,LIP-RTVE,speaker053_0002,108,../data/LIP-RTVE/WAVs/speaker053/speaker053_0002.wav,../data/LIP-RTVE/ROIs/speaker053/speaker053_0002.npz,../data/LIP-RTVE/transcriptions/speaker053/speaker053_0002.txt,5,utf-8
5432,LIP-RTVE,speaker053_0003,69,../data/LIP-RTVE/WAVs/speaker053/speaker053_0003.wav,../data/LIP-RTVE/ROIs/speaker053/speaker053_0003.npz,../data/LIP-RTVE/transcriptions/speaker053/speaker053_0003.txt,5,utf-8
5433,LIP-RTVE,speaker053_0004,27,../data/LIP-RTVE/WAVs/speaker053/speaker053_0004.wav,../data/LIP-RTVE/ROIs/speaker053/speaker053_0004.npz,../data/LIP-RTVE/transcriptions/speaker053/speaker053_0004.txt,5,utf-8
5434,LIP-RTVE,speaker053_0005,47,../data/LIP-RTVE/WAVs/speaker053/speaker053_0005.wav,../data/LIP-RTVE/ROIs/speaker053/speaker053_0005.npz,../data/LIP-RTVE/transcriptions/speaker053/speaker053_0005.txt,5,utf-8
5435,LIP-RTVE,speaker054_0000,63,../data/LIP-RTVE/WAVs/speaker054/speaker054_0000.wav,../data/LIP-RTVE/ROIs/speaker054/speaker054_0000.npz,../data/LIP-RTVE/transcriptions/speaker054/speaker054_0000.txt,5,utf-8
5436,LIP-RTVE,speaker054_0001,173,../data/LIP-RTVE/WAVs/speaker054/speaker054_0001.wav,../data/LIP-RTVE/ROIs/speaker054/speaker054_0001.npz,../data/LIP-RTVE/transcriptions/speaker054/speaker054_0001.txt,5,utf-8
5437,LIP-RTVE,speaker054_0002,105,../data/LIP-RTVE/WAVs/speaker054/speaker054_0002.wav,../data/LIP-RTVE/ROIs/speaker054/speaker054_0002.npz,../data/LIP-RTVE/transcriptions/speaker054/speaker054_0002.txt,5,utf-8
5438,LIP-RTVE,speaker054_0004,119,../data/LIP-RTVE/WAVs/speaker054/speaker054_0004.wav,../data/LIP-RTVE/ROIs/speaker054/speaker054_0004.npz,../data/LIP-RTVE/transcriptions/speaker054/speaker054_0004.txt,5,utf-8
5439,LIP-RTVE,speaker054_0005,145,../data/LIP-RTVE/WAVs/speaker054/speaker054_0005.wav,../data/LIP-RTVE/ROIs/speaker054/speaker054_0005.npz,../data/LIP-RTVE/transcriptions/speaker054/speaker054_0005.txt,5,utf-8
5440,LIP-RTVE,speaker054_0007,94,../data/LIP-RTVE/WAVs/speaker054/speaker054_0007.wav,../data/LIP-RTVE/ROIs/speaker054/speaker054_0007.npz,../data/LIP-RTVE/transcriptions/speaker054/speaker054_0007.txt,5,utf-8
5441,LIP-RTVE,speaker054_0008,133,../data/LIP-RTVE/WAVs/speaker054/speaker054_0008.wav,../data/LIP-RTVE/ROIs/speaker054/speaker054_0008.npz,../data/LIP-RTVE/transcriptions/speaker054/speaker054_0008.txt,5,utf-8
5442,LIP-RTVE,speaker054_0009,55,../data/LIP-RTVE/WAVs/speaker054/speaker054_0009.wav,../data/LIP-RTVE/ROIs/speaker054/speaker054_0009.npz,../data/LIP-RTVE/transcriptions/speaker054/speaker054_0009.txt,5,utf-8
5443,LIP-RTVE,speaker054_0011,58,../data/LIP-RTVE/WAVs/speaker054/speaker054_0011.wav,../data/LIP-RTVE/ROIs/speaker054/speaker054_0011.npz,../data/LIP-RTVE/transcriptions/speaker054/speaker054_0011.txt,5,utf-8
5444,LIP-RTVE,speaker054_0012,30,../data/LIP-RTVE/WAVs/speaker054/speaker054_0012.wav,../data/LIP-RTVE/ROIs/speaker054/speaker054_0012.npz,../data/LIP-RTVE/transcriptions/speaker054/speaker054_0012.txt,5,utf-8
5445,LIP-RTVE,speaker054_0013,99,../data/LIP-RTVE/WAVs/speaker054/speaker054_0013.wav,../data/LIP-RTVE/ROIs/speaker054/speaker054_0013.npz,../data/LIP-RTVE/transcriptions/speaker054/speaker054_0013.txt,5,utf-8
5446,LIP-RTVE,speaker054_0015,39,../data/LIP-RTVE/WAVs/speaker054/speaker054_0015.wav,../data/LIP-RTVE/ROIs/speaker054/speaker054_0015.npz,../data/LIP-RTVE/transcriptions/speaker054/speaker054_0015.txt,5,utf-8
5447,LIP-RTVE,speaker054_0016,92,../data/LIP-RTVE/WAVs/speaker054/speaker054_0016.wav,../data/LIP-RTVE/ROIs/speaker054/speaker054_0016.npz,../data/LIP-RTVE/transcriptions/speaker054/speaker054_0016.txt,5,utf-8
5448,LIP-RTVE,speaker054_0017,55,../data/LIP-RTVE/WAVs/speaker054/speaker054_0017.wav,../data/LIP-RTVE/ROIs/speaker054/speaker054_0017.npz,../data/LIP-RTVE/transcriptions/speaker054/speaker054_0017.txt,5,utf-8
5449,LIP-RTVE,speaker054_0018,84,../data/LIP-RTVE/WAVs/speaker054/speaker054_0018.wav,../data/LIP-RTVE/ROIs/speaker054/speaker054_0018.npz,../data/LIP-RTVE/transcriptions/speaker054/speaker054_0018.txt,5,utf-8
5450,LIP-RTVE,speaker054_0019,37,../data/LIP-RTVE/WAVs/speaker054/speaker054_0019.wav,../data/LIP-RTVE/ROIs/speaker054/speaker054_0019.npz,../data/LIP-RTVE/transcriptions/speaker054/speaker054_0019.txt,5,utf-8
5451,LIP-RTVE,speaker054_0020,37,../data/LIP-RTVE/WAVs/speaker054/speaker054_0020.wav,../data/LIP-RTVE/ROIs/speaker054/speaker054_0020.npz,../data/LIP-RTVE/transcriptions/speaker054/speaker054_0020.txt,5,utf-8
5452,LIP-RTVE,speaker054_0022,50,../data/LIP-RTVE/WAVs/speaker054/speaker054_0022.wav,../data/LIP-RTVE/ROIs/speaker054/speaker054_0022.npz,../data/LIP-RTVE/transcriptions/speaker054/speaker054_0022.txt,5,utf-8
5453,LIP-RTVE,speaker054_0023,110,../data/LIP-RTVE/WAVs/speaker054/speaker054_0023.wav,../data/LIP-RTVE/ROIs/speaker054/speaker054_0023.npz,../data/LIP-RTVE/transcriptions/speaker054/speaker054_0023.txt,5,utf-8
5454,LIP-RTVE,speaker055_0000,83,../data/LIP-RTVE/WAVs/speaker055/speaker055_0000.wav,../data/LIP-RTVE/ROIs/speaker055/speaker055_0000.npz,../data/LIP-RTVE/transcriptions/speaker055/speaker055_0000.txt,5,utf-8
5455,LIP-RTVE,speaker055_0001,119,../data/LIP-RTVE/WAVs/speaker055/speaker055_0001.wav,../data/LIP-RTVE/ROIs/speaker055/speaker055_0001.npz,../data/LIP-RTVE/transcriptions/speaker055/speaker055_0001.txt,5,utf-8
5456,LIP-RTVE,speaker055_0002,215,../data/LIP-RTVE/WAVs/speaker055/speaker055_0002.wav,../data/LIP-RTVE/ROIs/speaker055/speaker055_0002.npz,../data/LIP-RTVE/transcriptions/speaker055/speaker055_0002.txt,5,utf-8
5457,LIP-RTVE,speaker055_0004,153,../data/LIP-RTVE/WAVs/speaker055/speaker055_0004.wav,../data/LIP-RTVE/ROIs/speaker055/speaker055_0004.npz,../data/LIP-RTVE/transcriptions/speaker055/speaker055_0004.txt,5,utf-8
5458,LIP-RTVE,speaker055_0005,100,../data/LIP-RTVE/WAVs/speaker055/speaker055_0005.wav,../data/LIP-RTVE/ROIs/speaker055/speaker055_0005.npz,../data/LIP-RTVE/transcriptions/speaker055/speaker055_0005.txt,5,utf-8
5459,LIP-RTVE,speaker055_0006,146,../data/LIP-RTVE/WAVs/speaker055/speaker055_0006.wav,../data/LIP-RTVE/ROIs/speaker055/speaker055_0006.npz,../data/LIP-RTVE/transcriptions/speaker055/speaker055_0006.txt,5,utf-8
5460,LIP-RTVE,speaker055_0007,95,../data/LIP-RTVE/WAVs/speaker055/speaker055_0007.wav,../data/LIP-RTVE/ROIs/speaker055/speaker055_0007.npz,../data/LIP-RTVE/transcriptions/speaker055/speaker055_0007.txt,5,utf-8
5461,LIP-RTVE,speaker055_0008,79,../data/LIP-RTVE/WAVs/speaker055/speaker055_0008.wav,../data/LIP-RTVE/ROIs/speaker055/speaker055_0008.npz,../data/LIP-RTVE/transcriptions/speaker055/speaker055_0008.txt,5,utf-8
5462,LIP-RTVE,speaker055_0009,70,../data/LIP-RTVE/WAVs/speaker055/speaker055_0009.wav,../data/LIP-RTVE/ROIs/speaker055/speaker055_0009.npz,../data/LIP-RTVE/transcriptions/speaker055/speaker055_0009.txt,5,utf-8
5463,LIP-RTVE,speaker055_0012,112,../data/LIP-RTVE/WAVs/speaker055/speaker055_0012.wav,../data/LIP-RTVE/ROIs/speaker055/speaker055_0012.npz,../data/LIP-RTVE/transcriptions/speaker055/speaker055_0012.txt,5,utf-8
5464,LIP-RTVE,speaker055_0013,141,../data/LIP-RTVE/WAVs/speaker055/speaker055_0013.wav,../data/LIP-RTVE/ROIs/speaker055/speaker055_0013.npz,../data/LIP-RTVE/transcriptions/speaker055/speaker055_0013.txt,5,utf-8
5465,LIP-RTVE,speaker055_0014,47,../data/LIP-RTVE/WAVs/speaker055/speaker055_0014.wav,../data/LIP-RTVE/ROIs/speaker055/speaker055_0014.npz,../data/LIP-RTVE/transcriptions/speaker055/speaker055_0014.txt,5,utf-8
5466,LIP-RTVE,speaker055_0015,33,../data/LIP-RTVE/WAVs/speaker055/speaker055_0015.wav,../data/LIP-RTVE/ROIs/speaker055/speaker055_0015.npz,../data/LIP-RTVE/transcriptions/speaker055/speaker055_0015.txt,5,utf-8
5467,LIP-RTVE,speaker055_0017,63,../data/LIP-RTVE/WAVs/speaker055/speaker055_0017.wav,../data/LIP-RTVE/ROIs/speaker055/speaker055_0017.npz,../data/LIP-RTVE/transcriptions/speaker055/speaker055_0017.txt,5,utf-8
5468,LIP-RTVE,speaker055_0018,145,../data/LIP-RTVE/WAVs/speaker055/speaker055_0018.wav,../data/LIP-RTVE/ROIs/speaker055/speaker055_0018.npz,../data/LIP-RTVE/transcriptions/speaker055/speaker055_0018.txt,5,utf-8
5469,LIP-RTVE,speaker055_0020,150,../data/LIP-RTVE/WAVs/speaker055/speaker055_0020.wav,../data/LIP-RTVE/ROIs/speaker055/speaker055_0020.npz,../data/LIP-RTVE/transcriptions/speaker055/speaker055_0020.txt,5,utf-8
5470,LIP-RTVE,speaker055_0022,32,../data/LIP-RTVE/WAVs/speaker055/speaker055_0022.wav,../data/LIP-RTVE/ROIs/speaker055/speaker055_0022.npz,../data/LIP-RTVE/transcriptions/speaker055/speaker055_0022.txt,5,utf-8
5471,LIP-RTVE,speaker055_0023,39,../data/LIP-RTVE/WAVs/speaker055/speaker055_0023.wav,../data/LIP-RTVE/ROIs/speaker055/speaker055_0023.npz,../data/LIP-RTVE/transcriptions/speaker055/speaker055_0023.txt,5,utf-8
5472,LIP-RTVE,speaker055_0024,66,../data/LIP-RTVE/WAVs/speaker055/speaker055_0024.wav,../data/LIP-RTVE/ROIs/speaker055/speaker055_0024.npz,../data/LIP-RTVE/transcriptions/speaker055/speaker055_0024.txt,5,utf-8
5473,LIP-RTVE,speaker055_0026,167,../data/LIP-RTVE/WAVs/speaker055/speaker055_0026.wav,../data/LIP-RTVE/ROIs/speaker055/speaker055_0026.npz,../data/LIP-RTVE/transcriptions/speaker055/speaker055_0026.txt,5,utf-8
5474,LIP-RTVE,speaker055_0027,167,../data/LIP-RTVE/WAVs/speaker055/speaker055_0027.wav,../data/LIP-RTVE/ROIs/speaker055/speaker055_0027.npz,../data/LIP-RTVE/transcriptions/speaker055/speaker055_0027.txt,5,utf-8
5475,LIP-RTVE,speaker055_0028,54,../data/LIP-RTVE/WAVs/speaker055/speaker055_0028.wav,../data/LIP-RTVE/ROIs/speaker055/speaker055_0028.npz,../data/LIP-RTVE/transcriptions/speaker055/speaker055_0028.txt,5,utf-8
5476,LIP-RTVE,speaker055_0029,179,../data/LIP-RTVE/WAVs/speaker055/speaker055_0029.wav,../data/LIP-RTVE/ROIs/speaker055/speaker055_0029.npz,../data/LIP-RTVE/transcriptions/speaker055/speaker055_0029.txt,5,utf-8
5477,LIP-RTVE,speaker055_0032,131,../data/LIP-RTVE/WAVs/speaker055/speaker055_0032.wav,../data/LIP-RTVE/ROIs/speaker055/speaker055_0032.npz,../data/LIP-RTVE/transcriptions/speaker055/speaker055_0032.txt,5,utf-8
5478,LIP-RTVE,speaker055_0033,153,../data/LIP-RTVE/WAVs/speaker055/speaker055_0033.wav,../data/LIP-RTVE/ROIs/speaker055/speaker055_0033.npz,../data/LIP-RTVE/transcriptions/speaker055/speaker055_0033.txt,5,utf-8
5479,LIP-RTVE,speaker055_0036,151,../data/LIP-RTVE/WAVs/speaker055/speaker055_0036.wav,../data/LIP-RTVE/ROIs/speaker055/speaker055_0036.npz,../data/LIP-RTVE/transcriptions/speaker055/speaker055_0036.txt,5,utf-8
5480,LIP-RTVE,speaker055_0037,270,../data/LIP-RTVE/WAVs/speaker055/speaker055_0037.wav,../data/LIP-RTVE/ROIs/speaker055/speaker055_0037.npz,../data/LIP-RTVE/transcriptions/speaker055/speaker055_0037.txt,5,utf-8
5481,LIP-RTVE,speaker055_0038,130,../data/LIP-RTVE/WAVs/speaker055/speaker055_0038.wav,../data/LIP-RTVE/ROIs/speaker055/speaker055_0038.npz,../data/LIP-RTVE/transcriptions/speaker055/speaker055_0038.txt,5,utf-8
5482,LIP-RTVE,speaker055_0042,242,../data/LIP-RTVE/WAVs/speaker055/speaker055_0042.wav,../data/LIP-RTVE/ROIs/speaker055/speaker055_0042.npz,../data/LIP-RTVE/transcriptions/speaker055/speaker055_0042.txt,5,utf-8
5483,LIP-RTVE,speaker055_0044,178,../data/LIP-RTVE/WAVs/speaker055/speaker055_0044.wav,../data/LIP-RTVE/ROIs/speaker055/speaker055_0044.npz,../data/LIP-RTVE/transcriptions/speaker055/speaker055_0044.txt,5,utf-8
5484,LIP-RTVE,speaker055_0045,242,../data/LIP-RTVE/WAVs/speaker055/speaker055_0045.wav,../data/LIP-RTVE/ROIs/speaker055/speaker055_0045.npz,../data/LIP-RTVE/transcriptions/speaker055/speaker055_0045.txt,5,utf-8
5485,LIP-RTVE,speaker055_0046,62,../data/LIP-RTVE/WAVs/speaker055/speaker055_0046.wav,../data/LIP-RTVE/ROIs/speaker055/speaker055_0046.npz,../data/LIP-RTVE/transcriptions/speaker055/speaker055_0046.txt,5,utf-8
5486,LIP-RTVE,speaker056_0000,153,../data/LIP-RTVE/WAVs/speaker056/speaker056_0000.wav,../data/LIP-RTVE/ROIs/speaker056/speaker056_0000.npz,../data/LIP-RTVE/transcriptions/speaker056/speaker056_0000.txt,5,utf-8
5487,LIP-RTVE,speaker056_0001,98,../data/LIP-RTVE/WAVs/speaker056/speaker056_0001.wav,../data/LIP-RTVE/ROIs/speaker056/speaker056_0001.npz,../data/LIP-RTVE/transcriptions/speaker056/speaker056_0001.txt,5,utf-8
5488,LIP-RTVE,speaker056_0002,62,../data/LIP-RTVE/WAVs/speaker056/speaker056_0002.wav,../data/LIP-RTVE/ROIs/speaker056/speaker056_0002.npz,../data/LIP-RTVE/transcriptions/speaker056/speaker056_0002.txt,5,utf-8
5489,LIP-RTVE,speaker056_0006,347,../data/LIP-RTVE/WAVs/speaker056/speaker056_0006.wav,../data/LIP-RTVE/ROIs/speaker056/speaker056_0006.npz,../data/LIP-RTVE/transcriptions/speaker056/speaker056_0006.txt,5,utf-8
5490,LIP-RTVE,speaker056_0007,147,../data/LIP-RTVE/WAVs/speaker056/speaker056_0007.wav,../data/LIP-RTVE/ROIs/speaker056/speaker056_0007.npz,../data/LIP-RTVE/transcriptions/speaker056/speaker056_0007.txt,5,utf-8
5491,LIP-RTVE,speaker056_0008,148,../data/LIP-RTVE/WAVs/speaker056/speaker056_0008.wav,../data/LIP-RTVE/ROIs/speaker056/speaker056_0008.npz,../data/LIP-RTVE/transcriptions/speaker056/speaker056_0008.txt,5,utf-8
5492,LIP-RTVE,speaker056_0009,26,../data/LIP-RTVE/WAVs/speaker056/speaker056_0009.wav,../data/LIP-RTVE/ROIs/speaker056/speaker056_0009.npz,../data/LIP-RTVE/transcriptions/speaker056/speaker056_0009.txt,5,utf-8
5493,LIP-RTVE,speaker056_0010,28,../data/LIP-RTVE/WAVs/speaker056/speaker056_0010.wav,../data/LIP-RTVE/ROIs/speaker056/speaker056_0010.npz,../data/LIP-RTVE/transcriptions/speaker056/speaker056_0010.txt,5,utf-8
5494,LIP-RTVE,speaker056_0011,106,../data/LIP-RTVE/WAVs/speaker056/speaker056_0011.wav,../data/LIP-RTVE/ROIs/speaker056/speaker056_0011.npz,../data/LIP-RTVE/transcriptions/speaker056/speaker056_0011.txt,5,utf-8
5495,LIP-RTVE,speaker056_0012,38,../data/LIP-RTVE/WAVs/speaker056/speaker056_0012.wav,../data/LIP-RTVE/ROIs/speaker056/speaker056_0012.npz,../data/LIP-RTVE/transcriptions/speaker056/speaker056_0012.txt,5,utf-8
5496,LIP-RTVE,speaker056_0013,50,../data/LIP-RTVE/WAVs/speaker056/speaker056_0013.wav,../data/LIP-RTVE/ROIs/speaker056/speaker056_0013.npz,../data/LIP-RTVE/transcriptions/speaker056/speaker056_0013.txt,5,utf-8
5497,LIP-RTVE,speaker056_0014,80,../data/LIP-RTVE/WAVs/speaker056/speaker056_0014.wav,../data/LIP-RTVE/ROIs/speaker056/speaker056_0014.npz,../data/LIP-RTVE/transcriptions/speaker056/speaker056_0014.txt,5,utf-8
5498,LIP-RTVE,speaker056_0015,57,../data/LIP-RTVE/WAVs/speaker056/speaker056_0015.wav,../data/LIP-RTVE/ROIs/speaker056/speaker056_0015.npz,../data/LIP-RTVE/transcriptions/speaker056/speaker056_0015.txt,5,utf-8
5499,LIP-RTVE,speaker056_0016,38,../data/LIP-RTVE/WAVs/speaker056/speaker056_0016.wav,../data/LIP-RTVE/ROIs/speaker056/speaker056_0016.npz,../data/LIP-RTVE/transcriptions/speaker056/speaker056_0016.txt,5,utf-8
5500,LIP-RTVE,speaker056_0017,62,../data/LIP-RTVE/WAVs/speaker056/speaker056_0017.wav,../data/LIP-RTVE/ROIs/speaker056/speaker056_0017.npz,../data/LIP-RTVE/transcriptions/speaker056/speaker056_0017.txt,5,utf-8
5501,LIP-RTVE,speaker056_0018,141,../data/LIP-RTVE/WAVs/speaker056/speaker056_0018.wav,../data/LIP-RTVE/ROIs/speaker056/speaker056_0018.npz,../data/LIP-RTVE/transcriptions/speaker056/speaker056_0018.txt,5,utf-8
5502,LIP-RTVE,speaker056_0019,104,../data/LIP-RTVE/WAVs/speaker056/speaker056_0019.wav,../data/LIP-RTVE/ROIs/speaker056/speaker056_0019.npz,../data/LIP-RTVE/transcriptions/speaker056/speaker056_0019.txt,5,utf-8
5503,LIP-RTVE,speaker057_0000,45,../data/LIP-RTVE/WAVs/speaker057/speaker057_0000.wav,../data/LIP-RTVE/ROIs/speaker057/speaker057_0000.npz,../data/LIP-RTVE/transcriptions/speaker057/speaker057_0000.txt,5,utf-8
5504,LIP-RTVE,speaker057_0001,149,../data/LIP-RTVE/WAVs/speaker057/speaker057_0001.wav,../data/LIP-RTVE/ROIs/speaker057/speaker057_0001.npz,../data/LIP-RTVE/transcriptions/speaker057/speaker057_0001.txt,5,utf-8
5505,LIP-RTVE,speaker057_0002,60,../data/LIP-RTVE/WAVs/speaker057/speaker057_0002.wav,../data/LIP-RTVE/ROIs/speaker057/speaker057_0002.npz,../data/LIP-RTVE/transcriptions/speaker057/speaker057_0002.txt,5,utf-8
5506,LIP-RTVE,speaker057_0003,130,../data/LIP-RTVE/WAVs/speaker057/speaker057_0003.wav,../data/LIP-RTVE/ROIs/speaker057/speaker057_0003.npz,../data/LIP-RTVE/transcriptions/speaker057/speaker057_0003.txt,5,utf-8
5507,LIP-RTVE,speaker057_0005,163,../data/LIP-RTVE/WAVs/speaker057/speaker057_0005.wav,../data/LIP-RTVE/ROIs/speaker057/speaker057_0005.npz,../data/LIP-RTVE/transcriptions/speaker057/speaker057_0005.txt,5,utf-8
5508,LIP-RTVE,speaker057_0006,62,../data/LIP-RTVE/WAVs/speaker057/speaker057_0006.wav,../data/LIP-RTVE/ROIs/speaker057/speaker057_0006.npz,../data/LIP-RTVE/transcriptions/speaker057/speaker057_0006.txt,5,utf-8
5509,LIP-RTVE,speaker057_0007,220,../data/LIP-RTVE/WAVs/speaker057/speaker057_0007.wav,../data/LIP-RTVE/ROIs/speaker057/speaker057_0007.npz,../data/LIP-RTVE/transcriptions/speaker057/speaker057_0007.txt,5,utf-8
5510,LIP-RTVE,speaker057_0008,93,../data/LIP-RTVE/WAVs/speaker057/speaker057_0008.wav,../data/LIP-RTVE/ROIs/speaker057/speaker057_0008.npz,../data/LIP-RTVE/transcriptions/speaker057/speaker057_0008.txt,5,utf-8
5511,LIP-RTVE,speaker057_0010,35,../data/LIP-RTVE/WAVs/speaker057/speaker057_0010.wav,../data/LIP-RTVE/ROIs/speaker057/speaker057_0010.npz,../data/LIP-RTVE/transcriptions/speaker057/speaker057_0010.txt,5,utf-8
5512,LIP-RTVE,speaker057_0012,70,../data/LIP-RTVE/WAVs/speaker057/speaker057_0012.wav,../data/LIP-RTVE/ROIs/speaker057/speaker057_0012.npz,../data/LIP-RTVE/transcriptions/speaker057/speaker057_0012.txt,5,utf-8
5513,LIP-RTVE,speaker057_0013,117,../data/LIP-RTVE/WAVs/speaker057/speaker057_0013.wav,../data/LIP-RTVE/ROIs/speaker057/speaker057_0013.npz,../data/LIP-RTVE/transcriptions/speaker057/speaker057_0013.txt,5,utf-8
5514,LIP-RTVE,speaker057_0015,91,../data/LIP-RTVE/WAVs/speaker057/speaker057_0015.wav,../data/LIP-RTVE/ROIs/speaker057/speaker057_0015.npz,../data/LIP-RTVE/transcriptions/speaker057/speaker057_0015.txt,5,utf-8
5515,LIP-RTVE,speaker057_0018,108,../data/LIP-RTVE/WAVs/speaker057/speaker057_0018.wav,../data/LIP-RTVE/ROIs/speaker057/speaker057_0018.npz,../data/LIP-RTVE/transcriptions/speaker057/speaker057_0018.txt,5,utf-8
5516,LIP-RTVE,speaker057_0019,50,../data/LIP-RTVE/WAVs/speaker057/speaker057_0019.wav,../data/LIP-RTVE/ROIs/speaker057/speaker057_0019.npz,../data/LIP-RTVE/transcriptions/speaker057/speaker057_0019.txt,5,utf-8
5517,LIP-RTVE,speaker057_0020,38,../data/LIP-RTVE/WAVs/speaker057/speaker057_0020.wav,../data/LIP-RTVE/ROIs/speaker057/speaker057_0020.npz,../data/LIP-RTVE/transcriptions/speaker057/speaker057_0020.txt,5,utf-8
5518,LIP-RTVE,speaker057_0021,91,../data/LIP-RTVE/WAVs/speaker057/speaker057_0021.wav,../data/LIP-RTVE/ROIs/speaker057/speaker057_0021.npz,../data/LIP-RTVE/transcriptions/speaker057/speaker057_0021.txt,5,utf-8
5519,LIP-RTVE,speaker057_0022,51,../data/LIP-RTVE/WAVs/speaker057/speaker057_0022.wav,../data/LIP-RTVE/ROIs/speaker057/speaker057_0022.npz,../data/LIP-RTVE/transcriptions/speaker057/speaker057_0022.txt,5,utf-8
5520,LIP-RTVE,speaker057_0023,123,../data/LIP-RTVE/WAVs/speaker057/speaker057_0023.wav,../data/LIP-RTVE/ROIs/speaker057/speaker057_0023.npz,../data/LIP-RTVE/transcriptions/speaker057/speaker057_0023.txt,5,utf-8
5521,LIP-RTVE,speaker057_0024,80,../data/LIP-RTVE/WAVs/speaker057/speaker057_0024.wav,../data/LIP-RTVE/ROIs/speaker057/speaker057_0024.npz,../data/LIP-RTVE/transcriptions/speaker057/speaker057_0024.txt,5,utf-8
5522,LIP-RTVE,speaker057_0026,38,../data/LIP-RTVE/WAVs/speaker057/speaker057_0026.wav,../data/LIP-RTVE/ROIs/speaker057/speaker057_0026.npz,../data/LIP-RTVE/transcriptions/speaker057/speaker057_0026.txt,5,utf-8
5523,LIP-RTVE,speaker057_0027,47,../data/LIP-RTVE/WAVs/speaker057/speaker057_0027.wav,../data/LIP-RTVE/ROIs/speaker057/speaker057_0027.npz,../data/LIP-RTVE/transcriptions/speaker057/speaker057_0027.txt,5,utf-8
5524,LIP-RTVE,speaker057_0029,128,../data/LIP-RTVE/WAVs/speaker057/speaker057_0029.wav,../data/LIP-RTVE/ROIs/speaker057/speaker057_0029.npz,../data/LIP-RTVE/transcriptions/speaker057/speaker057_0029.txt,5,utf-8
5525,LIP-RTVE,speaker057_0031,97,../data/LIP-RTVE/WAVs/speaker057/speaker057_0031.wav,../data/LIP-RTVE/ROIs/speaker057/speaker057_0031.npz,../data/LIP-RTVE/transcriptions/speaker057/speaker057_0031.txt,5,utf-8
5526,LIP-RTVE,speaker057_0034,35,../data/LIP-RTVE/WAVs/speaker057/speaker057_0034.wav,../data/LIP-RTVE/ROIs/speaker057/speaker057_0034.npz,../data/LIP-RTVE/transcriptions/speaker057/speaker057_0034.txt,5,utf-8
5527,LIP-RTVE,speaker057_0035,124,../data/LIP-RTVE/WAVs/speaker057/speaker057_0035.wav,../data/LIP-RTVE/ROIs/speaker057/speaker057_0035.npz,../data/LIP-RTVE/transcriptions/speaker057/speaker057_0035.txt,5,utf-8
5528,LIP-RTVE,speaker057_0036,44,../data/LIP-RTVE/WAVs/speaker057/speaker057_0036.wav,../data/LIP-RTVE/ROIs/speaker057/speaker057_0036.npz,../data/LIP-RTVE/transcriptions/speaker057/speaker057_0036.txt,5,utf-8
5529,LIP-RTVE,speaker057_0037,79,../data/LIP-RTVE/WAVs/speaker057/speaker057_0037.wav,../data/LIP-RTVE/ROIs/speaker057/speaker057_0037.npz,../data/LIP-RTVE/transcriptions/speaker057/speaker057_0037.txt,5,utf-8
5530,LIP-RTVE,speaker058_0000,100,../data/LIP-RTVE/WAVs/speaker058/speaker058_0000.wav,../data/LIP-RTVE/ROIs/speaker058/speaker058_0000.npz,../data/LIP-RTVE/transcriptions/speaker058/speaker058_0000.txt,5,utf-8
5531,LIP-RTVE,speaker058_0001,187,../data/LIP-RTVE/WAVs/speaker058/speaker058_0001.wav,../data/LIP-RTVE/ROIs/speaker058/speaker058_0001.npz,../data/LIP-RTVE/transcriptions/speaker058/speaker058_0001.txt,5,utf-8
5532,LIP-RTVE,speaker058_0002,120,../data/LIP-RTVE/WAVs/speaker058/speaker058_0002.wav,../data/LIP-RTVE/ROIs/speaker058/speaker058_0002.npz,../data/LIP-RTVE/transcriptions/speaker058/speaker058_0002.txt,5,utf-8
5533,LIP-RTVE,speaker058_0012,108,../data/LIP-RTVE/WAVs/speaker058/speaker058_0012.wav,../data/LIP-RTVE/ROIs/speaker058/speaker058_0012.npz,../data/LIP-RTVE/transcriptions/speaker058/speaker058_0012.txt,5,utf-8
5534,LIP-RTVE,speaker058_0016,109,../data/LIP-RTVE/WAVs/speaker058/speaker058_0016.wav,../data/LIP-RTVE/ROIs/speaker058/speaker058_0016.npz,../data/LIP-RTVE/transcriptions/speaker058/speaker058_0016.txt,5,utf-8
5535,LIP-RTVE,speaker058_0017,65,../data/LIP-RTVE/WAVs/speaker058/speaker058_0017.wav,../data/LIP-RTVE/ROIs/speaker058/speaker058_0017.npz,../data/LIP-RTVE/transcriptions/speaker058/speaker058_0017.txt,5,utf-8
5536,LIP-RTVE,speaker058_0018,101,../data/LIP-RTVE/WAVs/speaker058/speaker058_0018.wav,../data/LIP-RTVE/ROIs/speaker058/speaker058_0018.npz,../data/LIP-RTVE/transcriptions/speaker058/speaker058_0018.txt,5,utf-8
5537,LIP-RTVE,speaker058_0019,39,../data/LIP-RTVE/WAVs/speaker058/speaker058_0019.wav,../data/LIP-RTVE/ROIs/speaker058/speaker058_0019.npz,../data/LIP-RTVE/transcriptions/speaker058/speaker058_0019.txt,5,utf-8
5538,LIP-RTVE,speaker058_0020,46,../data/LIP-RTVE/WAVs/speaker058/speaker058_0020.wav,../data/LIP-RTVE/ROIs/speaker058/speaker058_0020.npz,../data/LIP-RTVE/transcriptions/speaker058/speaker058_0020.txt,5,utf-8
5539,LIP-RTVE,speaker058_0021,26,../data/LIP-RTVE/WAVs/speaker058/speaker058_0021.wav,../data/LIP-RTVE/ROIs/speaker058/speaker058_0021.npz,../data/LIP-RTVE/transcriptions/speaker058/speaker058_0021.txt,5,utf-8
5540,LIP-RTVE,speaker058_0022,54,../data/LIP-RTVE/WAVs/speaker058/speaker058_0022.wav,../data/LIP-RTVE/ROIs/speaker058/speaker058_0022.npz,../data/LIP-RTVE/transcriptions/speaker058/speaker058_0022.txt,5,utf-8
5541,LIP-RTVE,speaker058_0023,96,../data/LIP-RTVE/WAVs/speaker058/speaker058_0023.wav,../data/LIP-RTVE/ROIs/speaker058/speaker058_0023.npz,../data/LIP-RTVE/transcriptions/speaker058/speaker058_0023.txt,5,utf-8
5542,LIP-RTVE,speaker059_0001,63,../data/LIP-RTVE/WAVs/speaker059/speaker059_0001.wav,../data/LIP-RTVE/ROIs/speaker059/speaker059_0001.npz,../data/LIP-RTVE/transcriptions/speaker059/speaker059_0001.txt,5,utf-8
5543,LIP-RTVE,speaker059_0002,153,../data/LIP-RTVE/WAVs/speaker059/speaker059_0002.wav,../data/LIP-RTVE/ROIs/speaker059/speaker059_0002.npz,../data/LIP-RTVE/transcriptions/speaker059/speaker059_0002.txt,5,utf-8
5544,LIP-RTVE,speaker059_0003,255,../data/LIP-RTVE/WAVs/speaker059/speaker059_0003.wav,../data/LIP-RTVE/ROIs/speaker059/speaker059_0003.npz,../data/LIP-RTVE/transcriptions/speaker059/speaker059_0003.txt,5,utf-8
5545,LIP-RTVE,speaker059_0004,88,../data/LIP-RTVE/WAVs/speaker059/speaker059_0004.wav,../data/LIP-RTVE/ROIs/speaker059/speaker059_0004.npz,../data/LIP-RTVE/transcriptions/speaker059/speaker059_0004.txt,5,utf-8
5546,LIP-RTVE,speaker060_0000,140,../data/LIP-RTVE/WAVs/speaker060/speaker060_0000.wav,../data/LIP-RTVE/ROIs/speaker060/speaker060_0000.npz,../data/LIP-RTVE/transcriptions/speaker060/speaker060_0000.txt,5,utf-8
5547,LIP-RTVE,speaker060_0002,35,../data/LIP-RTVE/WAVs/speaker060/speaker060_0002.wav,../data/LIP-RTVE/ROIs/speaker060/speaker060_0002.npz,../data/LIP-RTVE/transcriptions/speaker060/speaker060_0002.txt,5,utf-8
5548,LIP-RTVE,speaker060_0003,76,../data/LIP-RTVE/WAVs/speaker060/speaker060_0003.wav,../data/LIP-RTVE/ROIs/speaker060/speaker060_0003.npz,../data/LIP-RTVE/transcriptions/speaker060/speaker060_0003.txt,5,utf-8
5549,LIP-RTVE,speaker060_0004,33,../data/LIP-RTVE/WAVs/speaker060/speaker060_0004.wav,../data/LIP-RTVE/ROIs/speaker060/speaker060_0004.npz,../data/LIP-RTVE/transcriptions/speaker060/speaker060_0004.txt,5,utf-8
5550,LIP-RTVE,speaker061_0001,36,../data/LIP-RTVE/WAVs/speaker061/speaker061_0001.wav,../data/LIP-RTVE/ROIs/speaker061/speaker061_0001.npz,../data/LIP-RTVE/transcriptions/speaker061/speaker061_0001.txt,5,utf-8
5551,LIP-RTVE,speaker061_0002,128,../data/LIP-RTVE/WAVs/speaker061/speaker061_0002.wav,../data/LIP-RTVE/ROIs/speaker061/speaker061_0002.npz,../data/LIP-RTVE/transcriptions/speaker061/speaker061_0002.txt,5,utf-8
5552,LIP-RTVE,speaker061_0003,149,../data/LIP-RTVE/WAVs/speaker061/speaker061_0003.wav,../data/LIP-RTVE/ROIs/speaker061/speaker061_0003.npz,../data/LIP-RTVE/transcriptions/speaker061/speaker061_0003.txt,5,utf-8
5553,LIP-RTVE,speaker061_0004,63,../data/LIP-RTVE/WAVs/speaker061/speaker061_0004.wav,../data/LIP-RTVE/ROIs/speaker061/speaker061_0004.npz,../data/LIP-RTVE/transcriptions/speaker061/speaker061_0004.txt,5,utf-8
5554,LIP-RTVE,speaker061_0005,72,../data/LIP-RTVE/WAVs/speaker061/speaker061_0005.wav,../data/LIP-RTVE/ROIs/speaker061/speaker061_0005.npz,../data/LIP-RTVE/transcriptions/speaker061/speaker061_0005.txt,5,utf-8
5555,LIP-RTVE,speaker061_0006,27,../data/LIP-RTVE/WAVs/speaker061/speaker061_0006.wav,../data/LIP-RTVE/ROIs/speaker061/speaker061_0006.npz,../data/LIP-RTVE/transcriptions/speaker061/speaker061_0006.txt,5,utf-8
5556,LIP-RTVE,speaker061_0007,99,../data/LIP-RTVE/WAVs/speaker061/speaker061_0007.wav,../data/LIP-RTVE/ROIs/speaker061/speaker061_0007.npz,../data/LIP-RTVE/transcriptions/speaker061/speaker061_0007.txt,5,utf-8
5557,LIP-RTVE,speaker061_0009,70,../data/LIP-RTVE/WAVs/speaker061/speaker061_0009.wav,../data/LIP-RTVE/ROIs/speaker061/speaker061_0009.npz,../data/LIP-RTVE/transcriptions/speaker061/speaker061_0009.txt,5,utf-8
5558,LIP-RTVE,speaker061_0010,106,../data/LIP-RTVE/WAVs/speaker061/speaker061_0010.wav,../data/LIP-RTVE/ROIs/speaker061/speaker061_0010.npz,../data/LIP-RTVE/transcriptions/speaker061/speaker061_0010.txt,5,utf-8
5559,LIP-RTVE,speaker061_0011,41,../data/LIP-RTVE/WAVs/speaker061/speaker061_0011.wav,../data/LIP-RTVE/ROIs/speaker061/speaker061_0011.npz,../data/LIP-RTVE/transcriptions/speaker061/speaker061_0011.txt,5,utf-8
5560,LIP-RTVE,speaker061_0013,74,../data/LIP-RTVE/WAVs/speaker061/speaker061_0013.wav,../data/LIP-RTVE/ROIs/speaker061/speaker061_0013.npz,../data/LIP-RTVE/transcriptions/speaker061/speaker061_0013.txt,5,utf-8
5561,LIP-RTVE,speaker061_0014,36,../data/LIP-RTVE/WAVs/speaker061/speaker061_0014.wav,../data/LIP-RTVE/ROIs/speaker061/speaker061_0014.npz,../data/LIP-RTVE/transcriptions/speaker061/speaker061_0014.txt,5,utf-8
5562,LIP-RTVE,speaker061_0016,27,../data/LIP-RTVE/WAVs/speaker061/speaker061_0016.wav,../data/LIP-RTVE/ROIs/speaker061/speaker061_0016.npz,../data/LIP-RTVE/transcriptions/speaker061/speaker061_0016.txt,5,utf-8
5563,LIP-RTVE,speaker061_0017,61,../data/LIP-RTVE/WAVs/speaker061/speaker061_0017.wav,../data/LIP-RTVE/ROIs/speaker061/speaker061_0017.npz,../data/LIP-RTVE/transcriptions/speaker061/speaker061_0017.txt,5,utf-8
5564,LIP-RTVE,speaker061_0018,79,../data/LIP-RTVE/WAVs/speaker061/speaker061_0018.wav,../data/LIP-RTVE/ROIs/speaker061/speaker061_0018.npz,../data/LIP-RTVE/transcriptions/speaker061/speaker061_0018.txt,5,utf-8
5565,LIP-RTVE,speaker061_0020,205,../data/LIP-RTVE/WAVs/speaker061/speaker061_0020.wav,../data/LIP-RTVE/ROIs/speaker061/speaker061_0020.npz,../data/LIP-RTVE/transcriptions/speaker061/speaker061_0020.txt,5,utf-8
5566,LIP-RTVE,speaker061_0022,122,../data/LIP-RTVE/WAVs/speaker061/speaker061_0022.wav,../data/LIP-RTVE/ROIs/speaker061/speaker061_0022.npz,../data/LIP-RTVE/transcriptions/speaker061/speaker061_0022.txt,5,utf-8
5567,LIP-RTVE,speaker061_0024,156,../data/LIP-RTVE/WAVs/speaker061/speaker061_0024.wav,../data/LIP-RTVE/ROIs/speaker061/speaker061_0024.npz,../data/LIP-RTVE/transcriptions/speaker061/speaker061_0024.txt,5,utf-8
5568,LIP-RTVE,speaker061_0027,65,../data/LIP-RTVE/WAVs/speaker061/speaker061_0027.wav,../data/LIP-RTVE/ROIs/speaker061/speaker061_0027.npz,../data/LIP-RTVE/transcriptions/speaker061/speaker061_0027.txt,5,utf-8
5569,LIP-RTVE,speaker061_0029,39,../data/LIP-RTVE/WAVs/speaker061/speaker061_0029.wav,../data/LIP-RTVE/ROIs/speaker061/speaker061_0029.npz,../data/LIP-RTVE/transcriptions/speaker061/speaker061_0029.txt,5,utf-8
5570,LIP-RTVE,speaker061_0030,46,../data/LIP-RTVE/WAVs/speaker061/speaker061_0030.wav,../data/LIP-RTVE/ROIs/speaker061/speaker061_0030.npz,../data/LIP-RTVE/transcriptions/speaker061/speaker061_0030.txt,5,utf-8
5571,LIP-RTVE,speaker061_0031,129,../data/LIP-RTVE/WAVs/speaker061/speaker061_0031.wav,../data/LIP-RTVE/ROIs/speaker061/speaker061_0031.npz,../data/LIP-RTVE/transcriptions/speaker061/speaker061_0031.txt,5,utf-8
5572,LIP-RTVE,speaker061_0032,190,../data/LIP-RTVE/WAVs/speaker061/speaker061_0032.wav,../data/LIP-RTVE/ROIs/speaker061/speaker061_0032.npz,../data/LIP-RTVE/transcriptions/speaker061/speaker061_0032.txt,5,utf-8
5573,LIP-RTVE,speaker061_0033,64,../data/LIP-RTVE/WAVs/speaker061/speaker061_0033.wav,../data/LIP-RTVE/ROIs/speaker061/speaker061_0033.npz,../data/LIP-RTVE/transcriptions/speaker061/speaker061_0033.txt,5,utf-8
5574,LIP-RTVE,speaker061_0034,36,../data/LIP-RTVE/WAVs/speaker061/speaker061_0034.wav,../data/LIP-RTVE/ROIs/speaker061/speaker061_0034.npz,../data/LIP-RTVE/transcriptions/speaker061/speaker061_0034.txt,5,utf-8
5575,LIP-RTVE,speaker061_0036,33,../data/LIP-RTVE/WAVs/speaker061/speaker061_0036.wav,../data/LIP-RTVE/ROIs/speaker061/speaker061_0036.npz,../data/LIP-RTVE/transcriptions/speaker061/speaker061_0036.txt,5,utf-8
5576,LIP-RTVE,speaker061_0037,88,../data/LIP-RTVE/WAVs/speaker061/speaker061_0037.wav,../data/LIP-RTVE/ROIs/speaker061/speaker061_0037.npz,../data/LIP-RTVE/transcriptions/speaker061/speaker061_0037.txt,5,utf-8
5577,LIP-RTVE,speaker061_0039,117,../data/LIP-RTVE/WAVs/speaker061/speaker061_0039.wav,../data/LIP-RTVE/ROIs/speaker061/speaker061_0039.npz,../data/LIP-RTVE/transcriptions/speaker061/speaker061_0039.txt,5,utf-8
5578,LIP-RTVE,speaker061_0041,87,../data/LIP-RTVE/WAVs/speaker061/speaker061_0041.wav,../data/LIP-RTVE/ROIs/speaker061/speaker061_0041.npz,../data/LIP-RTVE/transcriptions/speaker061/speaker061_0041.txt,5,utf-8
5579,LIP-RTVE,speaker061_0042,166,../data/LIP-RTVE/WAVs/speaker061/speaker061_0042.wav,../data/LIP-RTVE/ROIs/speaker061/speaker061_0042.npz,../data/LIP-RTVE/transcriptions/speaker061/speaker061_0042.txt,5,utf-8
5580,LIP-RTVE,speaker061_0043,79,../data/LIP-RTVE/WAVs/speaker061/speaker061_0043.wav,../data/LIP-RTVE/ROIs/speaker061/speaker061_0043.npz,../data/LIP-RTVE/transcriptions/speaker061/speaker061_0043.txt,5,utf-8
5581,LIP-RTVE,speaker061_0044,113,../data/LIP-RTVE/WAVs/speaker061/speaker061_0044.wav,../data/LIP-RTVE/ROIs/speaker061/speaker061_0044.npz,../data/LIP-RTVE/transcriptions/speaker061/speaker061_0044.txt,5,utf-8
5582,LIP-RTVE,speaker061_0046,39,../data/LIP-RTVE/WAVs/speaker061/speaker061_0046.wav,../data/LIP-RTVE/ROIs/speaker061/speaker061_0046.npz,../data/LIP-RTVE/transcriptions/speaker061/speaker061_0046.txt,5,utf-8
5583,LIP-RTVE,speaker061_0048,64,../data/LIP-RTVE/WAVs/speaker061/speaker061_0048.wav,../data/LIP-RTVE/ROIs/speaker061/speaker061_0048.npz,../data/LIP-RTVE/transcriptions/speaker061/speaker061_0048.txt,5,utf-8
5584,LIP-RTVE,speaker061_0049,111,../data/LIP-RTVE/WAVs/speaker061/speaker061_0049.wav,../data/LIP-RTVE/ROIs/speaker061/speaker061_0049.npz,../data/LIP-RTVE/transcriptions/speaker061/speaker061_0049.txt,5,utf-8
5585,LIP-RTVE,speaker061_0052,257,../data/LIP-RTVE/WAVs/speaker061/speaker061_0052.wav,../data/LIP-RTVE/ROIs/speaker061/speaker061_0052.npz,../data/LIP-RTVE/transcriptions/speaker061/speaker061_0052.txt,5,utf-8
5586,LIP-RTVE,speaker061_0053,148,../data/LIP-RTVE/WAVs/speaker061/speaker061_0053.wav,../data/LIP-RTVE/ROIs/speaker061/speaker061_0053.npz,../data/LIP-RTVE/transcriptions/speaker061/speaker061_0053.txt,5,utf-8
5587,LIP-RTVE,speaker061_0054,58,../data/LIP-RTVE/WAVs/speaker061/speaker061_0054.wav,../data/LIP-RTVE/ROIs/speaker061/speaker061_0054.npz,../data/LIP-RTVE/transcriptions/speaker061/speaker061_0054.txt,5,utf-8
5588,LIP-RTVE,speaker061_0055,51,../data/LIP-RTVE/WAVs/speaker061/speaker061_0055.wav,../data/LIP-RTVE/ROIs/speaker061/speaker061_0055.npz,../data/LIP-RTVE/transcriptions/speaker061/speaker061_0055.txt,5,utf-8
5589,LIP-RTVE,speaker061_0056,239,../data/LIP-RTVE/WAVs/speaker061/speaker061_0056.wav,../data/LIP-RTVE/ROIs/speaker061/speaker061_0056.npz,../data/LIP-RTVE/transcriptions/speaker061/speaker061_0056.txt,5,utf-8
5590,LIP-RTVE,speaker061_0057,45,../data/LIP-RTVE/WAVs/speaker061/speaker061_0057.wav,../data/LIP-RTVE/ROIs/speaker061/speaker061_0057.npz,../data/LIP-RTVE/transcriptions/speaker061/speaker061_0057.txt,5,utf-8
5591,LIP-RTVE,speaker061_0058,62,../data/LIP-RTVE/WAVs/speaker061/speaker061_0058.wav,../data/LIP-RTVE/ROIs/speaker061/speaker061_0058.npz,../data/LIP-RTVE/transcriptions/speaker061/speaker061_0058.txt,5,utf-8
5592,LIP-RTVE,speaker061_0060,77,../data/LIP-RTVE/WAVs/speaker061/speaker061_0060.wav,../data/LIP-RTVE/ROIs/speaker061/speaker061_0060.npz,../data/LIP-RTVE/transcriptions/speaker061/speaker061_0060.txt,5,utf-8
5593,LIP-RTVE,speaker061_0061,123,../data/LIP-RTVE/WAVs/speaker061/speaker061_0061.wav,../data/LIP-RTVE/ROIs/speaker061/speaker061_0061.npz,../data/LIP-RTVE/transcriptions/speaker061/speaker061_0061.txt,5,utf-8
5594,LIP-RTVE,speaker061_0063,190,../data/LIP-RTVE/WAVs/speaker061/speaker061_0063.wav,../data/LIP-RTVE/ROIs/speaker061/speaker061_0063.npz,../data/LIP-RTVE/transcriptions/speaker061/speaker061_0063.txt,5,utf-8
5595,LIP-RTVE,speaker061_0066,163,../data/LIP-RTVE/WAVs/speaker061/speaker061_0066.wav,../data/LIP-RTVE/ROIs/speaker061/speaker061_0066.npz,../data/LIP-RTVE/transcriptions/speaker061/speaker061_0066.txt,5,utf-8
5596,LIP-RTVE,speaker061_0067,62,../data/LIP-RTVE/WAVs/speaker061/speaker061_0067.wav,../data/LIP-RTVE/ROIs/speaker061/speaker061_0067.npz,../data/LIP-RTVE/transcriptions/speaker061/speaker061_0067.txt,5,utf-8
5597,LIP-RTVE,speaker061_0069,76,../data/LIP-RTVE/WAVs/speaker061/speaker061_0069.wav,../data/LIP-RTVE/ROIs/speaker061/speaker061_0069.npz,../data/LIP-RTVE/transcriptions/speaker061/speaker061_0069.txt,5,utf-8
5598,LIP-RTVE,speaker061_0070,90,../data/LIP-RTVE/WAVs/speaker061/speaker061_0070.wav,../data/LIP-RTVE/ROIs/speaker061/speaker061_0070.npz,../data/LIP-RTVE/transcriptions/speaker061/speaker061_0070.txt,5,utf-8
5599,LIP-RTVE,speaker061_0071,62,../data/LIP-RTVE/WAVs/speaker061/speaker061_0071.wav,../data/LIP-RTVE/ROIs/speaker061/speaker061_0071.npz,../data/LIP-RTVE/transcriptions/speaker061/speaker061_0071.txt,5,utf-8
5600,LIP-RTVE,speaker061_0072,156,../data/LIP-RTVE/WAVs/speaker061/speaker061_0072.wav,../data/LIP-RTVE/ROIs/speaker061/speaker061_0072.npz,../data/LIP-RTVE/transcriptions/speaker061/speaker061_0072.txt,5,utf-8
5601,LIP-RTVE,speaker061_0073,98,../data/LIP-RTVE/WAVs/speaker061/speaker061_0073.wav,../data/LIP-RTVE/ROIs/speaker061/speaker061_0073.npz,../data/LIP-RTVE/transcriptions/speaker061/speaker061_0073.txt,5,utf-8
5602,LIP-RTVE,speaker061_0074,64,../data/LIP-RTVE/WAVs/speaker061/speaker061_0074.wav,../data/LIP-RTVE/ROIs/speaker061/speaker061_0074.npz,../data/LIP-RTVE/transcriptions/speaker061/speaker061_0074.txt,5,utf-8
5603,LIP-RTVE,speaker061_0075,147,../data/LIP-RTVE/WAVs/speaker061/speaker061_0075.wav,../data/LIP-RTVE/ROIs/speaker061/speaker061_0075.npz,../data/LIP-RTVE/transcriptions/speaker061/speaker061_0075.txt,5,utf-8
5604,LIP-RTVE,speaker061_0076,100,../data/LIP-RTVE/WAVs/speaker061/speaker061_0076.wav,../data/LIP-RTVE/ROIs/speaker061/speaker061_0076.npz,../data/LIP-RTVE/transcriptions/speaker061/speaker061_0076.txt,5,utf-8
5605,LIP-RTVE,speaker062_0000,182,../data/LIP-RTVE/WAVs/speaker062/speaker062_0000.wav,../data/LIP-RTVE/ROIs/speaker062/speaker062_0000.npz,../data/LIP-RTVE/transcriptions/speaker062/speaker062_0000.txt,5,utf-8
5606,LIP-RTVE,speaker062_0002,78,../data/LIP-RTVE/WAVs/speaker062/speaker062_0002.wav,../data/LIP-RTVE/ROIs/speaker062/speaker062_0002.npz,../data/LIP-RTVE/transcriptions/speaker062/speaker062_0002.txt,5,utf-8
5607,LIP-RTVE,speaker062_0003,27,../data/LIP-RTVE/WAVs/speaker062/speaker062_0003.wav,../data/LIP-RTVE/ROIs/speaker062/speaker062_0003.npz,../data/LIP-RTVE/transcriptions/speaker062/speaker062_0003.txt,5,utf-8
5608,LIP-RTVE,speaker063_0002,147,../data/LIP-RTVE/WAVs/speaker063/speaker063_0002.wav,../data/LIP-RTVE/ROIs/speaker063/speaker063_0002.npz,../data/LIP-RTVE/transcriptions/speaker063/speaker063_0002.txt,5,utf-8
5609,LIP-RTVE,speaker063_0003,115,../data/LIP-RTVE/WAVs/speaker063/speaker063_0003.wav,../data/LIP-RTVE/ROIs/speaker063/speaker063_0003.npz,../data/LIP-RTVE/transcriptions/speaker063/speaker063_0003.txt,5,utf-8
5610,LIP-RTVE,speaker063_0004,188,../data/LIP-RTVE/WAVs/speaker063/speaker063_0004.wav,../data/LIP-RTVE/ROIs/speaker063/speaker063_0004.npz,../data/LIP-RTVE/transcriptions/speaker063/speaker063_0004.txt,5,utf-8
5611,LIP-RTVE,speaker063_0006,109,../data/LIP-RTVE/WAVs/speaker063/speaker063_0006.wav,../data/LIP-RTVE/ROIs/speaker063/speaker063_0006.npz,../data/LIP-RTVE/transcriptions/speaker063/speaker063_0006.txt,5,utf-8
5612,LIP-RTVE,speaker063_0007,47,../data/LIP-RTVE/WAVs/speaker063/speaker063_0007.wav,../data/LIP-RTVE/ROIs/speaker063/speaker063_0007.npz,../data/LIP-RTVE/transcriptions/speaker063/speaker063_0007.txt,5,utf-8
5613,LIP-RTVE,speaker063_0008,31,../data/LIP-RTVE/WAVs/speaker063/speaker063_0008.wav,../data/LIP-RTVE/ROIs/speaker063/speaker063_0008.npz,../data/LIP-RTVE/transcriptions/speaker063/speaker063_0008.txt,5,utf-8
5614,LIP-RTVE,speaker063_0009,60,../data/LIP-RTVE/WAVs/speaker063/speaker063_0009.wav,../data/LIP-RTVE/ROIs/speaker063/speaker063_0009.npz,../data/LIP-RTVE/transcriptions/speaker063/speaker063_0009.txt,5,utf-8
5615,LIP-RTVE,speaker063_0010,72,../data/LIP-RTVE/WAVs/speaker063/speaker063_0010.wav,../data/LIP-RTVE/ROIs/speaker063/speaker063_0010.npz,../data/LIP-RTVE/transcriptions/speaker063/speaker063_0010.txt,5,utf-8
5616,LIP-RTVE,speaker063_0011,86,../data/LIP-RTVE/WAVs/speaker063/speaker063_0011.wav,../data/LIP-RTVE/ROIs/speaker063/speaker063_0011.npz,../data/LIP-RTVE/transcriptions/speaker063/speaker063_0011.txt,5,utf-8
5617,LIP-RTVE,speaker063_0012,58,../data/LIP-RTVE/WAVs/speaker063/speaker063_0012.wav,../data/LIP-RTVE/ROIs/speaker063/speaker063_0012.npz,../data/LIP-RTVE/transcriptions/speaker063/speaker063_0012.txt,5,utf-8
5618,LIP-RTVE,speaker063_0013,37,../data/LIP-RTVE/WAVs/speaker063/speaker063_0013.wav,../data/LIP-RTVE/ROIs/speaker063/speaker063_0013.npz,../data/LIP-RTVE/transcriptions/speaker063/speaker063_0013.txt,5,utf-8
5619,LIP-RTVE,speaker063_0015,29,../data/LIP-RTVE/WAVs/speaker063/speaker063_0015.wav,../data/LIP-RTVE/ROIs/speaker063/speaker063_0015.npz,../data/LIP-RTVE/transcriptions/speaker063/speaker063_0015.txt,5,utf-8
5620,LIP-RTVE,speaker063_0016,73,../data/LIP-RTVE/WAVs/speaker063/speaker063_0016.wav,../data/LIP-RTVE/ROIs/speaker063/speaker063_0016.npz,../data/LIP-RTVE/transcriptions/speaker063/speaker063_0016.txt,5,utf-8
5621,LIP-RTVE,speaker063_0018,263,../data/LIP-RTVE/WAVs/speaker063/speaker063_0018.wav,../data/LIP-RTVE/ROIs/speaker063/speaker063_0018.npz,../data/LIP-RTVE/transcriptions/speaker063/speaker063_0018.txt,5,utf-8
5622,LIP-RTVE,speaker063_0019,210,../data/LIP-RTVE/WAVs/speaker063/speaker063_0019.wav,../data/LIP-RTVE/ROIs/speaker063/speaker063_0019.npz,../data/LIP-RTVE/transcriptions/speaker063/speaker063_0019.txt,5,utf-8
5623,LIP-RTVE,speaker063_0020,58,../data/LIP-RTVE/WAVs/speaker063/speaker063_0020.wav,../data/LIP-RTVE/ROIs/speaker063/speaker063_0020.npz,../data/LIP-RTVE/transcriptions/speaker063/speaker063_0020.txt,5,utf-8
5624,LIP-RTVE,speaker063_0021,90,../data/LIP-RTVE/WAVs/speaker063/speaker063_0021.wav,../data/LIP-RTVE/ROIs/speaker063/speaker063_0021.npz,../data/LIP-RTVE/transcriptions/speaker063/speaker063_0021.txt,5,utf-8
5625,LIP-RTVE,speaker063_0022,34,../data/LIP-RTVE/WAVs/speaker063/speaker063_0022.wav,../data/LIP-RTVE/ROIs/speaker063/speaker063_0022.npz,../data/LIP-RTVE/transcriptions/speaker063/speaker063_0022.txt,5,utf-8
5626,LIP-RTVE,speaker063_0024,67,../data/LIP-RTVE/WAVs/speaker063/speaker063_0024.wav,../data/LIP-RTVE/ROIs/speaker063/speaker063_0024.npz,../data/LIP-RTVE/transcriptions/speaker063/speaker063_0024.txt,5,utf-8
5627,LIP-RTVE,speaker063_0026,37,../data/LIP-RTVE/WAVs/speaker063/speaker063_0026.wav,../data/LIP-RTVE/ROIs/speaker063/speaker063_0026.npz,../data/LIP-RTVE/transcriptions/speaker063/speaker063_0026.txt,5,utf-8
5628,LIP-RTVE,speaker064_0001,69,../data/LIP-RTVE/WAVs/speaker064/speaker064_0001.wav,../data/LIP-RTVE/ROIs/speaker064/speaker064_0001.npz,../data/LIP-RTVE/transcriptions/speaker064/speaker064_0001.txt,5,utf-8
5629,LIP-RTVE,speaker065_0000,240,../data/LIP-RTVE/WAVs/speaker065/speaker065_0000.wav,../data/LIP-RTVE/ROIs/speaker065/speaker065_0000.npz,../data/LIP-RTVE/transcriptions/speaker065/speaker065_0000.txt,5,utf-8
5630,LIP-RTVE,speaker065_0001,94,../data/LIP-RTVE/WAVs/speaker065/speaker065_0001.wav,../data/LIP-RTVE/ROIs/speaker065/speaker065_0001.npz,../data/LIP-RTVE/transcriptions/speaker065/speaker065_0001.txt,5,utf-8
5631,LIP-RTVE,speaker065_0002,109,../data/LIP-RTVE/WAVs/speaker065/speaker065_0002.wav,../data/LIP-RTVE/ROIs/speaker065/speaker065_0002.npz,../data/LIP-RTVE/transcriptions/speaker065/speaker065_0002.txt,5,utf-8
5632,LIP-RTVE,speaker065_0004,41,../data/LIP-RTVE/WAVs/speaker065/speaker065_0004.wav,../data/LIP-RTVE/ROIs/speaker065/speaker065_0004.npz,../data/LIP-RTVE/transcriptions/speaker065/speaker065_0004.txt,5,utf-8
5633,LIP-RTVE,speaker065_0007,191,../data/LIP-RTVE/WAVs/speaker065/speaker065_0007.wav,../data/LIP-RTVE/ROIs/speaker065/speaker065_0007.npz,../data/LIP-RTVE/transcriptions/speaker065/speaker065_0007.txt,5,utf-8
5634,LIP-RTVE,speaker065_0010,241,../data/LIP-RTVE/WAVs/speaker065/speaker065_0010.wav,../data/LIP-RTVE/ROIs/speaker065/speaker065_0010.npz,../data/LIP-RTVE/transcriptions/speaker065/speaker065_0010.txt,5,utf-8
5635,LIP-RTVE,speaker065_0011,185,../data/LIP-RTVE/WAVs/speaker065/speaker065_0011.wav,../data/LIP-RTVE/ROIs/speaker065/speaker065_0011.npz,../data/LIP-RTVE/transcriptions/speaker065/speaker065_0011.txt,5,utf-8
5636,LIP-RTVE,speaker065_0012,106,../data/LIP-RTVE/WAVs/speaker065/speaker065_0012.wav,../data/LIP-RTVE/ROIs/speaker065/speaker065_0012.npz,../data/LIP-RTVE/transcriptions/speaker065/speaker065_0012.txt,5,utf-8
5637,LIP-RTVE,speaker065_0013,140,../data/LIP-RTVE/WAVs/speaker065/speaker065_0013.wav,../data/LIP-RTVE/ROIs/speaker065/speaker065_0013.npz,../data/LIP-RTVE/transcriptions/speaker065/speaker065_0013.txt,5,utf-8
5638,LIP-RTVE,speaker065_0015,62,../data/LIP-RTVE/WAVs/speaker065/speaker065_0015.wav,../data/LIP-RTVE/ROIs/speaker065/speaker065_0015.npz,../data/LIP-RTVE/transcriptions/speaker065/speaker065_0015.txt,5,utf-8
5639,LIP-RTVE,speaker065_0018,102,../data/LIP-RTVE/WAVs/speaker065/speaker065_0018.wav,../data/LIP-RTVE/ROIs/speaker065/speaker065_0018.npz,../data/LIP-RTVE/transcriptions/speaker065/speaker065_0018.txt,5,utf-8
5640,LIP-RTVE,speaker065_0019,194,../data/LIP-RTVE/WAVs/speaker065/speaker065_0019.wav,../data/LIP-RTVE/ROIs/speaker065/speaker065_0019.npz,../data/LIP-RTVE/transcriptions/speaker065/speaker065_0019.txt,5,utf-8
5641,LIP-RTVE,speaker065_0020,250,../data/LIP-RTVE/WAVs/speaker065/speaker065_0020.wav,../data/LIP-RTVE/ROIs/speaker065/speaker065_0020.npz,../data/LIP-RTVE/transcriptions/speaker065/speaker065_0020.txt,5,utf-8
5642,LIP-RTVE,speaker065_0022,146,../data/LIP-RTVE/WAVs/speaker065/speaker065_0022.wav,../data/LIP-RTVE/ROIs/speaker065/speaker065_0022.npz,../data/LIP-RTVE/transcriptions/speaker065/speaker065_0022.txt,5,utf-8
5643,LIP-RTVE,speaker065_0023,204,../data/LIP-RTVE/WAVs/speaker065/speaker065_0023.wav,../data/LIP-RTVE/ROIs/speaker065/speaker065_0023.npz,../data/LIP-RTVE/transcriptions/speaker065/speaker065_0023.txt,5,utf-8
5644,LIP-RTVE,speaker065_0024,29,../data/LIP-RTVE/WAVs/speaker065/speaker065_0024.wav,../data/LIP-RTVE/ROIs/speaker065/speaker065_0024.npz,../data/LIP-RTVE/transcriptions/speaker065/speaker065_0024.txt,5,utf-8
5645,LIP-RTVE,speaker065_0025,169,../data/LIP-RTVE/WAVs/speaker065/speaker065_0025.wav,../data/LIP-RTVE/ROIs/speaker065/speaker065_0025.npz,../data/LIP-RTVE/transcriptions/speaker065/speaker065_0025.txt,5,utf-8
5646,LIP-RTVE,speaker065_0027,42,../data/LIP-RTVE/WAVs/speaker065/speaker065_0027.wav,../data/LIP-RTVE/ROIs/speaker065/speaker065_0027.npz,../data/LIP-RTVE/transcriptions/speaker065/speaker065_0027.txt,5,utf-8
5647,LIP-RTVE,speaker065_0028,73,../data/LIP-RTVE/WAVs/speaker065/speaker065_0028.wav,../data/LIP-RTVE/ROIs/speaker065/speaker065_0028.npz,../data/LIP-RTVE/transcriptions/speaker065/speaker065_0028.txt,5,utf-8
5648,LIP-RTVE,speaker065_0029,40,../data/LIP-RTVE/WAVs/speaker065/speaker065_0029.wav,../data/LIP-RTVE/ROIs/speaker065/speaker065_0029.npz,../data/LIP-RTVE/transcriptions/speaker065/speaker065_0029.txt,5,utf-8
5649,LIP-RTVE,speaker065_0033,107,../data/LIP-RTVE/WAVs/speaker065/speaker065_0033.wav,../data/LIP-RTVE/ROIs/speaker065/speaker065_0033.npz,../data/LIP-RTVE/transcriptions/speaker065/speaker065_0033.txt,5,utf-8
5650,LIP-RTVE,speaker065_0034,46,../data/LIP-RTVE/WAVs/speaker065/speaker065_0034.wav,../data/LIP-RTVE/ROIs/speaker065/speaker065_0034.npz,../data/LIP-RTVE/transcriptions/speaker065/speaker065_0034.txt,5,utf-8
5651,LIP-RTVE,speaker065_0036,134,../data/LIP-RTVE/WAVs/speaker065/speaker065_0036.wav,../data/LIP-RTVE/ROIs/speaker065/speaker065_0036.npz,../data/LIP-RTVE/transcriptions/speaker065/speaker065_0036.txt,5,utf-8
5652,LIP-RTVE,speaker065_0037,50,../data/LIP-RTVE/WAVs/speaker065/speaker065_0037.wav,../data/LIP-RTVE/ROIs/speaker065/speaker065_0037.npz,../data/LIP-RTVE/transcriptions/speaker065/speaker065_0037.txt,5,utf-8
5653,LIP-RTVE,speaker065_0038,133,../data/LIP-RTVE/WAVs/speaker065/speaker065_0038.wav,../data/LIP-RTVE/ROIs/speaker065/speaker065_0038.npz,../data/LIP-RTVE/transcriptions/speaker065/speaker065_0038.txt,5,utf-8
5654,LIP-RTVE,speaker065_0039,82,../data/LIP-RTVE/WAVs/speaker065/speaker065_0039.wav,../data/LIP-RTVE/ROIs/speaker065/speaker065_0039.npz,../data/LIP-RTVE/transcriptions/speaker065/speaker065_0039.txt,5,utf-8
5655,LIP-RTVE,speaker065_0041,47,../data/LIP-RTVE/WAVs/speaker065/speaker065_0041.wav,../data/LIP-RTVE/ROIs/speaker065/speaker065_0041.npz,../data/LIP-RTVE/transcriptions/speaker065/speaker065_0041.txt,5,utf-8
5656,LIP-RTVE,speaker065_0042,118,../data/LIP-RTVE/WAVs/speaker065/speaker065_0042.wav,../data/LIP-RTVE/ROIs/speaker065/speaker065_0042.npz,../data/LIP-RTVE/transcriptions/speaker065/speaker065_0042.txt,5,utf-8
5657,LIP-RTVE,speaker065_0045,27,../data/LIP-RTVE/WAVs/speaker065/speaker065_0045.wav,../data/LIP-RTVE/ROIs/speaker065/speaker065_0045.npz,../data/LIP-RTVE/transcriptions/speaker065/speaker065_0045.txt,5,utf-8
5658,LIP-RTVE,speaker065_0046,79,../data/LIP-RTVE/WAVs/speaker065/speaker065_0046.wav,../data/LIP-RTVE/ROIs/speaker065/speaker065_0046.npz,../data/LIP-RTVE/transcriptions/speaker065/speaker065_0046.txt,5,utf-8
5659,LIP-RTVE,speaker065_0048,106,../data/LIP-RTVE/WAVs/speaker065/speaker065_0048.wav,../data/LIP-RTVE/ROIs/speaker065/speaker065_0048.npz,../data/LIP-RTVE/transcriptions/speaker065/speaker065_0048.txt,5,utf-8
5660,LIP-RTVE,speaker065_0049,78,../data/LIP-RTVE/WAVs/speaker065/speaker065_0049.wav,../data/LIP-RTVE/ROIs/speaker065/speaker065_0049.npz,../data/LIP-RTVE/transcriptions/speaker065/speaker065_0049.txt,5,utf-8
5661,LIP-RTVE,speaker065_0051,48,../data/LIP-RTVE/WAVs/speaker065/speaker065_0051.wav,../data/LIP-RTVE/ROIs/speaker065/speaker065_0051.npz,../data/LIP-RTVE/transcriptions/speaker065/speaker065_0051.txt,5,utf-8
5662,LIP-RTVE,speaker065_0052,27,../data/LIP-RTVE/WAVs/speaker065/speaker065_0052.wav,../data/LIP-RTVE/ROIs/speaker065/speaker065_0052.npz,../data/LIP-RTVE/transcriptions/speaker065/speaker065_0052.txt,5,utf-8
5663,LIP-RTVE,speaker065_0053,67,../data/LIP-RTVE/WAVs/speaker065/speaker065_0053.wav,../data/LIP-RTVE/ROIs/speaker065/speaker065_0053.npz,../data/LIP-RTVE/transcriptions/speaker065/speaker065_0053.txt,5,utf-8
5664,LIP-RTVE,speaker065_0054,38,../data/LIP-RTVE/WAVs/speaker065/speaker065_0054.wav,../data/LIP-RTVE/ROIs/speaker065/speaker065_0054.npz,../data/LIP-RTVE/transcriptions/speaker065/speaker065_0054.txt,5,utf-8
5665,LIP-RTVE,speaker065_0055,55,../data/LIP-RTVE/WAVs/speaker065/speaker065_0055.wav,../data/LIP-RTVE/ROIs/speaker065/speaker065_0055.npz,../data/LIP-RTVE/transcriptions/speaker065/speaker065_0055.txt,5,utf-8
5666,LIP-RTVE,speaker065_0056,26,../data/LIP-RTVE/WAVs/speaker065/speaker065_0056.wav,../data/LIP-RTVE/ROIs/speaker065/speaker065_0056.npz,../data/LIP-RTVE/transcriptions/speaker065/speaker065_0056.txt,5,utf-8
5667,LIP-RTVE,speaker065_0059,98,../data/LIP-RTVE/WAVs/speaker065/speaker065_0059.wav,../data/LIP-RTVE/ROIs/speaker065/speaker065_0059.npz,../data/LIP-RTVE/transcriptions/speaker065/speaker065_0059.txt,5,utf-8
5668,LIP-RTVE,speaker065_0060,27,../data/LIP-RTVE/WAVs/speaker065/speaker065_0060.wav,../data/LIP-RTVE/ROIs/speaker065/speaker065_0060.npz,../data/LIP-RTVE/transcriptions/speaker065/speaker065_0060.txt,5,utf-8
5669,LIP-RTVE,speaker065_0061,26,../data/LIP-RTVE/WAVs/speaker065/speaker065_0061.wav,../data/LIP-RTVE/ROIs/speaker065/speaker065_0061.npz,../data/LIP-RTVE/transcriptions/speaker065/speaker065_0061.txt,5,utf-8
5670,LIP-RTVE,speaker065_0062,55,../data/LIP-RTVE/WAVs/speaker065/speaker065_0062.wav,../data/LIP-RTVE/ROIs/speaker065/speaker065_0062.npz,../data/LIP-RTVE/transcriptions/speaker065/speaker065_0062.txt,5,utf-8
5671,LIP-RTVE,speaker065_0063,37,../data/LIP-RTVE/WAVs/speaker065/speaker065_0063.wav,../data/LIP-RTVE/ROIs/speaker065/speaker065_0063.npz,../data/LIP-RTVE/transcriptions/speaker065/speaker065_0063.txt,5,utf-8
5672,LIP-RTVE,speaker065_0064,36,../data/LIP-RTVE/WAVs/speaker065/speaker065_0064.wav,../data/LIP-RTVE/ROIs/speaker065/speaker065_0064.npz,../data/LIP-RTVE/transcriptions/speaker065/speaker065_0064.txt,5,utf-8
5673,LIP-RTVE,speaker065_0065,124,../data/LIP-RTVE/WAVs/speaker065/speaker065_0065.wav,../data/LIP-RTVE/ROIs/speaker065/speaker065_0065.npz,../data/LIP-RTVE/transcriptions/speaker065/speaker065_0065.txt,5,utf-8
5674,LIP-RTVE,speaker065_0066,132,../data/LIP-RTVE/WAVs/speaker065/speaker065_0066.wav,../data/LIP-RTVE/ROIs/speaker065/speaker065_0066.npz,../data/LIP-RTVE/transcriptions/speaker065/speaker065_0066.txt,5,utf-8
5675,LIP-RTVE,speaker065_0067,39,../data/LIP-RTVE/WAVs/speaker065/speaker065_0067.wav,../data/LIP-RTVE/ROIs/speaker065/speaker065_0067.npz,../data/LIP-RTVE/transcriptions/speaker065/speaker065_0067.txt,5,utf-8
5676,LIP-RTVE,speaker065_0068,136,../data/LIP-RTVE/WAVs/speaker065/speaker065_0068.wav,../data/LIP-RTVE/ROIs/speaker065/speaker065_0068.npz,../data/LIP-RTVE/transcriptions/speaker065/speaker065_0068.txt,5,utf-8
5677,LIP-RTVE,speaker065_0070,31,../data/LIP-RTVE/WAVs/speaker065/speaker065_0070.wav,../data/LIP-RTVE/ROIs/speaker065/speaker065_0070.npz,../data/LIP-RTVE/transcriptions/speaker065/speaker065_0070.txt,5,utf-8
5678,LIP-RTVE,speaker065_0072,134,../data/LIP-RTVE/WAVs/speaker065/speaker065_0072.wav,../data/LIP-RTVE/ROIs/speaker065/speaker065_0072.npz,../data/LIP-RTVE/transcriptions/speaker065/speaker065_0072.txt,5,utf-8
5679,LIP-RTVE,speaker065_0073,147,../data/LIP-RTVE/WAVs/speaker065/speaker065_0073.wav,../data/LIP-RTVE/ROIs/speaker065/speaker065_0073.npz,../data/LIP-RTVE/transcriptions/speaker065/speaker065_0073.txt,5,utf-8
5680,LIP-RTVE,speaker065_0074,48,../data/LIP-RTVE/WAVs/speaker065/speaker065_0074.wav,../data/LIP-RTVE/ROIs/speaker065/speaker065_0074.npz,../data/LIP-RTVE/transcriptions/speaker065/speaker065_0074.txt,5,utf-8
5681,LIP-RTVE,speaker065_0075,35,../data/LIP-RTVE/WAVs/speaker065/speaker065_0075.wav,../data/LIP-RTVE/ROIs/speaker065/speaker065_0075.npz,../data/LIP-RTVE/transcriptions/speaker065/speaker065_0075.txt,5,utf-8
5682,LIP-RTVE,speaker065_0076,50,../data/LIP-RTVE/WAVs/speaker065/speaker065_0076.wav,../data/LIP-RTVE/ROIs/speaker065/speaker065_0076.npz,../data/LIP-RTVE/transcriptions/speaker065/speaker065_0076.txt,5,utf-8
5683,LIP-RTVE,speaker065_0077,99,../data/LIP-RTVE/WAVs/speaker065/speaker065_0077.wav,../data/LIP-RTVE/ROIs/speaker065/speaker065_0077.npz,../data/LIP-RTVE/transcriptions/speaker065/speaker065_0077.txt,5,utf-8
5684,LIP-RTVE,speaker065_0079,102,../data/LIP-RTVE/WAVs/speaker065/speaker065_0079.wav,../data/LIP-RTVE/ROIs/speaker065/speaker065_0079.npz,../data/LIP-RTVE/transcriptions/speaker065/speaker065_0079.txt,5,utf-8
5685,LIP-RTVE,speaker065_0080,76,../data/LIP-RTVE/WAVs/speaker065/speaker065_0080.wav,../data/LIP-RTVE/ROIs/speaker065/speaker065_0080.npz,../data/LIP-RTVE/transcriptions/speaker065/speaker065_0080.txt,5,utf-8
5686,LIP-RTVE,speaker065_0081,156,../data/LIP-RTVE/WAVs/speaker065/speaker065_0081.wav,../data/LIP-RTVE/ROIs/speaker065/speaker065_0081.npz,../data/LIP-RTVE/transcriptions/speaker065/speaker065_0081.txt,5,utf-8
5687,LIP-RTVE,speaker065_0086,48,../data/LIP-RTVE/WAVs/speaker065/speaker065_0086.wav,../data/LIP-RTVE/ROIs/speaker065/speaker065_0086.npz,../data/LIP-RTVE/transcriptions/speaker065/speaker065_0086.txt,5,utf-8
5688,LIP-RTVE,speaker065_0088,171,../data/LIP-RTVE/WAVs/speaker065/speaker065_0088.wav,../data/LIP-RTVE/ROIs/speaker065/speaker065_0088.npz,../data/LIP-RTVE/transcriptions/speaker065/speaker065_0088.txt,5,utf-8
5689,LIP-RTVE,speaker065_0089,140,../data/LIP-RTVE/WAVs/speaker065/speaker065_0089.wav,../data/LIP-RTVE/ROIs/speaker065/speaker065_0089.npz,../data/LIP-RTVE/transcriptions/speaker065/speaker065_0089.txt,5,utf-8
5690,LIP-RTVE,speaker065_0090,54,../data/LIP-RTVE/WAVs/speaker065/speaker065_0090.wav,../data/LIP-RTVE/ROIs/speaker065/speaker065_0090.npz,../data/LIP-RTVE/transcriptions/speaker065/speaker065_0090.txt,5,utf-8
5691,LIP-RTVE,speaker065_0091,30,../data/LIP-RTVE/WAVs/speaker065/speaker065_0091.wav,../data/LIP-RTVE/ROIs/speaker065/speaker065_0091.npz,../data/LIP-RTVE/transcriptions/speaker065/speaker065_0091.txt,5,utf-8
5692,LIP-RTVE,speaker065_0092,36,../data/LIP-RTVE/WAVs/speaker065/speaker065_0092.wav,../data/LIP-RTVE/ROIs/speaker065/speaker065_0092.npz,../data/LIP-RTVE/transcriptions/speaker065/speaker065_0092.txt,5,utf-8
5693,LIP-RTVE,speaker065_0094,44,../data/LIP-RTVE/WAVs/speaker065/speaker065_0094.wav,../data/LIP-RTVE/ROIs/speaker065/speaker065_0094.npz,../data/LIP-RTVE/transcriptions/speaker065/speaker065_0094.txt,5,utf-8
5694,LIP-RTVE,speaker065_0095,65,../data/LIP-RTVE/WAVs/speaker065/speaker065_0095.wav,../data/LIP-RTVE/ROIs/speaker065/speaker065_0095.npz,../data/LIP-RTVE/transcriptions/speaker065/speaker065_0095.txt,5,utf-8
5695,LIP-RTVE,speaker065_0096,45,../data/LIP-RTVE/WAVs/speaker065/speaker065_0096.wav,../data/LIP-RTVE/ROIs/speaker065/speaker065_0096.npz,../data/LIP-RTVE/transcriptions/speaker065/speaker065_0096.txt,5,utf-8
5696,LIP-RTVE,speaker065_0099,204,../data/LIP-RTVE/WAVs/speaker065/speaker065_0099.wav,../data/LIP-RTVE/ROIs/speaker065/speaker065_0099.npz,../data/LIP-RTVE/transcriptions/speaker065/speaker065_0099.txt,5,utf-8
5697,LIP-RTVE,speaker066_0000,146,../data/LIP-RTVE/WAVs/speaker066/speaker066_0000.wav,../data/LIP-RTVE/ROIs/speaker066/speaker066_0000.npz,../data/LIP-RTVE/transcriptions/speaker066/speaker066_0000.txt,5,utf-8
5698,LIP-RTVE,speaker066_0002,192,../data/LIP-RTVE/WAVs/speaker066/speaker066_0002.wav,../data/LIP-RTVE/ROIs/speaker066/speaker066_0002.npz,../data/LIP-RTVE/transcriptions/speaker066/speaker066_0002.txt,5,utf-8
5699,LIP-RTVE,speaker066_0003,59,../data/LIP-RTVE/WAVs/speaker066/speaker066_0003.wav,../data/LIP-RTVE/ROIs/speaker066/speaker066_0003.npz,../data/LIP-RTVE/transcriptions/speaker066/speaker066_0003.txt,5,utf-8
5700,LIP-RTVE,speaker066_0004,171,../data/LIP-RTVE/WAVs/speaker066/speaker066_0004.wav,../data/LIP-RTVE/ROIs/speaker066/speaker066_0004.npz,../data/LIP-RTVE/transcriptions/speaker066/speaker066_0004.txt,5,utf-8
5701,LIP-RTVE,speaker066_0005,111,../data/LIP-RTVE/WAVs/speaker066/speaker066_0005.wav,../data/LIP-RTVE/ROIs/speaker066/speaker066_0005.npz,../data/LIP-RTVE/transcriptions/speaker066/speaker066_0005.txt,5,utf-8
5702,LIP-RTVE,speaker066_0008,77,../data/LIP-RTVE/WAVs/speaker066/speaker066_0008.wav,../data/LIP-RTVE/ROIs/speaker066/speaker066_0008.npz,../data/LIP-RTVE/transcriptions/speaker066/speaker066_0008.txt,5,utf-8
5703,LIP-RTVE,speaker066_0010,61,../data/LIP-RTVE/WAVs/speaker066/speaker066_0010.wav,../data/LIP-RTVE/ROIs/speaker066/speaker066_0010.npz,../data/LIP-RTVE/transcriptions/speaker066/speaker066_0010.txt,5,utf-8
5704,LIP-RTVE,speaker066_0012,119,../data/LIP-RTVE/WAVs/speaker066/speaker066_0012.wav,../data/LIP-RTVE/ROIs/speaker066/speaker066_0012.npz,../data/LIP-RTVE/transcriptions/speaker066/speaker066_0012.txt,5,utf-8
5705,LIP-RTVE,speaker066_0013,94,../data/LIP-RTVE/WAVs/speaker066/speaker066_0013.wav,../data/LIP-RTVE/ROIs/speaker066/speaker066_0013.npz,../data/LIP-RTVE/transcriptions/speaker066/speaker066_0013.txt,5,utf-8
5706,LIP-RTVE,speaker066_0014,105,../data/LIP-RTVE/WAVs/speaker066/speaker066_0014.wav,../data/LIP-RTVE/ROIs/speaker066/speaker066_0014.npz,../data/LIP-RTVE/transcriptions/speaker066/speaker066_0014.txt,5,utf-8
5707,LIP-RTVE,speaker066_0015,67,../data/LIP-RTVE/WAVs/speaker066/speaker066_0015.wav,../data/LIP-RTVE/ROIs/speaker066/speaker066_0015.npz,../data/LIP-RTVE/transcriptions/speaker066/speaker066_0015.txt,5,utf-8
5708,LIP-RTVE,speaker066_0017,73,../data/LIP-RTVE/WAVs/speaker066/speaker066_0017.wav,../data/LIP-RTVE/ROIs/speaker066/speaker066_0017.npz,../data/LIP-RTVE/transcriptions/speaker066/speaker066_0017.txt,5,utf-8
5709,LIP-RTVE,speaker066_0018,94,../data/LIP-RTVE/WAVs/speaker066/speaker066_0018.wav,../data/LIP-RTVE/ROIs/speaker066/speaker066_0018.npz,../data/LIP-RTVE/transcriptions/speaker066/speaker066_0018.txt,5,utf-8
5710,LIP-RTVE,speaker066_0019,55,../data/LIP-RTVE/WAVs/speaker066/speaker066_0019.wav,../data/LIP-RTVE/ROIs/speaker066/speaker066_0019.npz,../data/LIP-RTVE/transcriptions/speaker066/speaker066_0019.txt,5,utf-8
5711,LIP-RTVE,speaker066_0020,47,../data/LIP-RTVE/WAVs/speaker066/speaker066_0020.wav,../data/LIP-RTVE/ROIs/speaker066/speaker066_0020.npz,../data/LIP-RTVE/transcriptions/speaker066/speaker066_0020.txt,5,utf-8
5712,LIP-RTVE,speaker066_0021,26,../data/LIP-RTVE/WAVs/speaker066/speaker066_0021.wav,../data/LIP-RTVE/ROIs/speaker066/speaker066_0021.npz,../data/LIP-RTVE/transcriptions/speaker066/speaker066_0021.txt,5,utf-8
5713,LIP-RTVE,speaker067_0000,118,../data/LIP-RTVE/WAVs/speaker067/speaker067_0000.wav,../data/LIP-RTVE/ROIs/speaker067/speaker067_0000.npz,../data/LIP-RTVE/transcriptions/speaker067/speaker067_0000.txt,5,utf-8
5714,LIP-RTVE,speaker067_0001,140,../data/LIP-RTVE/WAVs/speaker067/speaker067_0001.wav,../data/LIP-RTVE/ROIs/speaker067/speaker067_0001.npz,../data/LIP-RTVE/transcriptions/speaker067/speaker067_0001.txt,5,utf-8
5715,LIP-RTVE,speaker068_0000,118,../data/LIP-RTVE/WAVs/speaker068/speaker068_0000.wav,../data/LIP-RTVE/ROIs/speaker068/speaker068_0000.npz,../data/LIP-RTVE/transcriptions/speaker068/speaker068_0000.txt,5,utf-8
5716,LIP-RTVE,speaker068_0001,59,../data/LIP-RTVE/WAVs/speaker068/speaker068_0001.wav,../data/LIP-RTVE/ROIs/speaker068/speaker068_0001.npz,../data/LIP-RTVE/transcriptions/speaker068/speaker068_0001.txt,5,utf-8
5717,LIP-RTVE,speaker068_0002,143,../data/LIP-RTVE/WAVs/speaker068/speaker068_0002.wav,../data/LIP-RTVE/ROIs/speaker068/speaker068_0002.npz,../data/LIP-RTVE/transcriptions/speaker068/speaker068_0002.txt,5,utf-8
5718,LIP-RTVE,speaker068_0004,98,../data/LIP-RTVE/WAVs/speaker068/speaker068_0004.wav,../data/LIP-RTVE/ROIs/speaker068/speaker068_0004.npz,../data/LIP-RTVE/transcriptions/speaker068/speaker068_0004.txt,5,utf-8
5719,LIP-RTVE,speaker068_0005,185,../data/LIP-RTVE/WAVs/speaker068/speaker068_0005.wav,../data/LIP-RTVE/ROIs/speaker068/speaker068_0005.npz,../data/LIP-RTVE/transcriptions/speaker068/speaker068_0005.txt,5,utf-8
5720,LIP-RTVE,speaker068_0006,82,../data/LIP-RTVE/WAVs/speaker068/speaker068_0006.wav,../data/LIP-RTVE/ROIs/speaker068/speaker068_0006.npz,../data/LIP-RTVE/transcriptions/speaker068/speaker068_0006.txt,5,utf-8
5721,LIP-RTVE,speaker068_0007,126,../data/LIP-RTVE/WAVs/speaker068/speaker068_0007.wav,../data/LIP-RTVE/ROIs/speaker068/speaker068_0007.npz,../data/LIP-RTVE/transcriptions/speaker068/speaker068_0007.txt,5,utf-8
5722,LIP-RTVE,speaker068_0009,57,../data/LIP-RTVE/WAVs/speaker068/speaker068_0009.wav,../data/LIP-RTVE/ROIs/speaker068/speaker068_0009.npz,../data/LIP-RTVE/transcriptions/speaker068/speaker068_0009.txt,5,utf-8
5723,LIP-RTVE,speaker068_0010,116,../data/LIP-RTVE/WAVs/speaker068/speaker068_0010.wav,../data/LIP-RTVE/ROIs/speaker068/speaker068_0010.npz,../data/LIP-RTVE/transcriptions/speaker068/speaker068_0010.txt,5,utf-8
5724,LIP-RTVE,speaker068_0011,91,../data/LIP-RTVE/WAVs/speaker068/speaker068_0011.wav,../data/LIP-RTVE/ROIs/speaker068/speaker068_0011.npz,../data/LIP-RTVE/transcriptions/speaker068/speaker068_0011.txt,5,utf-8
5725,LIP-RTVE,speaker068_0013,26,../data/LIP-RTVE/WAVs/speaker068/speaker068_0013.wav,../data/LIP-RTVE/ROIs/speaker068/speaker068_0013.npz,../data/LIP-RTVE/transcriptions/speaker068/speaker068_0013.txt,5,utf-8
5726,LIP-RTVE,speaker068_0015,37,../data/LIP-RTVE/WAVs/speaker068/speaker068_0015.wav,../data/LIP-RTVE/ROIs/speaker068/speaker068_0015.npz,../data/LIP-RTVE/transcriptions/speaker068/speaker068_0015.txt,5,utf-8
5727,LIP-RTVE,speaker069_0000,154,../data/LIP-RTVE/WAVs/speaker069/speaker069_0000.wav,../data/LIP-RTVE/ROIs/speaker069/speaker069_0000.npz,../data/LIP-RTVE/transcriptions/speaker069/speaker069_0000.txt,5,utf-8
5728,LIP-RTVE,speaker069_0001,206,../data/LIP-RTVE/WAVs/speaker069/speaker069_0001.wav,../data/LIP-RTVE/ROIs/speaker069/speaker069_0001.npz,../data/LIP-RTVE/transcriptions/speaker069/speaker069_0001.txt,5,utf-8
5729,LIP-RTVE,speaker069_0003,73,../data/LIP-RTVE/WAVs/speaker069/speaker069_0003.wav,../data/LIP-RTVE/ROIs/speaker069/speaker069_0003.npz,../data/LIP-RTVE/transcriptions/speaker069/speaker069_0003.txt,5,utf-8
5730,LIP-RTVE,speaker070_0002,191,../data/LIP-RTVE/WAVs/speaker070/speaker070_0002.wav,../data/LIP-RTVE/ROIs/speaker070/speaker070_0002.npz,../data/LIP-RTVE/transcriptions/speaker070/speaker070_0002.txt,5,utf-8
5731,LIP-RTVE,speaker070_0003,114,../data/LIP-RTVE/WAVs/speaker070/speaker070_0003.wav,../data/LIP-RTVE/ROIs/speaker070/speaker070_0003.npz,../data/LIP-RTVE/transcriptions/speaker070/speaker070_0003.txt,5,utf-8
5732,LIP-RTVE,speaker070_0004,46,../data/LIP-RTVE/WAVs/speaker070/speaker070_0004.wav,../data/LIP-RTVE/ROIs/speaker070/speaker070_0004.npz,../data/LIP-RTVE/transcriptions/speaker070/speaker070_0004.txt,5,utf-8
5733,LIP-RTVE,speaker070_0007,119,../data/LIP-RTVE/WAVs/speaker070/speaker070_0007.wav,../data/LIP-RTVE/ROIs/speaker070/speaker070_0007.npz,../data/LIP-RTVE/transcriptions/speaker070/speaker070_0007.txt,5,utf-8
5734,LIP-RTVE,speaker070_0008,43,../data/LIP-RTVE/WAVs/speaker070/speaker070_0008.wav,../data/LIP-RTVE/ROIs/speaker070/speaker070_0008.npz,../data/LIP-RTVE/transcriptions/speaker070/speaker070_0008.txt,5,utf-8
5735,LIP-RTVE,speaker070_0009,74,../data/LIP-RTVE/WAVs/speaker070/speaker070_0009.wav,../data/LIP-RTVE/ROIs/speaker070/speaker070_0009.npz,../data/LIP-RTVE/transcriptions/speaker070/speaker070_0009.txt,5,utf-8
5736,LIP-RTVE,speaker070_0010,120,../data/LIP-RTVE/WAVs/speaker070/speaker070_0010.wav,../data/LIP-RTVE/ROIs/speaker070/speaker070_0010.npz,../data/LIP-RTVE/transcriptions/speaker070/speaker070_0010.txt,5,utf-8
5737,LIP-RTVE,speaker070_0011,127,../data/LIP-RTVE/WAVs/speaker070/speaker070_0011.wav,../data/LIP-RTVE/ROIs/speaker070/speaker070_0011.npz,../data/LIP-RTVE/transcriptions/speaker070/speaker070_0011.txt,5,utf-8
5738,LIP-RTVE,speaker070_0012,93,../data/LIP-RTVE/WAVs/speaker070/speaker070_0012.wav,../data/LIP-RTVE/ROIs/speaker070/speaker070_0012.npz,../data/LIP-RTVE/transcriptions/speaker070/speaker070_0012.txt,5,utf-8
5739,LIP-RTVE,speaker070_0013,41,../data/LIP-RTVE/WAVs/speaker070/speaker070_0013.wav,../data/LIP-RTVE/ROIs/speaker070/speaker070_0013.npz,../data/LIP-RTVE/transcriptions/speaker070/speaker070_0013.txt,5,utf-8
5740,LIP-RTVE,speaker070_0014,147,../data/LIP-RTVE/WAVs/speaker070/speaker070_0014.wav,../data/LIP-RTVE/ROIs/speaker070/speaker070_0014.npz,../data/LIP-RTVE/transcriptions/speaker070/speaker070_0014.txt,5,utf-8
5741,LIP-RTVE,speaker070_0016,51,../data/LIP-RTVE/WAVs/speaker070/speaker070_0016.wav,../data/LIP-RTVE/ROIs/speaker070/speaker070_0016.npz,../data/LIP-RTVE/transcriptions/speaker070/speaker070_0016.txt,5,utf-8
5742,LIP-RTVE,speaker070_0017,43,../data/LIP-RTVE/WAVs/speaker070/speaker070_0017.wav,../data/LIP-RTVE/ROIs/speaker070/speaker070_0017.npz,../data/LIP-RTVE/transcriptions/speaker070/speaker070_0017.txt,5,utf-8
5743,LIP-RTVE,speaker070_0018,26,../data/LIP-RTVE/WAVs/speaker070/speaker070_0018.wav,../data/LIP-RTVE/ROIs/speaker070/speaker070_0018.npz,../data/LIP-RTVE/transcriptions/speaker070/speaker070_0018.txt,5,utf-8
5744,LIP-RTVE,speaker070_0022,73,../data/LIP-RTVE/WAVs/speaker070/speaker070_0022.wav,../data/LIP-RTVE/ROIs/speaker070/speaker070_0022.npz,../data/LIP-RTVE/transcriptions/speaker070/speaker070_0022.txt,5,utf-8
5745,LIP-RTVE,speaker070_0023,109,../data/LIP-RTVE/WAVs/speaker070/speaker070_0023.wav,../data/LIP-RTVE/ROIs/speaker070/speaker070_0023.npz,../data/LIP-RTVE/transcriptions/speaker070/speaker070_0023.txt,5,utf-8
5746,LIP-RTVE,speaker070_0024,38,../data/LIP-RTVE/WAVs/speaker070/speaker070_0024.wav,../data/LIP-RTVE/ROIs/speaker070/speaker070_0024.npz,../data/LIP-RTVE/transcriptions/speaker070/speaker070_0024.txt,5,utf-8
5747,LIP-RTVE,speaker070_0025,149,../data/LIP-RTVE/WAVs/speaker070/speaker070_0025.wav,../data/LIP-RTVE/ROIs/speaker070/speaker070_0025.npz,../data/LIP-RTVE/transcriptions/speaker070/speaker070_0025.txt,5,utf-8
5748,LIP-RTVE,speaker070_0028,186,../data/LIP-RTVE/WAVs/speaker070/speaker070_0028.wav,../data/LIP-RTVE/ROIs/speaker070/speaker070_0028.npz,../data/LIP-RTVE/transcriptions/speaker070/speaker070_0028.txt,5,utf-8
5749,LIP-RTVE,speaker070_0029,131,../data/LIP-RTVE/WAVs/speaker070/speaker070_0029.wav,../data/LIP-RTVE/ROIs/speaker070/speaker070_0029.npz,../data/LIP-RTVE/transcriptions/speaker070/speaker070_0029.txt,5,utf-8
5750,LIP-RTVE,speaker070_0030,29,../data/LIP-RTVE/WAVs/speaker070/speaker070_0030.wav,../data/LIP-RTVE/ROIs/speaker070/speaker070_0030.npz,../data/LIP-RTVE/transcriptions/speaker070/speaker070_0030.txt,5,utf-8
5751,LIP-RTVE,speaker070_0031,101,../data/LIP-RTVE/WAVs/speaker070/speaker070_0031.wav,../data/LIP-RTVE/ROIs/speaker070/speaker070_0031.npz,../data/LIP-RTVE/transcriptions/speaker070/speaker070_0031.txt,5,utf-8
5752,LIP-RTVE,speaker071_0001,172,../data/LIP-RTVE/WAVs/speaker071/speaker071_0001.wav,../data/LIP-RTVE/ROIs/speaker071/speaker071_0001.npz,../data/LIP-RTVE/transcriptions/speaker071/speaker071_0001.txt,5,utf-8
5753,LIP-RTVE,speaker072_0000,215,../data/LIP-RTVE/WAVs/speaker072/speaker072_0000.wav,../data/LIP-RTVE/ROIs/speaker072/speaker072_0000.npz,../data/LIP-RTVE/transcriptions/speaker072/speaker072_0000.txt,5,utf-8
5754,LIP-RTVE,speaker073_0000,194,../data/LIP-RTVE/WAVs/speaker073/speaker073_0000.wav,../data/LIP-RTVE/ROIs/speaker073/speaker073_0000.npz,../data/LIP-RTVE/transcriptions/speaker073/speaker073_0000.txt,5,utf-8
5755,LIP-RTVE,speaker074_0001,71,../data/LIP-RTVE/WAVs/speaker074/speaker074_0001.wav,../data/LIP-RTVE/ROIs/speaker074/speaker074_0001.npz,../data/LIP-RTVE/transcriptions/speaker074/speaker074_0001.txt,5,utf-8
5756,LIP-RTVE,speaker074_0002,143,../data/LIP-RTVE/WAVs/speaker074/speaker074_0002.wav,../data/LIP-RTVE/ROIs/speaker074/speaker074_0002.npz,../data/LIP-RTVE/transcriptions/speaker074/speaker074_0002.txt,5,utf-8
5757,LIP-RTVE,speaker074_0003,171,../data/LIP-RTVE/WAVs/speaker074/speaker074_0003.wav,../data/LIP-RTVE/ROIs/speaker074/speaker074_0003.npz,../data/LIP-RTVE/transcriptions/speaker074/speaker074_0003.txt,5,utf-8
5758,LIP-RTVE,speaker074_0004,34,../data/LIP-RTVE/WAVs/speaker074/speaker074_0004.wav,../data/LIP-RTVE/ROIs/speaker074/speaker074_0004.npz,../data/LIP-RTVE/transcriptions/speaker074/speaker074_0004.txt,5,utf-8
5759,LIP-RTVE,speaker074_0005,70,../data/LIP-RTVE/WAVs/speaker074/speaker074_0005.wav,../data/LIP-RTVE/ROIs/speaker074/speaker074_0005.npz,../data/LIP-RTVE/transcriptions/speaker074/speaker074_0005.txt,5,utf-8
5760,LIP-RTVE,speaker074_0007,27,../data/LIP-RTVE/WAVs/speaker074/speaker074_0007.wav,../data/LIP-RTVE/ROIs/speaker074/speaker074_0007.npz,../data/LIP-RTVE/transcriptions/speaker074/speaker074_0007.txt,5,utf-8
5761,LIP-RTVE,speaker074_0010,50,../data/LIP-RTVE/WAVs/speaker074/speaker074_0010.wav,../data/LIP-RTVE/ROIs/speaker074/speaker074_0010.npz,../data/LIP-RTVE/transcriptions/speaker074/speaker074_0010.txt,5,utf-8
5762,LIP-RTVE,speaker074_0011,108,../data/LIP-RTVE/WAVs/speaker074/speaker074_0011.wav,../data/LIP-RTVE/ROIs/speaker074/speaker074_0011.npz,../data/LIP-RTVE/transcriptions/speaker074/speaker074_0011.txt,5,utf-8
5763,LIP-RTVE,speaker074_0013,77,../data/LIP-RTVE/WAVs/speaker074/speaker074_0013.wav,../data/LIP-RTVE/ROIs/speaker074/speaker074_0013.npz,../data/LIP-RTVE/transcriptions/speaker074/speaker074_0013.txt,5,utf-8
5764,LIP-RTVE,speaker074_0014,39,../data/LIP-RTVE/WAVs/speaker074/speaker074_0014.wav,../data/LIP-RTVE/ROIs/speaker074/speaker074_0014.npz,../data/LIP-RTVE/transcriptions/speaker074/speaker074_0014.txt,5,utf-8
5765,LIP-RTVE,speaker074_0015,48,../data/LIP-RTVE/WAVs/speaker074/speaker074_0015.wav,../data/LIP-RTVE/ROIs/speaker074/speaker074_0015.npz,../data/LIP-RTVE/transcriptions/speaker074/speaker074_0015.txt,5,utf-8
5766,LIP-RTVE,speaker074_0016,133,../data/LIP-RTVE/WAVs/speaker074/speaker074_0016.wav,../data/LIP-RTVE/ROIs/speaker074/speaker074_0016.npz,../data/LIP-RTVE/transcriptions/speaker074/speaker074_0016.txt,5,utf-8
5767,LIP-RTVE,speaker074_0017,157,../data/LIP-RTVE/WAVs/speaker074/speaker074_0017.wav,../data/LIP-RTVE/ROIs/speaker074/speaker074_0017.npz,../data/LIP-RTVE/transcriptions/speaker074/speaker074_0017.txt,5,utf-8
5768,LIP-RTVE,speaker074_0018,65,../data/LIP-RTVE/WAVs/speaker074/speaker074_0018.wav,../data/LIP-RTVE/ROIs/speaker074/speaker074_0018.npz,../data/LIP-RTVE/transcriptions/speaker074/speaker074_0018.txt,5,utf-8
5769,LIP-RTVE,speaker074_0019,103,../data/LIP-RTVE/WAVs/speaker074/speaker074_0019.wav,../data/LIP-RTVE/ROIs/speaker074/speaker074_0019.npz,../data/LIP-RTVE/transcriptions/speaker074/speaker074_0019.txt,5,utf-8
5770,LIP-RTVE,speaker074_0021,84,../data/LIP-RTVE/WAVs/speaker074/speaker074_0021.wav,../data/LIP-RTVE/ROIs/speaker074/speaker074_0021.npz,../data/LIP-RTVE/transcriptions/speaker074/speaker074_0021.txt,5,utf-8
5771,LIP-RTVE,speaker074_0023,154,../data/LIP-RTVE/WAVs/speaker074/speaker074_0023.wav,../data/LIP-RTVE/ROIs/speaker074/speaker074_0023.npz,../data/LIP-RTVE/transcriptions/speaker074/speaker074_0023.txt,5,utf-8
5772,LIP-RTVE,speaker074_0024,76,../data/LIP-RTVE/WAVs/speaker074/speaker074_0024.wav,../data/LIP-RTVE/ROIs/speaker074/speaker074_0024.npz,../data/LIP-RTVE/transcriptions/speaker074/speaker074_0024.txt,5,utf-8
5773,LIP-RTVE,speaker074_0025,267,../data/LIP-RTVE/WAVs/speaker074/speaker074_0025.wav,../data/LIP-RTVE/ROIs/speaker074/speaker074_0025.npz,../data/LIP-RTVE/transcriptions/speaker074/speaker074_0025.txt,5,utf-8
5774,LIP-RTVE,speaker074_0026,105,../data/LIP-RTVE/WAVs/speaker074/speaker074_0026.wav,../data/LIP-RTVE/ROIs/speaker074/speaker074_0026.npz,../data/LIP-RTVE/transcriptions/speaker074/speaker074_0026.txt,5,utf-8
5775,LIP-RTVE,speaker074_0027,150,../data/LIP-RTVE/WAVs/speaker074/speaker074_0027.wav,../data/LIP-RTVE/ROIs/speaker074/speaker074_0027.npz,../data/LIP-RTVE/transcriptions/speaker074/speaker074_0027.txt,5,utf-8
5776,LIP-RTVE,speaker074_0028,31,../data/LIP-RTVE/WAVs/speaker074/speaker074_0028.wav,../data/LIP-RTVE/ROIs/speaker074/speaker074_0028.npz,../data/LIP-RTVE/transcriptions/speaker074/speaker074_0028.txt,5,utf-8
5777,LIP-RTVE,speaker074_0030,58,../data/LIP-RTVE/WAVs/speaker074/speaker074_0030.wav,../data/LIP-RTVE/ROIs/speaker074/speaker074_0030.npz,../data/LIP-RTVE/transcriptions/speaker074/speaker074_0030.txt,5,utf-8
5778,LIP-RTVE,speaker075_0000,265,../data/LIP-RTVE/WAVs/speaker075/speaker075_0000.wav,../data/LIP-RTVE/ROIs/speaker075/speaker075_0000.npz,../data/LIP-RTVE/transcriptions/speaker075/speaker075_0000.txt,5,utf-8
5779,LIP-RTVE,speaker075_0002,53,../data/LIP-RTVE/WAVs/speaker075/speaker075_0002.wav,../data/LIP-RTVE/ROIs/speaker075/speaker075_0002.npz,../data/LIP-RTVE/transcriptions/speaker075/speaker075_0002.txt,5,utf-8
5780,LIP-RTVE,speaker075_0003,154,../data/LIP-RTVE/WAVs/speaker075/speaker075_0003.wav,../data/LIP-RTVE/ROIs/speaker075/speaker075_0003.npz,../data/LIP-RTVE/transcriptions/speaker075/speaker075_0003.txt,5,utf-8
5781,LIP-RTVE,speaker075_0004,95,../data/LIP-RTVE/WAVs/speaker075/speaker075_0004.wav,../data/LIP-RTVE/ROIs/speaker075/speaker075_0004.npz,../data/LIP-RTVE/transcriptions/speaker075/speaker075_0004.txt,5,utf-8
5782,LIP-RTVE,speaker075_0005,93,../data/LIP-RTVE/WAVs/speaker075/speaker075_0005.wav,../data/LIP-RTVE/ROIs/speaker075/speaker075_0005.npz,../data/LIP-RTVE/transcriptions/speaker075/speaker075_0005.txt,5,utf-8
5783,LIP-RTVE,speaker075_0006,35,../data/LIP-RTVE/WAVs/speaker075/speaker075_0006.wav,../data/LIP-RTVE/ROIs/speaker075/speaker075_0006.npz,../data/LIP-RTVE/transcriptions/speaker075/speaker075_0006.txt,5,utf-8
5784,LIP-RTVE,speaker075_0008,35,../data/LIP-RTVE/WAVs/speaker075/speaker075_0008.wav,../data/LIP-RTVE/ROIs/speaker075/speaker075_0008.npz,../data/LIP-RTVE/transcriptions/speaker075/speaker075_0008.txt,5,utf-8
5785,LIP-RTVE,speaker075_0010,72,../data/LIP-RTVE/WAVs/speaker075/speaker075_0010.wav,../data/LIP-RTVE/ROIs/speaker075/speaker075_0010.npz,../data/LIP-RTVE/transcriptions/speaker075/speaker075_0010.txt,5,utf-8
5786,LIP-RTVE,speaker076_0003,115,../data/LIP-RTVE/WAVs/speaker076/speaker076_0003.wav,../data/LIP-RTVE/ROIs/speaker076/speaker076_0003.npz,../data/LIP-RTVE/transcriptions/speaker076/speaker076_0003.txt,5,utf-8
5787,LIP-RTVE,speaker076_0004,138,../data/LIP-RTVE/WAVs/speaker076/speaker076_0004.wav,../data/LIP-RTVE/ROIs/speaker076/speaker076_0004.npz,../data/LIP-RTVE/transcriptions/speaker076/speaker076_0004.txt,5,utf-8
5788,LIP-RTVE,speaker077_0000,135,../data/LIP-RTVE/WAVs/speaker077/speaker077_0000.wav,../data/LIP-RTVE/ROIs/speaker077/speaker077_0000.npz,../data/LIP-RTVE/transcriptions/speaker077/speaker077_0000.txt,5,utf-8
5789,LIP-RTVE,speaker077_0001,91,../data/LIP-RTVE/WAVs/speaker077/speaker077_0001.wav,../data/LIP-RTVE/ROIs/speaker077/speaker077_0001.npz,../data/LIP-RTVE/transcriptions/speaker077/speaker077_0001.txt,5,utf-8
5790,LIP-RTVE,speaker077_0003,106,../data/LIP-RTVE/WAVs/speaker077/speaker077_0003.wav,../data/LIP-RTVE/ROIs/speaker077/speaker077_0003.npz,../data/LIP-RTVE/transcriptions/speaker077/speaker077_0003.txt,5,utf-8
5791,LIP-RTVE,speaker077_0004,71,../data/LIP-RTVE/WAVs/speaker077/speaker077_0004.wav,../data/LIP-RTVE/ROIs/speaker077/speaker077_0004.npz,../data/LIP-RTVE/transcriptions/speaker077/speaker077_0004.txt,5,utf-8
5792,LIP-RTVE,speaker077_0005,201,../data/LIP-RTVE/WAVs/speaker077/speaker077_0005.wav,../data/LIP-RTVE/ROIs/speaker077/speaker077_0005.npz,../data/LIP-RTVE/transcriptions/speaker077/speaker077_0005.txt,5,utf-8
5793,LIP-RTVE,speaker078_0001,95,../data/LIP-RTVE/WAVs/speaker078/speaker078_0001.wav,../data/LIP-RTVE/ROIs/speaker078/speaker078_0001.npz,../data/LIP-RTVE/transcriptions/speaker078/speaker078_0001.txt,5,utf-8
5794,LIP-RTVE,speaker079_0000,55,../data/LIP-RTVE/WAVs/speaker079/speaker079_0000.wav,../data/LIP-RTVE/ROIs/speaker079/speaker079_0000.npz,../data/LIP-RTVE/transcriptions/speaker079/speaker079_0000.txt,5,utf-8
5795,LIP-RTVE,speaker080_0000,26,../data/LIP-RTVE/WAVs/speaker080/speaker080_0000.wav,../data/LIP-RTVE/ROIs/speaker080/speaker080_0000.npz,../data/LIP-RTVE/transcriptions/speaker080/speaker080_0000.txt,5,utf-8
5796,LIP-RTVE,speaker082_0000,60,../data/LIP-RTVE/WAVs/speaker082/speaker082_0000.wav,../data/LIP-RTVE/ROIs/speaker082/speaker082_0000.npz,../data/LIP-RTVE/transcriptions/speaker082/speaker082_0000.txt,5,utf-8
5797,LIP-RTVE,speaker083_0000,178,../data/LIP-RTVE/WAVs/speaker083/speaker083_0000.wav,../data/LIP-RTVE/ROIs/speaker083/speaker083_0000.npz,../data/LIP-RTVE/transcriptions/speaker083/speaker083_0000.txt,5,utf-8
5798,LIP-RTVE,speaker084_0000,60,../data/LIP-RTVE/WAVs/speaker084/speaker084_0000.wav,../data/LIP-RTVE/ROIs/speaker084/speaker084_0000.npz,../data/LIP-RTVE/transcriptions/speaker084/speaker084_0000.txt,5,utf-8
5799,LIP-RTVE,speaker085_0000,77,../data/LIP-RTVE/WAVs/speaker085/speaker085_0000.wav,../data/LIP-RTVE/ROIs/speaker085/speaker085_0000.npz,../data/LIP-RTVE/transcriptions/speaker085/speaker085_0000.txt,5,utf-8
5800,LIP-RTVE,speaker087_0001,126,../data/LIP-RTVE/WAVs/speaker087/speaker087_0001.wav,../data/LIP-RTVE/ROIs/speaker087/speaker087_0001.npz,../data/LIP-RTVE/transcriptions/speaker087/speaker087_0001.txt,5,utf-8
5801,LIP-RTVE,speaker089_0000,113,../data/LIP-RTVE/WAVs/speaker089/speaker089_0000.wav,../data/LIP-RTVE/ROIs/speaker089/speaker089_0000.npz,../data/LIP-RTVE/transcriptions/speaker089/speaker089_0000.txt,5,utf-8
5802,LIP-RTVE,speaker090_0000,144,../data/LIP-RTVE/WAVs/speaker090/speaker090_0000.wav,../data/LIP-RTVE/ROIs/speaker090/speaker090_0000.npz,../data/LIP-RTVE/transcriptions/speaker090/speaker090_0000.txt,5,utf-8
5803,LIP-RTVE,speaker091_0000,148,../data/LIP-RTVE/WAVs/speaker091/speaker091_0000.wav,../data/LIP-RTVE/ROIs/speaker091/speaker091_0000.npz,../data/LIP-RTVE/transcriptions/speaker091/speaker091_0000.txt,5,utf-8
5804,LIP-RTVE,speaker091_0001,123,../data/LIP-RTVE/WAVs/speaker091/speaker091_0001.wav,../data/LIP-RTVE/ROIs/speaker091/speaker091_0001.npz,../data/LIP-RTVE/transcriptions/speaker091/speaker091_0001.txt,5,utf-8
5805,LIP-RTVE,speaker091_0002,26,../data/LIP-RTVE/WAVs/speaker091/speaker091_0002.wav,../data/LIP-RTVE/ROIs/speaker091/speaker091_0002.npz,../data/LIP-RTVE/transcriptions/speaker091/speaker091_0002.txt,5,utf-8
5806,LIP-RTVE,speaker091_0006,74,../data/LIP-RTVE/WAVs/speaker091/speaker091_0006.wav,../data/LIP-RTVE/ROIs/speaker091/speaker091_0006.npz,../data/LIP-RTVE/transcriptions/speaker091/speaker091_0006.txt,5,utf-8
5807,LIP-RTVE,speaker091_0007,141,../data/LIP-RTVE/WAVs/speaker091/speaker091_0007.wav,../data/LIP-RTVE/ROIs/speaker091/speaker091_0007.npz,../data/LIP-RTVE/transcriptions/speaker091/speaker091_0007.txt,5,utf-8
5808,LIP-RTVE,speaker091_0008,72,../data/LIP-RTVE/WAVs/speaker091/speaker091_0008.wav,../data/LIP-RTVE/ROIs/speaker091/speaker091_0008.npz,../data/LIP-RTVE/transcriptions/speaker091/speaker091_0008.txt,5,utf-8
5809,LIP-RTVE,speaker091_0009,48,../data/LIP-RTVE/WAVs/speaker091/speaker091_0009.wav,../data/LIP-RTVE/ROIs/speaker091/speaker091_0009.npz,../data/LIP-RTVE/transcriptions/speaker091/speaker091_0009.txt,5,utf-8
5810,LIP-RTVE,speaker091_0011,29,../data/LIP-RTVE/WAVs/speaker091/speaker091_0011.wav,../data/LIP-RTVE/ROIs/speaker091/speaker091_0011.npz,../data/LIP-RTVE/transcriptions/speaker091/speaker091_0011.txt,5,utf-8
5811,LIP-RTVE,speaker091_0012,104,../data/LIP-RTVE/WAVs/speaker091/speaker091_0012.wav,../data/LIP-RTVE/ROIs/speaker091/speaker091_0012.npz,../data/LIP-RTVE/transcriptions/speaker091/speaker091_0012.txt,5,utf-8
5812,LIP-RTVE,speaker091_0014,56,../data/LIP-RTVE/WAVs/speaker091/speaker091_0014.wav,../data/LIP-RTVE/ROIs/speaker091/speaker091_0014.npz,../data/LIP-RTVE/transcriptions/speaker091/speaker091_0014.txt,5,utf-8
5813,LIP-RTVE,speaker091_0015,110,../data/LIP-RTVE/WAVs/speaker091/speaker091_0015.wav,../data/LIP-RTVE/ROIs/speaker091/speaker091_0015.npz,../data/LIP-RTVE/transcriptions/speaker091/speaker091_0015.txt,5,utf-8
5814,LIP-RTVE,speaker091_0016,57,../data/LIP-RTVE/WAVs/speaker091/speaker091_0016.wav,../data/LIP-RTVE/ROIs/speaker091/speaker091_0016.npz,../data/LIP-RTVE/transcriptions/speaker091/speaker091_0016.txt,5,utf-8
5815,LIP-RTVE,speaker091_0017,77,../data/LIP-RTVE/WAVs/speaker091/speaker091_0017.wav,../data/LIP-RTVE/ROIs/speaker091/speaker091_0017.npz,../data/LIP-RTVE/transcriptions/speaker091/speaker091_0017.txt,5,utf-8
5816,LIP-RTVE,speaker091_0019,90,../data/LIP-RTVE/WAVs/speaker091/speaker091_0019.wav,../data/LIP-RTVE/ROIs/speaker091/speaker091_0019.npz,../data/LIP-RTVE/transcriptions/speaker091/speaker091_0019.txt,5,utf-8
5817,LIP-RTVE,speaker091_0020,140,../data/LIP-RTVE/WAVs/speaker091/speaker091_0020.wav,../data/LIP-RTVE/ROIs/speaker091/speaker091_0020.npz,../data/LIP-RTVE/transcriptions/speaker091/speaker091_0020.txt,5,utf-8
5818,LIP-RTVE,speaker091_0021,157,../data/LIP-RTVE/WAVs/speaker091/speaker091_0021.wav,../data/LIP-RTVE/ROIs/speaker091/speaker091_0021.npz,../data/LIP-RTVE/transcriptions/speaker091/speaker091_0021.txt,5,utf-8
5819,LIP-RTVE,speaker091_0022,106,../data/LIP-RTVE/WAVs/speaker091/speaker091_0022.wav,../data/LIP-RTVE/ROIs/speaker091/speaker091_0022.npz,../data/LIP-RTVE/transcriptions/speaker091/speaker091_0022.txt,5,utf-8
5820,LIP-RTVE,speaker092_0000,90,../data/LIP-RTVE/WAVs/speaker092/speaker092_0000.wav,../data/LIP-RTVE/ROIs/speaker092/speaker092_0000.npz,../data/LIP-RTVE/transcriptions/speaker092/speaker092_0000.txt,5,utf-8
5821,LIP-RTVE,speaker092_0001,132,../data/LIP-RTVE/WAVs/speaker092/speaker092_0001.wav,../data/LIP-RTVE/ROIs/speaker092/speaker092_0001.npz,../data/LIP-RTVE/transcriptions/speaker092/speaker092_0001.txt,5,utf-8
5822,LIP-RTVE,speaker092_0002,266,../data/LIP-RTVE/WAVs/speaker092/speaker092_0002.wav,../data/LIP-RTVE/ROIs/speaker092/speaker092_0002.npz,../data/LIP-RTVE/transcriptions/speaker092/speaker092_0002.txt,5,utf-8
5823,LIP-RTVE,speaker093_0000,121,../data/LIP-RTVE/WAVs/speaker093/speaker093_0000.wav,../data/LIP-RTVE/ROIs/speaker093/speaker093_0000.npz,../data/LIP-RTVE/transcriptions/speaker093/speaker093_0000.txt,5,utf-8
5824,LIP-RTVE,speaker093_0004,122,../data/LIP-RTVE/WAVs/speaker093/speaker093_0004.wav,../data/LIP-RTVE/ROIs/speaker093/speaker093_0004.npz,../data/LIP-RTVE/transcriptions/speaker093/speaker093_0004.txt,5,utf-8
5825,LIP-RTVE,speaker093_0005,179,../data/LIP-RTVE/WAVs/speaker093/speaker093_0005.wav,../data/LIP-RTVE/ROIs/speaker093/speaker093_0005.npz,../data/LIP-RTVE/transcriptions/speaker093/speaker093_0005.txt,5,utf-8
5826,LIP-RTVE,speaker093_0006,39,../data/LIP-RTVE/WAVs/speaker093/speaker093_0006.wav,../data/LIP-RTVE/ROIs/speaker093/speaker093_0006.npz,../data/LIP-RTVE/transcriptions/speaker093/speaker093_0006.txt,5,utf-8
5827,LIP-RTVE,speaker093_0008,49,../data/LIP-RTVE/WAVs/speaker093/speaker093_0008.wav,../data/LIP-RTVE/ROIs/speaker093/speaker093_0008.npz,../data/LIP-RTVE/transcriptions/speaker093/speaker093_0008.txt,5,utf-8
5828,LIP-RTVE,speaker093_0010,54,../data/LIP-RTVE/WAVs/speaker093/speaker093_0010.wav,../data/LIP-RTVE/ROIs/speaker093/speaker093_0010.npz,../data/LIP-RTVE/transcriptions/speaker093/speaker093_0010.txt,5,utf-8
5829,LIP-RTVE,speaker093_0011,34,../data/LIP-RTVE/WAVs/speaker093/speaker093_0011.wav,../data/LIP-RTVE/ROIs/speaker093/speaker093_0011.npz,../data/LIP-RTVE/transcriptions/speaker093/speaker093_0011.txt,5,utf-8
5830,LIP-RTVE,speaker093_0018,84,../data/LIP-RTVE/WAVs/speaker093/speaker093_0018.wav,../data/LIP-RTVE/ROIs/speaker093/speaker093_0018.npz,../data/LIP-RTVE/transcriptions/speaker093/speaker093_0018.txt,5,utf-8
5831,LIP-RTVE,speaker093_0019,36,../data/LIP-RTVE/WAVs/speaker093/speaker093_0019.wav,../data/LIP-RTVE/ROIs/speaker093/speaker093_0019.npz,../data/LIP-RTVE/transcriptions/speaker093/speaker093_0019.txt,5,utf-8
5832,LIP-RTVE,speaker093_0020,166,../data/LIP-RTVE/WAVs/speaker093/speaker093_0020.wav,../data/LIP-RTVE/ROIs/speaker093/speaker093_0020.npz,../data/LIP-RTVE/transcriptions/speaker093/speaker093_0020.txt,5,utf-8
5833,LIP-RTVE,speaker093_0021,40,../data/LIP-RTVE/WAVs/speaker093/speaker093_0021.wav,../data/LIP-RTVE/ROIs/speaker093/speaker093_0021.npz,../data/LIP-RTVE/transcriptions/speaker093/speaker093_0021.txt,5,utf-8
5834,LIP-RTVE,speaker093_0022,81,../data/LIP-RTVE/WAVs/speaker093/speaker093_0022.wav,../data/LIP-RTVE/ROIs/speaker093/speaker093_0022.npz,../data/LIP-RTVE/transcriptions/speaker093/speaker093_0022.txt,5,utf-8
5835,LIP-RTVE,speaker093_0023,91,../data/LIP-RTVE/WAVs/speaker093/speaker093_0023.wav,../data/LIP-RTVE/ROIs/speaker093/speaker093_0023.npz,../data/LIP-RTVE/transcriptions/speaker093/speaker093_0023.txt,5,utf-8
5836,LIP-RTVE,speaker093_0024,279,../data/LIP-RTVE/WAVs/speaker093/speaker093_0024.wav,../data/LIP-RTVE/ROIs/speaker093/speaker093_0024.npz,../data/LIP-RTVE/transcriptions/speaker093/speaker093_0024.txt,5,utf-8
5837,LIP-RTVE,speaker093_0025,69,../data/LIP-RTVE/WAVs/speaker093/speaker093_0025.wav,../data/LIP-RTVE/ROIs/speaker093/speaker093_0025.npz,../data/LIP-RTVE/transcriptions/speaker093/speaker093_0025.txt,5,utf-8
5838,LIP-RTVE,speaker093_0026,184,../data/LIP-RTVE/WAVs/speaker093/speaker093_0026.wav,../data/LIP-RTVE/ROIs/speaker093/speaker093_0026.npz,../data/LIP-RTVE/transcriptions/speaker093/speaker093_0026.txt,5,utf-8
5839,LIP-RTVE,speaker093_0027,139,../data/LIP-RTVE/WAVs/speaker093/speaker093_0027.wav,../data/LIP-RTVE/ROIs/speaker093/speaker093_0027.npz,../data/LIP-RTVE/transcriptions/speaker093/speaker093_0027.txt,5,utf-8
5840,LIP-RTVE,speaker093_0028,50,../data/LIP-RTVE/WAVs/speaker093/speaker093_0028.wav,../data/LIP-RTVE/ROIs/speaker093/speaker093_0028.npz,../data/LIP-RTVE/transcriptions/speaker093/speaker093_0028.txt,5,utf-8
5841,LIP-RTVE,speaker093_0031,54,../data/LIP-RTVE/WAVs/speaker093/speaker093_0031.wav,../data/LIP-RTVE/ROIs/speaker093/speaker093_0031.npz,../data/LIP-RTVE/transcriptions/speaker093/speaker093_0031.txt,5,utf-8
5842,LIP-RTVE,speaker093_0032,131,../data/LIP-RTVE/WAVs/speaker093/speaker093_0032.wav,../data/LIP-RTVE/ROIs/speaker093/speaker093_0032.npz,../data/LIP-RTVE/transcriptions/speaker093/speaker093_0032.txt,5,utf-8
5843,LIP-RTVE,speaker093_0034,160,../data/LIP-RTVE/WAVs/speaker093/speaker093_0034.wav,../data/LIP-RTVE/ROIs/speaker093/speaker093_0034.npz,../data/LIP-RTVE/transcriptions/speaker093/speaker093_0034.txt,5,utf-8
5844,LIP-RTVE,speaker093_0035,127,../data/LIP-RTVE/WAVs/speaker093/speaker093_0035.wav,../data/LIP-RTVE/ROIs/speaker093/speaker093_0035.npz,../data/LIP-RTVE/transcriptions/speaker093/speaker093_0035.txt,5,utf-8
5845,LIP-RTVE,speaker093_0036,78,../data/LIP-RTVE/WAVs/speaker093/speaker093_0036.wav,../data/LIP-RTVE/ROIs/speaker093/speaker093_0036.npz,../data/LIP-RTVE/transcriptions/speaker093/speaker093_0036.txt,5,utf-8
5846,LIP-RTVE,speaker093_0038,73,../data/LIP-RTVE/WAVs/speaker093/speaker093_0038.wav,../data/LIP-RTVE/ROIs/speaker093/speaker093_0038.npz,../data/LIP-RTVE/transcriptions/speaker093/speaker093_0038.txt,5,utf-8
5847,LIP-RTVE,speaker093_0039,42,../data/LIP-RTVE/WAVs/speaker093/speaker093_0039.wav,../data/LIP-RTVE/ROIs/speaker093/speaker093_0039.npz,../data/LIP-RTVE/transcriptions/speaker093/speaker093_0039.txt,5,utf-8
5848,LIP-RTVE,speaker093_0041,84,../data/LIP-RTVE/WAVs/speaker093/speaker093_0041.wav,../data/LIP-RTVE/ROIs/speaker093/speaker093_0041.npz,../data/LIP-RTVE/transcriptions/speaker093/speaker093_0041.txt,5,utf-8
5849,LIP-RTVE,speaker093_0043,124,../data/LIP-RTVE/WAVs/speaker093/speaker093_0043.wav,../data/LIP-RTVE/ROIs/speaker093/speaker093_0043.npz,../data/LIP-RTVE/transcriptions/speaker093/speaker093_0043.txt,5,utf-8
5850,LIP-RTVE,speaker093_0044,60,../data/LIP-RTVE/WAVs/speaker093/speaker093_0044.wav,../data/LIP-RTVE/ROIs/speaker093/speaker093_0044.npz,../data/LIP-RTVE/transcriptions/speaker093/speaker093_0044.txt,5,utf-8
5851,LIP-RTVE,speaker093_0047,55,../data/LIP-RTVE/WAVs/speaker093/speaker093_0047.wav,../data/LIP-RTVE/ROIs/speaker093/speaker093_0047.npz,../data/LIP-RTVE/transcriptions/speaker093/speaker093_0047.txt,5,utf-8
5852,LIP-RTVE,speaker093_0049,60,../data/LIP-RTVE/WAVs/speaker093/speaker093_0049.wav,../data/LIP-RTVE/ROIs/speaker093/speaker093_0049.npz,../data/LIP-RTVE/transcriptions/speaker093/speaker093_0049.txt,5,utf-8
5853,LIP-RTVE,speaker093_0051,141,../data/LIP-RTVE/WAVs/speaker093/speaker093_0051.wav,../data/LIP-RTVE/ROIs/speaker093/speaker093_0051.npz,../data/LIP-RTVE/transcriptions/speaker093/speaker093_0051.txt,5,utf-8
5854,LIP-RTVE,speaker093_0052,107,../data/LIP-RTVE/WAVs/speaker093/speaker093_0052.wav,../data/LIP-RTVE/ROIs/speaker093/speaker093_0052.npz,../data/LIP-RTVE/transcriptions/speaker093/speaker093_0052.txt,5,utf-8
5855,LIP-RTVE,speaker093_0053,98,../data/LIP-RTVE/WAVs/speaker093/speaker093_0053.wav,../data/LIP-RTVE/ROIs/speaker093/speaker093_0053.npz,../data/LIP-RTVE/transcriptions/speaker093/speaker093_0053.txt,5,utf-8
5856,LIP-RTVE,speaker093_0055,166,../data/LIP-RTVE/WAVs/speaker093/speaker093_0055.wav,../data/LIP-RTVE/ROIs/speaker093/speaker093_0055.npz,../data/LIP-RTVE/transcriptions/speaker093/speaker093_0055.txt,5,utf-8
5857,LIP-RTVE,speaker093_0056,204,../data/LIP-RTVE/WAVs/speaker093/speaker093_0056.wav,../data/LIP-RTVE/ROIs/speaker093/speaker093_0056.npz,../data/LIP-RTVE/transcriptions/speaker093/speaker093_0056.txt,5,utf-8
5858,LIP-RTVE,speaker093_0057,38,../data/LIP-RTVE/WAVs/speaker093/speaker093_0057.wav,../data/LIP-RTVE/ROIs/speaker093/speaker093_0057.npz,../data/LIP-RTVE/transcriptions/speaker093/speaker093_0057.txt,5,utf-8
5859,LIP-RTVE,speaker093_0059,38,../data/LIP-RTVE/WAVs/speaker093/speaker093_0059.wav,../data/LIP-RTVE/ROIs/speaker093/speaker093_0059.npz,../data/LIP-RTVE/transcriptions/speaker093/speaker093_0059.txt,5,utf-8
5860,LIP-RTVE,speaker093_0060,104,../data/LIP-RTVE/WAVs/speaker093/speaker093_0060.wav,../data/LIP-RTVE/ROIs/speaker093/speaker093_0060.npz,../data/LIP-RTVE/transcriptions/speaker093/speaker093_0060.txt,5,utf-8
5861,LIP-RTVE,speaker093_0061,31,../data/LIP-RTVE/WAVs/speaker093/speaker093_0061.wav,../data/LIP-RTVE/ROIs/speaker093/speaker093_0061.npz,../data/LIP-RTVE/transcriptions/speaker093/speaker093_0061.txt,5,utf-8
5862,LIP-RTVE,speaker093_0064,30,../data/LIP-RTVE/WAVs/speaker093/speaker093_0064.wav,../data/LIP-RTVE/ROIs/speaker093/speaker093_0064.npz,../data/LIP-RTVE/transcriptions/speaker093/speaker093_0064.txt,5,utf-8
5863,LIP-RTVE,speaker093_0065,71,../data/LIP-RTVE/WAVs/speaker093/speaker093_0065.wav,../data/LIP-RTVE/ROIs/speaker093/speaker093_0065.npz,../data/LIP-RTVE/transcriptions/speaker093/speaker093_0065.txt,5,utf-8
5864,LIP-RTVE,speaker093_0066,37,../data/LIP-RTVE/WAVs/speaker093/speaker093_0066.wav,../data/LIP-RTVE/ROIs/speaker093/speaker093_0066.npz,../data/LIP-RTVE/transcriptions/speaker093/speaker093_0066.txt,5,utf-8
5865,LIP-RTVE,speaker093_0069,77,../data/LIP-RTVE/WAVs/speaker093/speaker093_0069.wav,../data/LIP-RTVE/ROIs/speaker093/speaker093_0069.npz,../data/LIP-RTVE/transcriptions/speaker093/speaker093_0069.txt,5,utf-8
5866,LIP-RTVE,speaker093_0080,50,../data/LIP-RTVE/WAVs/speaker093/speaker093_0080.wav,../data/LIP-RTVE/ROIs/speaker093/speaker093_0080.npz,../data/LIP-RTVE/transcriptions/speaker093/speaker093_0080.txt,5,utf-8
5867,LIP-RTVE,speaker093_0081,81,../data/LIP-RTVE/WAVs/speaker093/speaker093_0081.wav,../data/LIP-RTVE/ROIs/speaker093/speaker093_0081.npz,../data/LIP-RTVE/transcriptions/speaker093/speaker093_0081.txt,5,utf-8
5868,LIP-RTVE,speaker093_0082,33,../data/LIP-RTVE/WAVs/speaker093/speaker093_0082.wav,../data/LIP-RTVE/ROIs/speaker093/speaker093_0082.npz,../data/LIP-RTVE/transcriptions/speaker093/speaker093_0082.txt,5,utf-8
5869,LIP-RTVE,speaker093_0084,103,../data/LIP-RTVE/WAVs/speaker093/speaker093_0084.wav,../data/LIP-RTVE/ROIs/speaker093/speaker093_0084.npz,../data/LIP-RTVE/transcriptions/speaker093/speaker093_0084.txt,5,utf-8
5870,LIP-RTVE,speaker093_0085,99,../data/LIP-RTVE/WAVs/speaker093/speaker093_0085.wav,../data/LIP-RTVE/ROIs/speaker093/speaker093_0085.npz,../data/LIP-RTVE/transcriptions/speaker093/speaker093_0085.txt,5,utf-8
5871,LIP-RTVE,speaker093_0087,65,../data/LIP-RTVE/WAVs/speaker093/speaker093_0087.wav,../data/LIP-RTVE/ROIs/speaker093/speaker093_0087.npz,../data/LIP-RTVE/transcriptions/speaker093/speaker093_0087.txt,5,utf-8
5872,LIP-RTVE,speaker093_0089,194,../data/LIP-RTVE/WAVs/speaker093/speaker093_0089.wav,../data/LIP-RTVE/ROIs/speaker093/speaker093_0089.npz,../data/LIP-RTVE/transcriptions/speaker093/speaker093_0089.txt,5,utf-8
5873,LIP-RTVE,speaker093_0091,38,../data/LIP-RTVE/WAVs/speaker093/speaker093_0091.wav,../data/LIP-RTVE/ROIs/speaker093/speaker093_0091.npz,../data/LIP-RTVE/transcriptions/speaker093/speaker093_0091.txt,5,utf-8
5874,LIP-RTVE,speaker093_0092,129,../data/LIP-RTVE/WAVs/speaker093/speaker093_0092.wav,../data/LIP-RTVE/ROIs/speaker093/speaker093_0092.npz,../data/LIP-RTVE/transcriptions/speaker093/speaker093_0092.txt,5,utf-8
5875,LIP-RTVE,speaker093_0093,95,../data/LIP-RTVE/WAVs/speaker093/speaker093_0093.wav,../data/LIP-RTVE/ROIs/speaker093/speaker093_0093.npz,../data/LIP-RTVE/transcriptions/speaker093/speaker093_0093.txt,5,utf-8
5876,LIP-RTVE,speaker093_0094,148,../data/LIP-RTVE/WAVs/speaker093/speaker093_0094.wav,../data/LIP-RTVE/ROIs/speaker093/speaker093_0094.npz,../data/LIP-RTVE/transcriptions/speaker093/speaker093_0094.txt,5,utf-8
5877,LIP-RTVE,speaker093_0095,53,../data/LIP-RTVE/WAVs/speaker093/speaker093_0095.wav,../data/LIP-RTVE/ROIs/speaker093/speaker093_0095.npz,../data/LIP-RTVE/transcriptions/speaker093/speaker093_0095.txt,5,utf-8
5878,LIP-RTVE,speaker093_0096,33,../data/LIP-RTVE/WAVs/speaker093/speaker093_0096.wav,../data/LIP-RTVE/ROIs/speaker093/speaker093_0096.npz,../data/LIP-RTVE/transcriptions/speaker093/speaker093_0096.txt,5,utf-8
5879,LIP-RTVE,speaker093_0097,63,../data/LIP-RTVE/WAVs/speaker093/speaker093_0097.wav,../data/LIP-RTVE/ROIs/speaker093/speaker093_0097.npz,../data/LIP-RTVE/transcriptions/speaker093/speaker093_0097.txt,5,utf-8
5880,LIP-RTVE,speaker093_0098,119,../data/LIP-RTVE/WAVs/speaker093/speaker093_0098.wav,../data/LIP-RTVE/ROIs/speaker093/speaker093_0098.npz,../data/LIP-RTVE/transcriptions/speaker093/speaker093_0098.txt,5,utf-8
5881,LIP-RTVE,speaker093_0099,60,../data/LIP-RTVE/WAVs/speaker093/speaker093_0099.wav,../data/LIP-RTVE/ROIs/speaker093/speaker093_0099.npz,../data/LIP-RTVE/transcriptions/speaker093/speaker093_0099.txt,5,utf-8
5882,LIP-RTVE,speaker093_0100,141,../data/LIP-RTVE/WAVs/speaker093/speaker093_0100.wav,../data/LIP-RTVE/ROIs/speaker093/speaker093_0100.npz,../data/LIP-RTVE/transcriptions/speaker093/speaker093_0100.txt,5,utf-8
5883,LIP-RTVE,speaker093_0101,83,../data/LIP-RTVE/WAVs/speaker093/speaker093_0101.wav,../data/LIP-RTVE/ROIs/speaker093/speaker093_0101.npz,../data/LIP-RTVE/transcriptions/speaker093/speaker093_0101.txt,5,utf-8
5884,LIP-RTVE,speaker093_0103,140,../data/LIP-RTVE/WAVs/speaker093/speaker093_0103.wav,../data/LIP-RTVE/ROIs/speaker093/speaker093_0103.npz,../data/LIP-RTVE/transcriptions/speaker093/speaker093_0103.txt,5,utf-8
5885,LIP-RTVE,speaker093_0104,75,../data/LIP-RTVE/WAVs/speaker093/speaker093_0104.wav,../data/LIP-RTVE/ROIs/speaker093/speaker093_0104.npz,../data/LIP-RTVE/transcriptions/speaker093/speaker093_0104.txt,5,utf-8
5886,LIP-RTVE,speaker093_0105,114,../data/LIP-RTVE/WAVs/speaker093/speaker093_0105.wav,../data/LIP-RTVE/ROIs/speaker093/speaker093_0105.npz,../data/LIP-RTVE/transcriptions/speaker093/speaker093_0105.txt,5,utf-8
5887,LIP-RTVE,speaker093_0106,40,../data/LIP-RTVE/WAVs/speaker093/speaker093_0106.wav,../data/LIP-RTVE/ROIs/speaker093/speaker093_0106.npz,../data/LIP-RTVE/transcriptions/speaker093/speaker093_0106.txt,5,utf-8
5888,LIP-RTVE,speaker093_0109,60,../data/LIP-RTVE/WAVs/speaker093/speaker093_0109.wav,../data/LIP-RTVE/ROIs/speaker093/speaker093_0109.npz,../data/LIP-RTVE/transcriptions/speaker093/speaker093_0109.txt,5,utf-8
5889,LIP-RTVE,speaker093_0110,66,../data/LIP-RTVE/WAVs/speaker093/speaker093_0110.wav,../data/LIP-RTVE/ROIs/speaker093/speaker093_0110.npz,../data/LIP-RTVE/transcriptions/speaker093/speaker093_0110.txt,5,utf-8
5890,LIP-RTVE,speaker093_0111,89,../data/LIP-RTVE/WAVs/speaker093/speaker093_0111.wav,../data/LIP-RTVE/ROIs/speaker093/speaker093_0111.npz,../data/LIP-RTVE/transcriptions/speaker093/speaker093_0111.txt,5,utf-8
5891,LIP-RTVE,speaker093_0112,153,../data/LIP-RTVE/WAVs/speaker093/speaker093_0112.wav,../data/LIP-RTVE/ROIs/speaker093/speaker093_0112.npz,../data/LIP-RTVE/transcriptions/speaker093/speaker093_0112.txt,5,utf-8
5892,LIP-RTVE,speaker093_0114,127,../data/LIP-RTVE/WAVs/speaker093/speaker093_0114.wav,../data/LIP-RTVE/ROIs/speaker093/speaker093_0114.npz,../data/LIP-RTVE/transcriptions/speaker093/speaker093_0114.txt,5,utf-8
5893,LIP-RTVE,speaker093_0115,148,../data/LIP-RTVE/WAVs/speaker093/speaker093_0115.wav,../data/LIP-RTVE/ROIs/speaker093/speaker093_0115.npz,../data/LIP-RTVE/transcriptions/speaker093/speaker093_0115.txt,5,utf-8
5894,LIP-RTVE,speaker093_0116,195,../data/LIP-RTVE/WAVs/speaker093/speaker093_0116.wav,../data/LIP-RTVE/ROIs/speaker093/speaker093_0116.npz,../data/LIP-RTVE/transcriptions/speaker093/speaker093_0116.txt,5,utf-8
5895,LIP-RTVE,speaker093_0117,47,../data/LIP-RTVE/WAVs/speaker093/speaker093_0117.wav,../data/LIP-RTVE/ROIs/speaker093/speaker093_0117.npz,../data/LIP-RTVE/transcriptions/speaker093/speaker093_0117.txt,5,utf-8
5896,LIP-RTVE,speaker093_0121,176,../data/LIP-RTVE/WAVs/speaker093/speaker093_0121.wav,../data/LIP-RTVE/ROIs/speaker093/speaker093_0121.npz,../data/LIP-RTVE/transcriptions/speaker093/speaker093_0121.txt,5,utf-8
5897,LIP-RTVE,speaker093_0122,140,../data/LIP-RTVE/WAVs/speaker093/speaker093_0122.wav,../data/LIP-RTVE/ROIs/speaker093/speaker093_0122.npz,../data/LIP-RTVE/transcriptions/speaker093/speaker093_0122.txt,5,utf-8
5898,LIP-RTVE,speaker093_0123,86,../data/LIP-RTVE/WAVs/speaker093/speaker093_0123.wav,../data/LIP-RTVE/ROIs/speaker093/speaker093_0123.npz,../data/LIP-RTVE/transcriptions/speaker093/speaker093_0123.txt,5,utf-8
5899,LIP-RTVE,speaker093_0124,97,../data/LIP-RTVE/WAVs/speaker093/speaker093_0124.wav,../data/LIP-RTVE/ROIs/speaker093/speaker093_0124.npz,../data/LIP-RTVE/transcriptions/speaker093/speaker093_0124.txt,5,utf-8
5900,LIP-RTVE,speaker093_0129,123,../data/LIP-RTVE/WAVs/speaker093/speaker093_0129.wav,../data/LIP-RTVE/ROIs/speaker093/speaker093_0129.npz,../data/LIP-RTVE/transcriptions/speaker093/speaker093_0129.txt,5,utf-8
5901,LIP-RTVE,speaker094_0000,224,../data/LIP-RTVE/WAVs/speaker094/speaker094_0000.wav,../data/LIP-RTVE/ROIs/speaker094/speaker094_0000.npz,../data/LIP-RTVE/transcriptions/speaker094/speaker094_0000.txt,5,utf-8
5902,LIP-RTVE,speaker094_0001,147,../data/LIP-RTVE/WAVs/speaker094/speaker094_0001.wav,../data/LIP-RTVE/ROIs/speaker094/speaker094_0001.npz,../data/LIP-RTVE/transcriptions/speaker094/speaker094_0001.txt,5,utf-8
5903,LIP-RTVE,speaker094_0003,120,../data/LIP-RTVE/WAVs/speaker094/speaker094_0003.wav,../data/LIP-RTVE/ROIs/speaker094/speaker094_0003.npz,../data/LIP-RTVE/transcriptions/speaker094/speaker094_0003.txt,5,utf-8
5904,LIP-RTVE,speaker094_0006,209,../data/LIP-RTVE/WAVs/speaker094/speaker094_0006.wav,../data/LIP-RTVE/ROIs/speaker094/speaker094_0006.npz,../data/LIP-RTVE/transcriptions/speaker094/speaker094_0006.txt,5,utf-8
5905,LIP-RTVE,speaker094_0007,52,../data/LIP-RTVE/WAVs/speaker094/speaker094_0007.wav,../data/LIP-RTVE/ROIs/speaker094/speaker094_0007.npz,../data/LIP-RTVE/transcriptions/speaker094/speaker094_0007.txt,5,utf-8
5906,LIP-RTVE,speaker094_0008,134,../data/LIP-RTVE/WAVs/speaker094/speaker094_0008.wav,../data/LIP-RTVE/ROIs/speaker094/speaker094_0008.npz,../data/LIP-RTVE/transcriptions/speaker094/speaker094_0008.txt,5,utf-8
5907,LIP-RTVE,speaker094_0009,39,../data/LIP-RTVE/WAVs/speaker094/speaker094_0009.wav,../data/LIP-RTVE/ROIs/speaker094/speaker094_0009.npz,../data/LIP-RTVE/transcriptions/speaker094/speaker094_0009.txt,5,utf-8
5908,LIP-RTVE,speaker094_0010,32,../data/LIP-RTVE/WAVs/speaker094/speaker094_0010.wav,../data/LIP-RTVE/ROIs/speaker094/speaker094_0010.npz,../data/LIP-RTVE/transcriptions/speaker094/speaker094_0010.txt,5,utf-8
5909,LIP-RTVE,speaker094_0011,56,../data/LIP-RTVE/WAVs/speaker094/speaker094_0011.wav,../data/LIP-RTVE/ROIs/speaker094/speaker094_0011.npz,../data/LIP-RTVE/transcriptions/speaker094/speaker094_0011.txt,5,utf-8
5910,LIP-RTVE,speaker094_0012,45,../data/LIP-RTVE/WAVs/speaker094/speaker094_0012.wav,../data/LIP-RTVE/ROIs/speaker094/speaker094_0012.npz,../data/LIP-RTVE/transcriptions/speaker094/speaker094_0012.txt,5,utf-8
5911,LIP-RTVE,speaker094_0015,74,../data/LIP-RTVE/WAVs/speaker094/speaker094_0015.wav,../data/LIP-RTVE/ROIs/speaker094/speaker094_0015.npz,../data/LIP-RTVE/transcriptions/speaker094/speaker094_0015.txt,5,utf-8
5912,LIP-RTVE,speaker094_0016,148,../data/LIP-RTVE/WAVs/speaker094/speaker094_0016.wav,../data/LIP-RTVE/ROIs/speaker094/speaker094_0016.npz,../data/LIP-RTVE/transcriptions/speaker094/speaker094_0016.txt,5,utf-8
5913,LIP-RTVE,speaker094_0017,198,../data/LIP-RTVE/WAVs/speaker094/speaker094_0017.wav,../data/LIP-RTVE/ROIs/speaker094/speaker094_0017.npz,../data/LIP-RTVE/transcriptions/speaker094/speaker094_0017.txt,5,utf-8
5914,LIP-RTVE,speaker094_0018,37,../data/LIP-RTVE/WAVs/speaker094/speaker094_0018.wav,../data/LIP-RTVE/ROIs/speaker094/speaker094_0018.npz,../data/LIP-RTVE/transcriptions/speaker094/speaker094_0018.txt,5,utf-8
5915,LIP-RTVE,speaker094_0019,47,../data/LIP-RTVE/WAVs/speaker094/speaker094_0019.wav,../data/LIP-RTVE/ROIs/speaker094/speaker094_0019.npz,../data/LIP-RTVE/transcriptions/speaker094/speaker094_0019.txt,5,utf-8
5916,LIP-RTVE,speaker094_0020,47,../data/LIP-RTVE/WAVs/speaker094/speaker094_0020.wav,../data/LIP-RTVE/ROIs/speaker094/speaker094_0020.npz,../data/LIP-RTVE/transcriptions/speaker094/speaker094_0020.txt,5,utf-8
5917,LIP-RTVE,speaker095_0000,144,../data/LIP-RTVE/WAVs/speaker095/speaker095_0000.wav,../data/LIP-RTVE/ROIs/speaker095/speaker095_0000.npz,../data/LIP-RTVE/transcriptions/speaker095/speaker095_0000.txt,5,utf-8
5918,LIP-RTVE,speaker096_0000,71,../data/LIP-RTVE/WAVs/speaker096/speaker096_0000.wav,../data/LIP-RTVE/ROIs/speaker096/speaker096_0000.npz,../data/LIP-RTVE/transcriptions/speaker096/speaker096_0000.txt,5,utf-8
5919,LIP-RTVE,speaker096_0001,111,../data/LIP-RTVE/WAVs/speaker096/speaker096_0001.wav,../data/LIP-RTVE/ROIs/speaker096/speaker096_0001.npz,../data/LIP-RTVE/transcriptions/speaker096/speaker096_0001.txt,5,utf-8
5920,LIP-RTVE,speaker096_0002,244,../data/LIP-RTVE/WAVs/speaker096/speaker096_0002.wav,../data/LIP-RTVE/ROIs/speaker096/speaker096_0002.npz,../data/LIP-RTVE/transcriptions/speaker096/speaker096_0002.txt,5,utf-8
5921,LIP-RTVE,speaker096_0003,66,../data/LIP-RTVE/WAVs/speaker096/speaker096_0003.wav,../data/LIP-RTVE/ROIs/speaker096/speaker096_0003.npz,../data/LIP-RTVE/transcriptions/speaker096/speaker096_0003.txt,5,utf-8
5922,LIP-RTVE,speaker096_0004,308,../data/LIP-RTVE/WAVs/speaker096/speaker096_0004.wav,../data/LIP-RTVE/ROIs/speaker096/speaker096_0004.npz,../data/LIP-RTVE/transcriptions/speaker096/speaker096_0004.txt,5,utf-8
5923,LIP-RTVE,speaker096_0006,208,../data/LIP-RTVE/WAVs/speaker096/speaker096_0006.wav,../data/LIP-RTVE/ROIs/speaker096/speaker096_0006.npz,../data/LIP-RTVE/transcriptions/speaker096/speaker096_0006.txt,5,utf-8
5924,LIP-RTVE,speaker097_0000,183,../data/LIP-RTVE/WAVs/speaker097/speaker097_0000.wav,../data/LIP-RTVE/ROIs/speaker097/speaker097_0000.npz,../data/LIP-RTVE/transcriptions/speaker097/speaker097_0000.txt,5,utf-8
5925,LIP-RTVE,speaker097_0001,78,../data/LIP-RTVE/WAVs/speaker097/speaker097_0001.wav,../data/LIP-RTVE/ROIs/speaker097/speaker097_0001.npz,../data/LIP-RTVE/transcriptions/speaker097/speaker097_0001.txt,5,utf-8
5926,LIP-RTVE,speaker097_0002,98,../data/LIP-RTVE/WAVs/speaker097/speaker097_0002.wav,../data/LIP-RTVE/ROIs/speaker097/speaker097_0002.npz,../data/LIP-RTVE/transcriptions/speaker097/speaker097_0002.txt,5,utf-8
5927,LIP-RTVE,speaker099_0000,110,../data/LIP-RTVE/WAVs/speaker099/speaker099_0000.wav,../data/LIP-RTVE/ROIs/speaker099/speaker099_0000.npz,../data/LIP-RTVE/transcriptions/speaker099/speaker099_0000.txt,5,utf-8
5928,LIP-RTVE,speaker099_0002,79,../data/LIP-RTVE/WAVs/speaker099/speaker099_0002.wav,../data/LIP-RTVE/ROIs/speaker099/speaker099_0002.npz,../data/LIP-RTVE/transcriptions/speaker099/speaker099_0002.txt,5,utf-8
5929,LIP-RTVE,speaker099_0003,153,../data/LIP-RTVE/WAVs/speaker099/speaker099_0003.wav,../data/LIP-RTVE/ROIs/speaker099/speaker099_0003.npz,../data/LIP-RTVE/transcriptions/speaker099/speaker099_0003.txt,5,utf-8
5930,LIP-RTVE,speaker099_0005,219,../data/LIP-RTVE/WAVs/speaker099/speaker099_0005.wav,../data/LIP-RTVE/ROIs/speaker099/speaker099_0005.npz,../data/LIP-RTVE/transcriptions/speaker099/speaker099_0005.txt,5,utf-8
5931,LIP-RTVE,speaker099_0006,145,../data/LIP-RTVE/WAVs/speaker099/speaker099_0006.wav,../data/LIP-RTVE/ROIs/speaker099/speaker099_0006.npz,../data/LIP-RTVE/transcriptions/speaker099/speaker099_0006.txt,5,utf-8
5932,LIP-RTVE,speaker099_0007,113,../data/LIP-RTVE/WAVs/speaker099/speaker099_0007.wav,../data/LIP-RTVE/ROIs/speaker099/speaker099_0007.npz,../data/LIP-RTVE/transcriptions/speaker099/speaker099_0007.txt,5,utf-8
5933,LIP-RTVE,speaker099_0011,124,../data/LIP-RTVE/WAVs/speaker099/speaker099_0011.wav,../data/LIP-RTVE/ROIs/speaker099/speaker099_0011.npz,../data/LIP-RTVE/transcriptions/speaker099/speaker099_0011.txt,5,utf-8
5934,LIP-RTVE,speaker099_0012,181,../data/LIP-RTVE/WAVs/speaker099/speaker099_0012.wav,../data/LIP-RTVE/ROIs/speaker099/speaker099_0012.npz,../data/LIP-RTVE/transcriptions/speaker099/speaker099_0012.txt,5,utf-8
5935,LIP-RTVE,speaker099_0013,62,../data/LIP-RTVE/WAVs/speaker099/speaker099_0013.wav,../data/LIP-RTVE/ROIs/speaker099/speaker099_0013.npz,../data/LIP-RTVE/transcriptions/speaker099/speaker099_0013.txt,5,utf-8
5936,LIP-RTVE,speaker099_0014,52,../data/LIP-RTVE/WAVs/speaker099/speaker099_0014.wav,../data/LIP-RTVE/ROIs/speaker099/speaker099_0014.npz,../data/LIP-RTVE/transcriptions/speaker099/speaker099_0014.txt,5,utf-8
5937,LIP-RTVE,speaker099_0015,142,../data/LIP-RTVE/WAVs/speaker099/speaker099_0015.wav,../data/LIP-RTVE/ROIs/speaker099/speaker099_0015.npz,../data/LIP-RTVE/transcriptions/speaker099/speaker099_0015.txt,5,utf-8
5938,LIP-RTVE,speaker099_0016,134,../data/LIP-RTVE/WAVs/speaker099/speaker099_0016.wav,../data/LIP-RTVE/ROIs/speaker099/speaker099_0016.npz,../data/LIP-RTVE/transcriptions/speaker099/speaker099_0016.txt,5,utf-8
5939,LIP-RTVE,speaker099_0017,110,../data/LIP-RTVE/WAVs/speaker099/speaker099_0017.wav,../data/LIP-RTVE/ROIs/speaker099/speaker099_0017.npz,../data/LIP-RTVE/transcriptions/speaker099/speaker099_0017.txt,5,utf-8
5940,LIP-RTVE,speaker099_0018,60,../data/LIP-RTVE/WAVs/speaker099/speaker099_0018.wav,../data/LIP-RTVE/ROIs/speaker099/speaker099_0018.npz,../data/LIP-RTVE/transcriptions/speaker099/speaker099_0018.txt,5,utf-8
5941,LIP-RTVE,speaker099_0019,49,../data/LIP-RTVE/WAVs/speaker099/speaker099_0019.wav,../data/LIP-RTVE/ROIs/speaker099/speaker099_0019.npz,../data/LIP-RTVE/transcriptions/speaker099/speaker099_0019.txt,5,utf-8
5942,LIP-RTVE,speaker101_0000,86,../data/LIP-RTVE/WAVs/speaker101/speaker101_0000.wav,../data/LIP-RTVE/ROIs/speaker101/speaker101_0000.npz,../data/LIP-RTVE/transcriptions/speaker101/speaker101_0000.txt,5,utf-8
5943,LIP-RTVE,speaker101_0001,62,../data/LIP-RTVE/WAVs/speaker101/speaker101_0001.wav,../data/LIP-RTVE/ROIs/speaker101/speaker101_0001.npz,../data/LIP-RTVE/transcriptions/speaker101/speaker101_0001.txt,5,utf-8
5944,LIP-RTVE,speaker101_0002,139,../data/LIP-RTVE/WAVs/speaker101/speaker101_0002.wav,../data/LIP-RTVE/ROIs/speaker101/speaker101_0002.npz,../data/LIP-RTVE/transcriptions/speaker101/speaker101_0002.txt,5,utf-8
5945,LIP-RTVE,speaker102_0000,73,../data/LIP-RTVE/WAVs/speaker102/speaker102_0000.wav,../data/LIP-RTVE/ROIs/speaker102/speaker102_0000.npz,../data/LIP-RTVE/transcriptions/speaker102/speaker102_0000.txt,5,utf-8
5946,LIP-RTVE,speaker102_0001,75,../data/LIP-RTVE/WAVs/speaker102/speaker102_0001.wav,../data/LIP-RTVE/ROIs/speaker102/speaker102_0001.npz,../data/LIP-RTVE/transcriptions/speaker102/speaker102_0001.txt,5,utf-8
5947,LIP-RTVE,speaker103_0001,75,../data/LIP-RTVE/WAVs/speaker103/speaker103_0001.wav,../data/LIP-RTVE/ROIs/speaker103/speaker103_0001.npz,../data/LIP-RTVE/transcriptions/speaker103/speaker103_0001.txt,5,utf-8
5948,LIP-RTVE,speaker103_0002,28,../data/LIP-RTVE/WAVs/speaker103/speaker103_0002.wav,../data/LIP-RTVE/ROIs/speaker103/speaker103_0002.npz,../data/LIP-RTVE/transcriptions/speaker103/speaker103_0002.txt,5,utf-8
5949,LIP-RTVE,speaker103_0003,53,../data/LIP-RTVE/WAVs/speaker103/speaker103_0003.wav,../data/LIP-RTVE/ROIs/speaker103/speaker103_0003.npz,../data/LIP-RTVE/transcriptions/speaker103/speaker103_0003.txt,5,utf-8
5950,LIP-RTVE,speaker103_0004,65,../data/LIP-RTVE/WAVs/speaker103/speaker103_0004.wav,../data/LIP-RTVE/ROIs/speaker103/speaker103_0004.npz,../data/LIP-RTVE/transcriptions/speaker103/speaker103_0004.txt,5,utf-8
5951,LIP-RTVE,speaker103_0005,117,../data/LIP-RTVE/WAVs/speaker103/speaker103_0005.wav,../data/LIP-RTVE/ROIs/speaker103/speaker103_0005.npz,../data/LIP-RTVE/transcriptions/speaker103/speaker103_0005.txt,5,utf-8
5952,LIP-RTVE,speaker103_0006,51,../data/LIP-RTVE/WAVs/speaker103/speaker103_0006.wav,../data/LIP-RTVE/ROIs/speaker103/speaker103_0006.npz,../data/LIP-RTVE/transcriptions/speaker103/speaker103_0006.txt,5,utf-8
5953,LIP-RTVE,speaker104_0000,44,../data/LIP-RTVE/WAVs/speaker104/speaker104_0000.wav,../data/LIP-RTVE/ROIs/speaker104/speaker104_0000.npz,../data/LIP-RTVE/transcriptions/speaker104/speaker104_0000.txt,5,utf-8
5954,LIP-RTVE,speaker104_0002,46,../data/LIP-RTVE/WAVs/speaker104/speaker104_0002.wav,../data/LIP-RTVE/ROIs/speaker104/speaker104_0002.npz,../data/LIP-RTVE/transcriptions/speaker104/speaker104_0002.txt,5,utf-8
5955,LIP-RTVE,speaker104_0003,143,../data/LIP-RTVE/WAVs/speaker104/speaker104_0003.wav,../data/LIP-RTVE/ROIs/speaker104/speaker104_0003.npz,../data/LIP-RTVE/transcriptions/speaker104/speaker104_0003.txt,5,utf-8
5956,LIP-RTVE,speaker104_0004,65,../data/LIP-RTVE/WAVs/speaker104/speaker104_0004.wav,../data/LIP-RTVE/ROIs/speaker104/speaker104_0004.npz,../data/LIP-RTVE/transcriptions/speaker104/speaker104_0004.txt,5,utf-8
5957,LIP-RTVE,speaker105_0000,48,../data/LIP-RTVE/WAVs/speaker105/speaker105_0000.wav,../data/LIP-RTVE/ROIs/speaker105/speaker105_0000.npz,../data/LIP-RTVE/transcriptions/speaker105/speaker105_0000.txt,5,utf-8
5958,LIP-RTVE,speaker106_0000,251,../data/LIP-RTVE/WAVs/speaker106/speaker106_0000.wav,../data/LIP-RTVE/ROIs/speaker106/speaker106_0000.npz,../data/LIP-RTVE/transcriptions/speaker106/speaker106_0000.txt,5,utf-8
5959,LIP-RTVE,speaker106_0002,86,../data/LIP-RTVE/WAVs/speaker106/speaker106_0002.wav,../data/LIP-RTVE/ROIs/speaker106/speaker106_0002.npz,../data/LIP-RTVE/transcriptions/speaker106/speaker106_0002.txt,5,utf-8
5960,LIP-RTVE,speaker106_0003,61,../data/LIP-RTVE/WAVs/speaker106/speaker106_0003.wav,../data/LIP-RTVE/ROIs/speaker106/speaker106_0003.npz,../data/LIP-RTVE/transcriptions/speaker106/speaker106_0003.txt,5,utf-8
5961,LIP-RTVE,speaker106_0004,86,../data/LIP-RTVE/WAVs/speaker106/speaker106_0004.wav,../data/LIP-RTVE/ROIs/speaker106/speaker106_0004.npz,../data/LIP-RTVE/transcriptions/speaker106/speaker106_0004.txt,5,utf-8
5962,LIP-RTVE,speaker107_0000,141,../data/LIP-RTVE/WAVs/speaker107/speaker107_0000.wav,../data/LIP-RTVE/ROIs/speaker107/speaker107_0000.npz,../data/LIP-RTVE/transcriptions/speaker107/speaker107_0000.txt,5,utf-8
5963,LIP-RTVE,speaker107_0002,58,../data/LIP-RTVE/WAVs/speaker107/speaker107_0002.wav,../data/LIP-RTVE/ROIs/speaker107/speaker107_0002.npz,../data/LIP-RTVE/transcriptions/speaker107/speaker107_0002.txt,5,utf-8
5964,LIP-RTVE,speaker107_0003,39,../data/LIP-RTVE/WAVs/speaker107/speaker107_0003.wav,../data/LIP-RTVE/ROIs/speaker107/speaker107_0003.npz,../data/LIP-RTVE/transcriptions/speaker107/speaker107_0003.txt,5,utf-8
5965,LIP-RTVE,speaker108_0000,27,../data/LIP-RTVE/WAVs/speaker108/speaker108_0000.wav,../data/LIP-RTVE/ROIs/speaker108/speaker108_0000.npz,../data/LIP-RTVE/transcriptions/speaker108/speaker108_0000.txt,5,utf-8
5966,LIP-RTVE,speaker109_0001,46,../data/LIP-RTVE/WAVs/speaker109/speaker109_0001.wav,../data/LIP-RTVE/ROIs/speaker109/speaker109_0001.npz,../data/LIP-RTVE/transcriptions/speaker109/speaker109_0001.txt,5,utf-8
5967,LIP-RTVE,speaker110_0000,51,../data/LIP-RTVE/WAVs/speaker110/speaker110_0000.wav,../data/LIP-RTVE/ROIs/speaker110/speaker110_0000.npz,../data/LIP-RTVE/transcriptions/speaker110/speaker110_0000.txt,5,utf-8
5968,LIP-RTVE,speaker111_0000,95,../data/LIP-RTVE/WAVs/speaker111/speaker111_0000.wav,../data/LIP-RTVE/ROIs/speaker111/speaker111_0000.npz,../data/LIP-RTVE/transcriptions/speaker111/speaker111_0000.txt,5,utf-8
5969,LIP-RTVE,speaker111_0001,80,../data/LIP-RTVE/WAVs/speaker111/speaker111_0001.wav,../data/LIP-RTVE/ROIs/speaker111/speaker111_0001.npz,../data/LIP-RTVE/transcriptions/speaker111/speaker111_0001.txt,5,utf-8
5970,LIP-RTVE,speaker111_0002,170,../data/LIP-RTVE/WAVs/speaker111/speaker111_0002.wav,../data/LIP-RTVE/ROIs/speaker111/speaker111_0002.npz,../data/LIP-RTVE/transcriptions/speaker111/speaker111_0002.txt,5,utf-8
5971,LIP-RTVE,speaker111_0003,98,../data/LIP-RTVE/WAVs/speaker111/speaker111_0003.wav,../data/LIP-RTVE/ROIs/speaker111/speaker111_0003.npz,../data/LIP-RTVE/transcriptions/speaker111/speaker111_0003.txt,5,utf-8
5972,LIP-RTVE,speaker111_0005,57,../data/LIP-RTVE/WAVs/speaker111/speaker111_0005.wav,../data/LIP-RTVE/ROIs/speaker111/speaker111_0005.npz,../data/LIP-RTVE/transcriptions/speaker111/speaker111_0005.txt,5,utf-8
5973,LIP-RTVE,speaker112_0000,143,../data/LIP-RTVE/WAVs/speaker112/speaker112_0000.wav,../data/LIP-RTVE/ROIs/speaker112/speaker112_0000.npz,../data/LIP-RTVE/transcriptions/speaker112/speaker112_0000.txt,5,utf-8
5974,LIP-RTVE,speaker112_0001,109,../data/LIP-RTVE/WAVs/speaker112/speaker112_0001.wav,../data/LIP-RTVE/ROIs/speaker112/speaker112_0001.npz,../data/LIP-RTVE/transcriptions/speaker112/speaker112_0001.txt,5,utf-8
5975,LIP-RTVE,speaker113_0000,77,../data/LIP-RTVE/WAVs/speaker113/speaker113_0000.wav,../data/LIP-RTVE/ROIs/speaker113/speaker113_0000.npz,../data/LIP-RTVE/transcriptions/speaker113/speaker113_0000.txt,5,utf-8
5976,LIP-RTVE,speaker114_0000,107,../data/LIP-RTVE/WAVs/speaker114/speaker114_0000.wav,../data/LIP-RTVE/ROIs/speaker114/speaker114_0000.npz,../data/LIP-RTVE/transcriptions/speaker114/speaker114_0000.txt,5,utf-8
5977,LIP-RTVE,speaker115_0000,28,../data/LIP-RTVE/WAVs/speaker115/speaker115_0000.wav,../data/LIP-RTVE/ROIs/speaker115/speaker115_0000.npz,../data/LIP-RTVE/transcriptions/speaker115/speaker115_0000.txt,5,utf-8
5978,LIP-RTVE,speaker115_0001,78,../data/LIP-RTVE/WAVs/speaker115/speaker115_0001.wav,../data/LIP-RTVE/ROIs/speaker115/speaker115_0001.npz,../data/LIP-RTVE/transcriptions/speaker115/speaker115_0001.txt,5,utf-8
5979,LIP-RTVE,speaker116_0000,48,../data/LIP-RTVE/WAVs/speaker116/speaker116_0000.wav,../data/LIP-RTVE/ROIs/speaker116/speaker116_0000.npz,../data/LIP-RTVE/transcriptions/speaker116/speaker116_0000.txt,5,utf-8
5980,LIP-RTVE,speaker117_0000,159,../data/LIP-RTVE/WAVs/speaker117/speaker117_0000.wav,../data/LIP-RTVE/ROIs/speaker117/speaker117_0000.npz,../data/LIP-RTVE/transcriptions/speaker117/speaker117_0000.txt,5,utf-8
5981,LIP-RTVE,speaker117_0001,44,../data/LIP-RTVE/WAVs/speaker117/speaker117_0001.wav,../data/LIP-RTVE/ROIs/speaker117/speaker117_0001.npz,../data/LIP-RTVE/transcriptions/speaker117/speaker117_0001.txt,5,utf-8
5982,LIP-RTVE,speaker117_0002,74,../data/LIP-RTVE/WAVs/speaker117/speaker117_0002.wav,../data/LIP-RTVE/ROIs/speaker117/speaker117_0002.npz,../data/LIP-RTVE/transcriptions/speaker117/speaker117_0002.txt,5,utf-8
5983,LIP-RTVE,speaker118_0000,69,../data/LIP-RTVE/WAVs/speaker118/speaker118_0000.wav,../data/LIP-RTVE/ROIs/speaker118/speaker118_0000.npz,../data/LIP-RTVE/transcriptions/speaker118/speaker118_0000.txt,5,utf-8
5984,LIP-RTVE,speaker120_0000,94,../data/LIP-RTVE/WAVs/speaker120/speaker120_0000.wav,../data/LIP-RTVE/ROIs/speaker120/speaker120_0000.npz,../data/LIP-RTVE/transcriptions/speaker120/speaker120_0000.txt,5,utf-8
5985,LIP-RTVE,speaker120_0001,48,../data/LIP-RTVE/WAVs/speaker120/speaker120_0001.wav,../data/LIP-RTVE/ROIs/speaker120/speaker120_0001.npz,../data/LIP-RTVE/transcriptions/speaker120/speaker120_0001.txt,5,utf-8
5986,LIP-RTVE,speaker121_0000,71,../data/LIP-RTVE/WAVs/speaker121/speaker121_0000.wav,../data/LIP-RTVE/ROIs/speaker121/speaker121_0000.npz,../data/LIP-RTVE/transcriptions/speaker121/speaker121_0000.txt,5,utf-8
5987,LIP-RTVE,speaker121_0001,27,../data/LIP-RTVE/WAVs/speaker121/speaker121_0001.wav,../data/LIP-RTVE/ROIs/speaker121/speaker121_0001.npz,../data/LIP-RTVE/transcriptions/speaker121/speaker121_0001.txt,5,utf-8
5988,LIP-RTVE,speaker121_0002,46,../data/LIP-RTVE/WAVs/speaker121/speaker121_0002.wav,../data/LIP-RTVE/ROIs/speaker121/speaker121_0002.npz,../data/LIP-RTVE/transcriptions/speaker121/speaker121_0002.txt,5,utf-8
5989,LIP-RTVE,speaker121_0005,66,../data/LIP-RTVE/WAVs/speaker121/speaker121_0005.wav,../data/LIP-RTVE/ROIs/speaker121/speaker121_0005.npz,../data/LIP-RTVE/transcriptions/speaker121/speaker121_0005.txt,5,utf-8
5990,LIP-RTVE,speaker121_0007,92,../data/LIP-RTVE/WAVs/speaker121/speaker121_0007.wav,../data/LIP-RTVE/ROIs/speaker121/speaker121_0007.npz,../data/LIP-RTVE/transcriptions/speaker121/speaker121_0007.txt,5,utf-8
5991,LIP-RTVE,speaker121_0008,107,../data/LIP-RTVE/WAVs/speaker121/speaker121_0008.wav,../data/LIP-RTVE/ROIs/speaker121/speaker121_0008.npz,../data/LIP-RTVE/transcriptions/speaker121/speaker121_0008.txt,5,utf-8
5992,LIP-RTVE,speaker121_0009,198,../data/LIP-RTVE/WAVs/speaker121/speaker121_0009.wav,../data/LIP-RTVE/ROIs/speaker121/speaker121_0009.npz,../data/LIP-RTVE/transcriptions/speaker121/speaker121_0009.txt,5,utf-8
5993,LIP-RTVE,speaker121_0010,119,../data/LIP-RTVE/WAVs/speaker121/speaker121_0010.wav,../data/LIP-RTVE/ROIs/speaker121/speaker121_0010.npz,../data/LIP-RTVE/transcriptions/speaker121/speaker121_0010.txt,5,utf-8
5994,LIP-RTVE,speaker121_0011,36,../data/LIP-RTVE/WAVs/speaker121/speaker121_0011.wav,../data/LIP-RTVE/ROIs/speaker121/speaker121_0011.npz,../data/LIP-RTVE/transcriptions/speaker121/speaker121_0011.txt,5,utf-8
5995,LIP-RTVE,speaker121_0012,70,../data/LIP-RTVE/WAVs/speaker121/speaker121_0012.wav,../data/LIP-RTVE/ROIs/speaker121/speaker121_0012.npz,../data/LIP-RTVE/transcriptions/speaker121/speaker121_0012.txt,5,utf-8
5996,LIP-RTVE,speaker121_0014,145,../data/LIP-RTVE/WAVs/speaker121/speaker121_0014.wav,../data/LIP-RTVE/ROIs/speaker121/speaker121_0014.npz,../data/LIP-RTVE/transcriptions/speaker121/speaker121_0014.txt,5,utf-8
5997,LIP-RTVE,speaker121_0015,26,../data/LIP-RTVE/WAVs/speaker121/speaker121_0015.wav,../data/LIP-RTVE/ROIs/speaker121/speaker121_0015.npz,../data/LIP-RTVE/transcriptions/speaker121/speaker121_0015.txt,5,utf-8
5998,LIP-RTVE,speaker121_0016,100,../data/LIP-RTVE/WAVs/speaker121/speaker121_0016.wav,../data/LIP-RTVE/ROIs/speaker121/speaker121_0016.npz,../data/LIP-RTVE/transcriptions/speaker121/speaker121_0016.txt,5,utf-8
5999,LIP-RTVE,speaker121_0018,47,../data/LIP-RTVE/WAVs/speaker121/speaker121_0018.wav,../data/LIP-RTVE/ROIs/speaker121/speaker121_0018.npz,../data/LIP-RTVE/transcriptions/speaker121/speaker121_0018.txt,5,utf-8
6000,LIP-RTVE,speaker122_0000,93,../data/LIP-RTVE/WAVs/speaker122/speaker122_0000.wav,../data/LIP-RTVE/ROIs/speaker122/speaker122_0000.npz,../data/LIP-RTVE/transcriptions/speaker122/speaker122_0000.txt,5,utf-8
6001,LIP-RTVE,speaker122_0001,117,../data/LIP-RTVE/WAVs/speaker122/speaker122_0001.wav,../data/LIP-RTVE/ROIs/speaker122/speaker122_0001.npz,../data/LIP-RTVE/transcriptions/speaker122/speaker122_0001.txt,5,utf-8
6002,LIP-RTVE,speaker122_0002,89,../data/LIP-RTVE/WAVs/speaker122/speaker122_0002.wav,../data/LIP-RTVE/ROIs/speaker122/speaker122_0002.npz,../data/LIP-RTVE/transcriptions/speaker122/speaker122_0002.txt,5,utf-8
6003,LIP-RTVE,speaker123_0000,41,../data/LIP-RTVE/WAVs/speaker123/speaker123_0000.wav,../data/LIP-RTVE/ROIs/speaker123/speaker123_0000.npz,../data/LIP-RTVE/transcriptions/speaker123/speaker123_0000.txt,5,utf-8
6004,LIP-RTVE,speaker123_0001,30,../data/LIP-RTVE/WAVs/speaker123/speaker123_0001.wav,../data/LIP-RTVE/ROIs/speaker123/speaker123_0001.npz,../data/LIP-RTVE/transcriptions/speaker123/speaker123_0001.txt,5,utf-8
6005,LIP-RTVE,speaker123_0002,47,../data/LIP-RTVE/WAVs/speaker123/speaker123_0002.wav,../data/LIP-RTVE/ROIs/speaker123/speaker123_0002.npz,../data/LIP-RTVE/transcriptions/speaker123/speaker123_0002.txt,5,utf-8
6006,LIP-RTVE,speaker124_0000,111,../data/LIP-RTVE/WAVs/speaker124/speaker124_0000.wav,../data/LIP-RTVE/ROIs/speaker124/speaker124_0000.npz,../data/LIP-RTVE/transcriptions/speaker124/speaker124_0000.txt,5,utf-8
6007,LIP-RTVE,speaker125_0000,59,../data/LIP-RTVE/WAVs/speaker125/speaker125_0000.wav,../data/LIP-RTVE/ROIs/speaker125/speaker125_0000.npz,../data/LIP-RTVE/transcriptions/speaker125/speaker125_0000.txt,5,utf-8
6008,LIP-RTVE,speaker126_0000,99,../data/LIP-RTVE/WAVs/speaker126/speaker126_0000.wav,../data/LIP-RTVE/ROIs/speaker126/speaker126_0000.npz,../data/LIP-RTVE/transcriptions/speaker126/speaker126_0000.txt,5,utf-8
6009,LIP-RTVE,speaker126_0001,72,../data/LIP-RTVE/WAVs/speaker126/speaker126_0001.wav,../data/LIP-RTVE/ROIs/speaker126/speaker126_0001.npz,../data/LIP-RTVE/transcriptions/speaker126/speaker126_0001.txt,5,utf-8
6010,LIP-RTVE,speaker126_0002,70,../data/LIP-RTVE/WAVs/speaker126/speaker126_0002.wav,../data/LIP-RTVE/ROIs/speaker126/speaker126_0002.npz,../data/LIP-RTVE/transcriptions/speaker126/speaker126_0002.txt,5,utf-8
6011,LIP-RTVE,speaker127_0000,108,../data/LIP-RTVE/WAVs/speaker127/speaker127_0000.wav,../data/LIP-RTVE/ROIs/speaker127/speaker127_0000.npz,../data/LIP-RTVE/transcriptions/speaker127/speaker127_0000.txt,5,utf-8
6012,LIP-RTVE,speaker127_0002,43,../data/LIP-RTVE/WAVs/speaker127/speaker127_0002.wav,../data/LIP-RTVE/ROIs/speaker127/speaker127_0002.npz,../data/LIP-RTVE/transcriptions/speaker127/speaker127_0002.txt,5,utf-8
6013,LIP-RTVE,speaker127_0003,63,../data/LIP-RTVE/WAVs/speaker127/speaker127_0003.wav,../data/LIP-RTVE/ROIs/speaker127/speaker127_0003.npz,../data/LIP-RTVE/transcriptions/speaker127/speaker127_0003.txt,5,utf-8
6014,LIP-RTVE,speaker127_0004,26,../data/LIP-RTVE/WAVs/speaker127/speaker127_0004.wav,../data/LIP-RTVE/ROIs/speaker127/speaker127_0004.npz,../data/LIP-RTVE/transcriptions/speaker127/speaker127_0004.txt,5,utf-8
6015,LIP-RTVE,speaker127_0005,26,../data/LIP-RTVE/WAVs/speaker127/speaker127_0005.wav,../data/LIP-RTVE/ROIs/speaker127/speaker127_0005.npz,../data/LIP-RTVE/transcriptions/speaker127/speaker127_0005.txt,5,utf-8
6016,LIP-RTVE,speaker128_0000,75,../data/LIP-RTVE/WAVs/speaker128/speaker128_0000.wav,../data/LIP-RTVE/ROIs/speaker128/speaker128_0000.npz,../data/LIP-RTVE/transcriptions/speaker128/speaker128_0000.txt,5,utf-8
6017,LIP-RTVE,speaker128_0001,50,../data/LIP-RTVE/WAVs/speaker128/speaker128_0001.wav,../data/LIP-RTVE/ROIs/speaker128/speaker128_0001.npz,../data/LIP-RTVE/transcriptions/speaker128/speaker128_0001.txt,5,utf-8
6018,LIP-RTVE,speaker129_0000,42,../data/LIP-RTVE/WAVs/speaker129/speaker129_0000.wav,../data/LIP-RTVE/ROIs/speaker129/speaker129_0000.npz,../data/LIP-RTVE/transcriptions/speaker129/speaker129_0000.txt,5,utf-8
6019,LIP-RTVE,speaker129_0001,55,../data/LIP-RTVE/WAVs/speaker129/speaker129_0001.wav,../data/LIP-RTVE/ROIs/speaker129/speaker129_0001.npz,../data/LIP-RTVE/transcriptions/speaker129/speaker129_0001.txt,5,utf-8
6020,LIP-RTVE,speaker130_0002,171,../data/LIP-RTVE/WAVs/speaker130/speaker130_0002.wav,../data/LIP-RTVE/ROIs/speaker130/speaker130_0002.npz,../data/LIP-RTVE/transcriptions/speaker130/speaker130_0002.txt,5,utf-8
6021,LIP-RTVE,speaker130_0003,33,../data/LIP-RTVE/WAVs/speaker130/speaker130_0003.wav,../data/LIP-RTVE/ROIs/speaker130/speaker130_0003.npz,../data/LIP-RTVE/transcriptions/speaker130/speaker130_0003.txt,5,utf-8
6022,LIP-RTVE,speaker130_0004,91,../data/LIP-RTVE/WAVs/speaker130/speaker130_0004.wav,../data/LIP-RTVE/ROIs/speaker130/speaker130_0004.npz,../data/LIP-RTVE/transcriptions/speaker130/speaker130_0004.txt,5,utf-8
6023,LIP-RTVE,speaker131_0000,73,../data/LIP-RTVE/WAVs/speaker131/speaker131_0000.wav,../data/LIP-RTVE/ROIs/speaker131/speaker131_0000.npz,../data/LIP-RTVE/transcriptions/speaker131/speaker131_0000.txt,5,utf-8
6024,LIP-RTVE,speaker131_0001,27,../data/LIP-RTVE/WAVs/speaker131/speaker131_0001.wav,../data/LIP-RTVE/ROIs/speaker131/speaker131_0001.npz,../data/LIP-RTVE/transcriptions/speaker131/speaker131_0001.txt,5,utf-8
6025,LIP-RTVE,speaker132_0000,35,../data/LIP-RTVE/WAVs/speaker132/speaker132_0000.wav,../data/LIP-RTVE/ROIs/speaker132/speaker132_0000.npz,../data/LIP-RTVE/transcriptions/speaker132/speaker132_0000.txt,5,utf-8
6026,LIP-RTVE,speaker132_0004,110,../data/LIP-RTVE/WAVs/speaker132/speaker132_0004.wav,../data/LIP-RTVE/ROIs/speaker132/speaker132_0004.npz,../data/LIP-RTVE/transcriptions/speaker132/speaker132_0004.txt,5,utf-8
6027,LIP-RTVE,speaker132_0005,27,../data/LIP-RTVE/WAVs/speaker132/speaker132_0005.wav,../data/LIP-RTVE/ROIs/speaker132/speaker132_0005.npz,../data/LIP-RTVE/transcriptions/speaker132/speaker132_0005.txt,5,utf-8
6028,LIP-RTVE,speaker132_0007,81,../data/LIP-RTVE/WAVs/speaker132/speaker132_0007.wav,../data/LIP-RTVE/ROIs/speaker132/speaker132_0007.npz,../data/LIP-RTVE/transcriptions/speaker132/speaker132_0007.txt,5,utf-8
6029,LIP-RTVE,speaker132_0008,39,../data/LIP-RTVE/WAVs/speaker132/speaker132_0008.wav,../data/LIP-RTVE/ROIs/speaker132/speaker132_0008.npz,../data/LIP-RTVE/transcriptions/speaker132/speaker132_0008.txt,5,utf-8
6030,LIP-RTVE,speaker132_0010,115,../data/LIP-RTVE/WAVs/speaker132/speaker132_0010.wav,../data/LIP-RTVE/ROIs/speaker132/speaker132_0010.npz,../data/LIP-RTVE/transcriptions/speaker132/speaker132_0010.txt,5,utf-8
6031,LIP-RTVE,speaker132_0011,77,../data/LIP-RTVE/WAVs/speaker132/speaker132_0011.wav,../data/LIP-RTVE/ROIs/speaker132/speaker132_0011.npz,../data/LIP-RTVE/transcriptions/speaker132/speaker132_0011.txt,5,utf-8
6032,LIP-RTVE,speaker132_0012,137,../data/LIP-RTVE/WAVs/speaker132/speaker132_0012.wav,../data/LIP-RTVE/ROIs/speaker132/speaker132_0012.npz,../data/LIP-RTVE/transcriptions/speaker132/speaker132_0012.txt,5,utf-8
6033,LIP-RTVE,speaker132_0013,66,../data/LIP-RTVE/WAVs/speaker132/speaker132_0013.wav,../data/LIP-RTVE/ROIs/speaker132/speaker132_0013.npz,../data/LIP-RTVE/transcriptions/speaker132/speaker132_0013.txt,5,utf-8
6034,LIP-RTVE,speaker132_0014,30,../data/LIP-RTVE/WAVs/speaker132/speaker132_0014.wav,../data/LIP-RTVE/ROIs/speaker132/speaker132_0014.npz,../data/LIP-RTVE/transcriptions/speaker132/speaker132_0014.txt,5,utf-8
6035,LIP-RTVE,speaker132_0015,90,../data/LIP-RTVE/WAVs/speaker132/speaker132_0015.wav,../data/LIP-RTVE/ROIs/speaker132/speaker132_0015.npz,../data/LIP-RTVE/transcriptions/speaker132/speaker132_0015.txt,5,utf-8
6036,LIP-RTVE,speaker133_0000,45,../data/LIP-RTVE/WAVs/speaker133/speaker133_0000.wav,../data/LIP-RTVE/ROIs/speaker133/speaker133_0000.npz,../data/LIP-RTVE/transcriptions/speaker133/speaker133_0000.txt,5,utf-8
6037,LIP-RTVE,speaker133_0002,45,../data/LIP-RTVE/WAVs/speaker133/speaker133_0002.wav,../data/LIP-RTVE/ROIs/speaker133/speaker133_0002.npz,../data/LIP-RTVE/transcriptions/speaker133/speaker133_0002.txt,5,utf-8
6038,LIP-RTVE,speaker133_0003,158,../data/LIP-RTVE/WAVs/speaker133/speaker133_0003.wav,../data/LIP-RTVE/ROIs/speaker133/speaker133_0003.npz,../data/LIP-RTVE/transcriptions/speaker133/speaker133_0003.txt,5,utf-8
6039,LIP-RTVE,speaker134_0000,47,../data/LIP-RTVE/WAVs/speaker134/speaker134_0000.wav,../data/LIP-RTVE/ROIs/speaker134/speaker134_0000.npz,../data/LIP-RTVE/transcriptions/speaker134/speaker134_0000.txt,5,utf-8
6040,LIP-RTVE,speaker134_0001,75,../data/LIP-RTVE/WAVs/speaker134/speaker134_0001.wav,../data/LIP-RTVE/ROIs/speaker134/speaker134_0001.npz,../data/LIP-RTVE/transcriptions/speaker134/speaker134_0001.txt,5,utf-8
6041,LIP-RTVE,speaker134_0002,26,../data/LIP-RTVE/WAVs/speaker134/speaker134_0002.wav,../data/LIP-RTVE/ROIs/speaker134/speaker134_0002.npz,../data/LIP-RTVE/transcriptions/speaker134/speaker134_0002.txt,5,utf-8
6042,LIP-RTVE,speaker134_0004,43,../data/LIP-RTVE/WAVs/speaker134/speaker134_0004.wav,../data/LIP-RTVE/ROIs/speaker134/speaker134_0004.npz,../data/LIP-RTVE/transcriptions/speaker134/speaker134_0004.txt,5,utf-8
6043,LIP-RTVE,speaker134_0005,32,../data/LIP-RTVE/WAVs/speaker134/speaker134_0005.wav,../data/LIP-RTVE/ROIs/speaker134/speaker134_0005.npz,../data/LIP-RTVE/transcriptions/speaker134/speaker134_0005.txt,5,utf-8
6044,LIP-RTVE,speaker135_0000,148,../data/LIP-RTVE/WAVs/speaker135/speaker135_0000.wav,../data/LIP-RTVE/ROIs/speaker135/speaker135_0000.npz,../data/LIP-RTVE/transcriptions/speaker135/speaker135_0000.txt,5,utf-8
6045,LIP-RTVE,speaker135_0001,29,../data/LIP-RTVE/WAVs/speaker135/speaker135_0001.wav,../data/LIP-RTVE/ROIs/speaker135/speaker135_0001.npz,../data/LIP-RTVE/transcriptions/speaker135/speaker135_0001.txt,5,utf-8
6046,LIP-RTVE,speaker136_0000,44,../data/LIP-RTVE/WAVs/speaker136/speaker136_0000.wav,../data/LIP-RTVE/ROIs/speaker136/speaker136_0000.npz,../data/LIP-RTVE/transcriptions/speaker136/speaker136_0000.txt,5,utf-8
6047,LIP-RTVE,speaker136_0001,64,../data/LIP-RTVE/WAVs/speaker136/speaker136_0001.wav,../data/LIP-RTVE/ROIs/speaker136/speaker136_0001.npz,../data/LIP-RTVE/transcriptions/speaker136/speaker136_0001.txt,5,utf-8
6048,LIP-RTVE,speaker137_0000,27,../data/LIP-RTVE/WAVs/speaker137/speaker137_0000.wav,../data/LIP-RTVE/ROIs/speaker137/speaker137_0000.npz,../data/LIP-RTVE/transcriptions/speaker137/speaker137_0000.txt,5,utf-8
6049,LIP-RTVE,speaker137_0001,56,../data/LIP-RTVE/WAVs/speaker137/speaker137_0001.wav,../data/LIP-RTVE/ROIs/speaker137/speaker137_0001.npz,../data/LIP-RTVE/transcriptions/speaker137/speaker137_0001.txt,5,utf-8
6050,LIP-RTVE,speaker137_0003,89,../data/LIP-RTVE/WAVs/speaker137/speaker137_0003.wav,../data/LIP-RTVE/ROIs/speaker137/speaker137_0003.npz,../data/LIP-RTVE/transcriptions/speaker137/speaker137_0003.txt,5,utf-8
6051,LIP-RTVE,speaker138_0000,42,../data/LIP-RTVE/WAVs/speaker138/speaker138_0000.wav,../data/LIP-RTVE/ROIs/speaker138/speaker138_0000.npz,../data/LIP-RTVE/transcriptions/speaker138/speaker138_0000.txt,5,utf-8
6052,LIP-RTVE,speaker138_0001,76,../data/LIP-RTVE/WAVs/speaker138/speaker138_0001.wav,../data/LIP-RTVE/ROIs/speaker138/speaker138_0001.npz,../data/LIP-RTVE/transcriptions/speaker138/speaker138_0001.txt,5,utf-8
6053,LIP-RTVE,speaker138_0002,26,../data/LIP-RTVE/WAVs/speaker138/speaker138_0002.wav,../data/LIP-RTVE/ROIs/speaker138/speaker138_0002.npz,../data/LIP-RTVE/transcriptions/speaker138/speaker138_0002.txt,5,utf-8
6054,LIP-RTVE,speaker138_0005,151,../data/LIP-RTVE/WAVs/speaker138/speaker138_0005.wav,../data/LIP-RTVE/ROIs/speaker138/speaker138_0005.npz,../data/LIP-RTVE/transcriptions/speaker138/speaker138_0005.txt,5,utf-8
6055,LIP-RTVE,speaker138_0006,115,../data/LIP-RTVE/WAVs/speaker138/speaker138_0006.wav,../data/LIP-RTVE/ROIs/speaker138/speaker138_0006.npz,../data/LIP-RTVE/transcriptions/speaker138/speaker138_0006.txt,5,utf-8
6056,LIP-RTVE,speaker138_0007,125,../data/LIP-RTVE/WAVs/speaker138/speaker138_0007.wav,../data/LIP-RTVE/ROIs/speaker138/speaker138_0007.npz,../data/LIP-RTVE/transcriptions/speaker138/speaker138_0007.txt,5,utf-8
6057,LIP-RTVE,speaker138_0008,33,../data/LIP-RTVE/WAVs/speaker138/speaker138_0008.wav,../data/LIP-RTVE/ROIs/speaker138/speaker138_0008.npz,../data/LIP-RTVE/transcriptions/speaker138/speaker138_0008.txt,5,utf-8
6058,LIP-RTVE,speaker138_0010,104,../data/LIP-RTVE/WAVs/speaker138/speaker138_0010.wav,../data/LIP-RTVE/ROIs/speaker138/speaker138_0010.npz,../data/LIP-RTVE/transcriptions/speaker138/speaker138_0010.txt,5,utf-8
6059,LIP-RTVE,speaker138_0014,149,../data/LIP-RTVE/WAVs/speaker138/speaker138_0014.wav,../data/LIP-RTVE/ROIs/speaker138/speaker138_0014.npz,../data/LIP-RTVE/transcriptions/speaker138/speaker138_0014.txt,5,utf-8
6060,LIP-RTVE,speaker138_0015,55,../data/LIP-RTVE/WAVs/speaker138/speaker138_0015.wav,../data/LIP-RTVE/ROIs/speaker138/speaker138_0015.npz,../data/LIP-RTVE/transcriptions/speaker138/speaker138_0015.txt,5,utf-8
6061,LIP-RTVE,speaker138_0016,79,../data/LIP-RTVE/WAVs/speaker138/speaker138_0016.wav,../data/LIP-RTVE/ROIs/speaker138/speaker138_0016.npz,../data/LIP-RTVE/transcriptions/speaker138/speaker138_0016.txt,5,utf-8
6062,LIP-RTVE,speaker138_0019,73,../data/LIP-RTVE/WAVs/speaker138/speaker138_0019.wav,../data/LIP-RTVE/ROIs/speaker138/speaker138_0019.npz,../data/LIP-RTVE/transcriptions/speaker138/speaker138_0019.txt,5,utf-8
6063,LIP-RTVE,speaker138_0021,33,../data/LIP-RTVE/WAVs/speaker138/speaker138_0021.wav,../data/LIP-RTVE/ROIs/speaker138/speaker138_0021.npz,../data/LIP-RTVE/transcriptions/speaker138/speaker138_0021.txt,5,utf-8
6064,LIP-RTVE,speaker138_0022,87,../data/LIP-RTVE/WAVs/speaker138/speaker138_0022.wav,../data/LIP-RTVE/ROIs/speaker138/speaker138_0022.npz,../data/LIP-RTVE/transcriptions/speaker138/speaker138_0022.txt,5,utf-8
6065,LIP-RTVE,speaker138_0023,99,../data/LIP-RTVE/WAVs/speaker138/speaker138_0023.wav,../data/LIP-RTVE/ROIs/speaker138/speaker138_0023.npz,../data/LIP-RTVE/transcriptions/speaker138/speaker138_0023.txt,5,utf-8
6066,LIP-RTVE,speaker138_0024,135,../data/LIP-RTVE/WAVs/speaker138/speaker138_0024.wav,../data/LIP-RTVE/ROIs/speaker138/speaker138_0024.npz,../data/LIP-RTVE/transcriptions/speaker138/speaker138_0024.txt,5,utf-8
6067,LIP-RTVE,speaker138_0025,26,../data/LIP-RTVE/WAVs/speaker138/speaker138_0025.wav,../data/LIP-RTVE/ROIs/speaker138/speaker138_0025.npz,../data/LIP-RTVE/transcriptions/speaker138/speaker138_0025.txt,5,utf-8
6068,LIP-RTVE,speaker138_0026,85,../data/LIP-RTVE/WAVs/speaker138/speaker138_0026.wav,../data/LIP-RTVE/ROIs/speaker138/speaker138_0026.npz,../data/LIP-RTVE/transcriptions/speaker138/speaker138_0026.txt,5,utf-8
6069,LIP-RTVE,speaker138_0027,112,../data/LIP-RTVE/WAVs/speaker138/speaker138_0027.wav,../data/LIP-RTVE/ROIs/speaker138/speaker138_0027.npz,../data/LIP-RTVE/transcriptions/speaker138/speaker138_0027.txt,5,utf-8
6070,LIP-RTVE,speaker138_0028,82,../data/LIP-RTVE/WAVs/speaker138/speaker138_0028.wav,../data/LIP-RTVE/ROIs/speaker138/speaker138_0028.npz,../data/LIP-RTVE/transcriptions/speaker138/speaker138_0028.txt,5,utf-8
6071,LIP-RTVE,speaker138_0029,138,../data/LIP-RTVE/WAVs/speaker138/speaker138_0029.wav,../data/LIP-RTVE/ROIs/speaker138/speaker138_0029.npz,../data/LIP-RTVE/transcriptions/speaker138/speaker138_0029.txt,5,utf-8
6072,LIP-RTVE,speaker138_0032,45,../data/LIP-RTVE/WAVs/speaker138/speaker138_0032.wav,../data/LIP-RTVE/ROIs/speaker138/speaker138_0032.npz,../data/LIP-RTVE/transcriptions/speaker138/speaker138_0032.txt,5,utf-8
6073,LIP-RTVE,speaker138_0033,97,../data/LIP-RTVE/WAVs/speaker138/speaker138_0033.wav,../data/LIP-RTVE/ROIs/speaker138/speaker138_0033.npz,../data/LIP-RTVE/transcriptions/speaker138/speaker138_0033.txt,5,utf-8
6074,LIP-RTVE,speaker138_0034,67,../data/LIP-RTVE/WAVs/speaker138/speaker138_0034.wav,../data/LIP-RTVE/ROIs/speaker138/speaker138_0034.npz,../data/LIP-RTVE/transcriptions/speaker138/speaker138_0034.txt,5,utf-8
6075,LIP-RTVE,speaker139_0001,191,../data/LIP-RTVE/WAVs/speaker139/speaker139_0001.wav,../data/LIP-RTVE/ROIs/speaker139/speaker139_0001.npz,../data/LIP-RTVE/transcriptions/speaker139/speaker139_0001.txt,5,utf-8
6076,LIP-RTVE,speaker139_0002,139,../data/LIP-RTVE/WAVs/speaker139/speaker139_0002.wav,../data/LIP-RTVE/ROIs/speaker139/speaker139_0002.npz,../data/LIP-RTVE/transcriptions/speaker139/speaker139_0002.txt,5,utf-8
6077,LIP-RTVE,speaker139_0004,33,../data/LIP-RTVE/WAVs/speaker139/speaker139_0004.wav,../data/LIP-RTVE/ROIs/speaker139/speaker139_0004.npz,../data/LIP-RTVE/transcriptions/speaker139/speaker139_0004.txt,5,utf-8
6078,LIP-RTVE,speaker139_0005,46,../data/LIP-RTVE/WAVs/speaker139/speaker139_0005.wav,../data/LIP-RTVE/ROIs/speaker139/speaker139_0005.npz,../data/LIP-RTVE/transcriptions/speaker139/speaker139_0005.txt,5,utf-8
6079,LIP-RTVE,speaker139_0007,79,../data/LIP-RTVE/WAVs/speaker139/speaker139_0007.wav,../data/LIP-RTVE/ROIs/speaker139/speaker139_0007.npz,../data/LIP-RTVE/transcriptions/speaker139/speaker139_0007.txt,5,utf-8
6080,LIP-RTVE,speaker139_0008,144,../data/LIP-RTVE/WAVs/speaker139/speaker139_0008.wav,../data/LIP-RTVE/ROIs/speaker139/speaker139_0008.npz,../data/LIP-RTVE/transcriptions/speaker139/speaker139_0008.txt,5,utf-8
6081,LIP-RTVE,speaker139_0009,104,../data/LIP-RTVE/WAVs/speaker139/speaker139_0009.wav,../data/LIP-RTVE/ROIs/speaker139/speaker139_0009.npz,../data/LIP-RTVE/transcriptions/speaker139/speaker139_0009.txt,5,utf-8
6082,LIP-RTVE,speaker139_0010,67,../data/LIP-RTVE/WAVs/speaker139/speaker139_0010.wav,../data/LIP-RTVE/ROIs/speaker139/speaker139_0010.npz,../data/LIP-RTVE/transcriptions/speaker139/speaker139_0010.txt,5,utf-8
6083,LIP-RTVE,speaker139_0011,81,../data/LIP-RTVE/WAVs/speaker139/speaker139_0011.wav,../data/LIP-RTVE/ROIs/speaker139/speaker139_0011.npz,../data/LIP-RTVE/transcriptions/speaker139/speaker139_0011.txt,5,utf-8
6084,LIP-RTVE,speaker139_0013,151,../data/LIP-RTVE/WAVs/speaker139/speaker139_0013.wav,../data/LIP-RTVE/ROIs/speaker139/speaker139_0013.npz,../data/LIP-RTVE/transcriptions/speaker139/speaker139_0013.txt,5,utf-8
6085,LIP-RTVE,speaker139_0014,99,../data/LIP-RTVE/WAVs/speaker139/speaker139_0014.wav,../data/LIP-RTVE/ROIs/speaker139/speaker139_0014.npz,../data/LIP-RTVE/transcriptions/speaker139/speaker139_0014.txt,5,utf-8
6086,LIP-RTVE,speaker140_0000,32,../data/LIP-RTVE/WAVs/speaker140/speaker140_0000.wav,../data/LIP-RTVE/ROIs/speaker140/speaker140_0000.npz,../data/LIP-RTVE/transcriptions/speaker140/speaker140_0000.txt,5,utf-8
6087,LIP-RTVE,speaker140_0001,111,../data/LIP-RTVE/WAVs/speaker140/speaker140_0001.wav,../data/LIP-RTVE/ROIs/speaker140/speaker140_0001.npz,../data/LIP-RTVE/transcriptions/speaker140/speaker140_0001.txt,5,utf-8
6088,LIP-RTVE,speaker140_0002,80,../data/LIP-RTVE/WAVs/speaker140/speaker140_0002.wav,../data/LIP-RTVE/ROIs/speaker140/speaker140_0002.npz,../data/LIP-RTVE/transcriptions/speaker140/speaker140_0002.txt,5,utf-8
6089,LIP-RTVE,speaker141_0000,145,../data/LIP-RTVE/WAVs/speaker141/speaker141_0000.wav,../data/LIP-RTVE/ROIs/speaker141/speaker141_0000.npz,../data/LIP-RTVE/transcriptions/speaker141/speaker141_0000.txt,5,utf-8
6090,LIP-RTVE,speaker141_0002,27,../data/LIP-RTVE/WAVs/speaker141/speaker141_0002.wav,../data/LIP-RTVE/ROIs/speaker141/speaker141_0002.npz,../data/LIP-RTVE/transcriptions/speaker141/speaker141_0002.txt,5,utf-8
6091,LIP-RTVE,speaker141_0003,59,../data/LIP-RTVE/WAVs/speaker141/speaker141_0003.wav,../data/LIP-RTVE/ROIs/speaker141/speaker141_0003.npz,../data/LIP-RTVE/transcriptions/speaker141/speaker141_0003.txt,5,utf-8
6092,LIP-RTVE,speaker141_0005,59,../data/LIP-RTVE/WAVs/speaker141/speaker141_0005.wav,../data/LIP-RTVE/ROIs/speaker141/speaker141_0005.npz,../data/LIP-RTVE/transcriptions/speaker141/speaker141_0005.txt,5,utf-8
6093,LIP-RTVE,speaker142_0000,46,../data/LIP-RTVE/WAVs/speaker142/speaker142_0000.wav,../data/LIP-RTVE/ROIs/speaker142/speaker142_0000.npz,../data/LIP-RTVE/transcriptions/speaker142/speaker142_0000.txt,5,utf-8
6094,LIP-RTVE,speaker142_0001,84,../data/LIP-RTVE/WAVs/speaker142/speaker142_0001.wav,../data/LIP-RTVE/ROIs/speaker142/speaker142_0001.npz,../data/LIP-RTVE/transcriptions/speaker142/speaker142_0001.txt,5,utf-8
6095,LIP-RTVE,speaker142_0002,45,../data/LIP-RTVE/WAVs/speaker142/speaker142_0002.wav,../data/LIP-RTVE/ROIs/speaker142/speaker142_0002.npz,../data/LIP-RTVE/transcriptions/speaker142/speaker142_0002.txt,5,utf-8
6096,LIP-RTVE,speaker142_0003,236,../data/LIP-RTVE/WAVs/speaker142/speaker142_0003.wav,../data/LIP-RTVE/ROIs/speaker142/speaker142_0003.npz,../data/LIP-RTVE/transcriptions/speaker142/speaker142_0003.txt,5,utf-8
6097,LIP-RTVE,speaker142_0004,131,../data/LIP-RTVE/WAVs/speaker142/speaker142_0004.wav,../data/LIP-RTVE/ROIs/speaker142/speaker142_0004.npz,../data/LIP-RTVE/transcriptions/speaker142/speaker142_0004.txt,5,utf-8
6098,LIP-RTVE,speaker142_0006,150,../data/LIP-RTVE/WAVs/speaker142/speaker142_0006.wav,../data/LIP-RTVE/ROIs/speaker142/speaker142_0006.npz,../data/LIP-RTVE/transcriptions/speaker142/speaker142_0006.txt,5,utf-8
6099,LIP-RTVE,speaker143_0000,31,../data/LIP-RTVE/WAVs/speaker143/speaker143_0000.wav,../data/LIP-RTVE/ROIs/speaker143/speaker143_0000.npz,../data/LIP-RTVE/transcriptions/speaker143/speaker143_0000.txt,5,utf-8
6100,LIP-RTVE,speaker143_0002,108,../data/LIP-RTVE/WAVs/speaker143/speaker143_0002.wav,../data/LIP-RTVE/ROIs/speaker143/speaker143_0002.npz,../data/LIP-RTVE/transcriptions/speaker143/speaker143_0002.txt,5,utf-8
6101,LIP-RTVE,speaker143_0003,82,../data/LIP-RTVE/WAVs/speaker143/speaker143_0003.wav,../data/LIP-RTVE/ROIs/speaker143/speaker143_0003.npz,../data/LIP-RTVE/transcriptions/speaker143/speaker143_0003.txt,5,utf-8
6102,LIP-RTVE,speaker143_0004,52,../data/LIP-RTVE/WAVs/speaker143/speaker143_0004.wav,../data/LIP-RTVE/ROIs/speaker143/speaker143_0004.npz,../data/LIP-RTVE/transcriptions/speaker143/speaker143_0004.txt,5,utf-8
6103,LIP-RTVE,speaker143_0006,181,../data/LIP-RTVE/WAVs/speaker143/speaker143_0006.wav,../data/LIP-RTVE/ROIs/speaker143/speaker143_0006.npz,../data/LIP-RTVE/transcriptions/speaker143/speaker143_0006.txt,5,utf-8
6104,LIP-RTVE,speaker143_0007,68,../data/LIP-RTVE/WAVs/speaker143/speaker143_0007.wav,../data/LIP-RTVE/ROIs/speaker143/speaker143_0007.npz,../data/LIP-RTVE/transcriptions/speaker143/speaker143_0007.txt,5,utf-8
6105,LIP-RTVE,speaker143_0008,51,../data/LIP-RTVE/WAVs/speaker143/speaker143_0008.wav,../data/LIP-RTVE/ROIs/speaker143/speaker143_0008.npz,../data/LIP-RTVE/transcriptions/speaker143/speaker143_0008.txt,5,utf-8
6106,LIP-RTVE,speaker143_0009,47,../data/LIP-RTVE/WAVs/speaker143/speaker143_0009.wav,../data/LIP-RTVE/ROIs/speaker143/speaker143_0009.npz,../data/LIP-RTVE/transcriptions/speaker143/speaker143_0009.txt,5,utf-8
6107,LIP-RTVE,speaker143_0010,27,../data/LIP-RTVE/WAVs/speaker143/speaker143_0010.wav,../data/LIP-RTVE/ROIs/speaker143/speaker143_0010.npz,../data/LIP-RTVE/transcriptions/speaker143/speaker143_0010.txt,5,utf-8
6108,LIP-RTVE,speaker143_0012,141,../data/LIP-RTVE/WAVs/speaker143/speaker143_0012.wav,../data/LIP-RTVE/ROIs/speaker143/speaker143_0012.npz,../data/LIP-RTVE/transcriptions/speaker143/speaker143_0012.txt,5,utf-8
6109,LIP-RTVE,speaker143_0013,55,../data/LIP-RTVE/WAVs/speaker143/speaker143_0013.wav,../data/LIP-RTVE/ROIs/speaker143/speaker143_0013.npz,../data/LIP-RTVE/transcriptions/speaker143/speaker143_0013.txt,5,utf-8
6110,LIP-RTVE,speaker144_0000,111,../data/LIP-RTVE/WAVs/speaker144/speaker144_0000.wav,../data/LIP-RTVE/ROIs/speaker144/speaker144_0000.npz,../data/LIP-RTVE/transcriptions/speaker144/speaker144_0000.txt,5,utf-8
6111,LIP-RTVE,speaker144_0001,70,../data/LIP-RTVE/WAVs/speaker144/speaker144_0001.wav,../data/LIP-RTVE/ROIs/speaker144/speaker144_0001.npz,../data/LIP-RTVE/transcriptions/speaker144/speaker144_0001.txt,5,utf-8
6112,LIP-RTVE,speaker144_0003,47,../data/LIP-RTVE/WAVs/speaker144/speaker144_0003.wav,../data/LIP-RTVE/ROIs/speaker144/speaker144_0003.npz,../data/LIP-RTVE/transcriptions/speaker144/speaker144_0003.txt,5,utf-8
6113,LIP-RTVE,speaker145_0000,142,../data/LIP-RTVE/WAVs/speaker145/speaker145_0000.wav,../data/LIP-RTVE/ROIs/speaker145/speaker145_0000.npz,../data/LIP-RTVE/transcriptions/speaker145/speaker145_0000.txt,5,utf-8
6114,LIP-RTVE,speaker145_0001,43,../data/LIP-RTVE/WAVs/speaker145/speaker145_0001.wav,../data/LIP-RTVE/ROIs/speaker145/speaker145_0001.npz,../data/LIP-RTVE/transcriptions/speaker145/speaker145_0001.txt,5,utf-8
6115,LIP-RTVE,speaker145_0002,141,../data/LIP-RTVE/WAVs/speaker145/speaker145_0002.wav,../data/LIP-RTVE/ROIs/speaker145/speaker145_0002.npz,../data/LIP-RTVE/transcriptions/speaker145/speaker145_0002.txt,5,utf-8
6116,LIP-RTVE,speaker145_0003,275,../data/LIP-RTVE/WAVs/speaker145/speaker145_0003.wav,../data/LIP-RTVE/ROIs/speaker145/speaker145_0003.npz,../data/LIP-RTVE/transcriptions/speaker145/speaker145_0003.txt,5,utf-8
6117,LIP-RTVE,speaker145_0005,82,../data/LIP-RTVE/WAVs/speaker145/speaker145_0005.wav,../data/LIP-RTVE/ROIs/speaker145/speaker145_0005.npz,../data/LIP-RTVE/transcriptions/speaker145/speaker145_0005.txt,5,utf-8
6118,LIP-RTVE,speaker145_0006,62,../data/LIP-RTVE/WAVs/speaker145/speaker145_0006.wav,../data/LIP-RTVE/ROIs/speaker145/speaker145_0006.npz,../data/LIP-RTVE/transcriptions/speaker145/speaker145_0006.txt,5,utf-8
6119,LIP-RTVE,speaker145_0008,43,../data/LIP-RTVE/WAVs/speaker145/speaker145_0008.wav,../data/LIP-RTVE/ROIs/speaker145/speaker145_0008.npz,../data/LIP-RTVE/transcriptions/speaker145/speaker145_0008.txt,5,utf-8
6120,LIP-RTVE,speaker145_0010,78,../data/LIP-RTVE/WAVs/speaker145/speaker145_0010.wav,../data/LIP-RTVE/ROIs/speaker145/speaker145_0010.npz,../data/LIP-RTVE/transcriptions/speaker145/speaker145_0010.txt,5,utf-8
6121,LIP-RTVE,speaker146_0000,34,../data/LIP-RTVE/WAVs/speaker146/speaker146_0000.wav,../data/LIP-RTVE/ROIs/speaker146/speaker146_0000.npz,../data/LIP-RTVE/transcriptions/speaker146/speaker146_0000.txt,5,utf-8
6122,LIP-RTVE,speaker146_0001,154,../data/LIP-RTVE/WAVs/speaker146/speaker146_0001.wav,../data/LIP-RTVE/ROIs/speaker146/speaker146_0001.npz,../data/LIP-RTVE/transcriptions/speaker146/speaker146_0001.txt,5,utf-8
6123,LIP-RTVE,speaker146_0002,114,../data/LIP-RTVE/WAVs/speaker146/speaker146_0002.wav,../data/LIP-RTVE/ROIs/speaker146/speaker146_0002.npz,../data/LIP-RTVE/transcriptions/speaker146/speaker146_0002.txt,5,utf-8
6124,LIP-RTVE,speaker147_0000,38,../data/LIP-RTVE/WAVs/speaker147/speaker147_0000.wav,../data/LIP-RTVE/ROIs/speaker147/speaker147_0000.npz,../data/LIP-RTVE/transcriptions/speaker147/speaker147_0000.txt,5,utf-8
6125,LIP-RTVE,speaker147_0002,70,../data/LIP-RTVE/WAVs/speaker147/speaker147_0002.wav,../data/LIP-RTVE/ROIs/speaker147/speaker147_0002.npz,../data/LIP-RTVE/transcriptions/speaker147/speaker147_0002.txt,5,utf-8
6126,LIP-RTVE,speaker148_0000,116,../data/LIP-RTVE/WAVs/speaker148/speaker148_0000.wav,../data/LIP-RTVE/ROIs/speaker148/speaker148_0000.npz,../data/LIP-RTVE/transcriptions/speaker148/speaker148_0000.txt,5,utf-8
6127,LIP-RTVE,speaker148_0001,80,../data/LIP-RTVE/WAVs/speaker148/speaker148_0001.wav,../data/LIP-RTVE/ROIs/speaker148/speaker148_0001.npz,../data/LIP-RTVE/transcriptions/speaker148/speaker148_0001.txt,5,utf-8
6128,LIP-RTVE,speaker149_0000,29,../data/LIP-RTVE/WAVs/speaker149/speaker149_0000.wav,../data/LIP-RTVE/ROIs/speaker149/speaker149_0000.npz,../data/LIP-RTVE/transcriptions/speaker149/speaker149_0000.txt,5,utf-8
6129,LIP-RTVE,speaker150_0000,26,../data/LIP-RTVE/WAVs/speaker150/speaker150_0000.wav,../data/LIP-RTVE/ROIs/speaker150/speaker150_0000.npz,../data/LIP-RTVE/transcriptions/speaker150/speaker150_0000.txt,5,utf-8
6130,LIP-RTVE,speaker150_0001,78,../data/LIP-RTVE/WAVs/speaker150/speaker150_0001.wav,../data/LIP-RTVE/ROIs/speaker150/speaker150_0001.npz,../data/LIP-RTVE/transcriptions/speaker150/speaker150_0001.txt,5,utf-8
6131,LIP-RTVE,speaker150_0002,54,../data/LIP-RTVE/WAVs/speaker150/speaker150_0002.wav,../data/LIP-RTVE/ROIs/speaker150/speaker150_0002.npz,../data/LIP-RTVE/transcriptions/speaker150/speaker150_0002.txt,5,utf-8
6132,LIP-RTVE,speaker151_0000,26,../data/LIP-RTVE/WAVs/speaker151/speaker151_0000.wav,../data/LIP-RTVE/ROIs/speaker151/speaker151_0000.npz,../data/LIP-RTVE/transcriptions/speaker151/speaker151_0000.txt,5,utf-8
6133,LIP-RTVE,speaker151_0001,47,../data/LIP-RTVE/WAVs/speaker151/speaker151_0001.wav,../data/LIP-RTVE/ROIs/speaker151/speaker151_0001.npz,../data/LIP-RTVE/transcriptions/speaker151/speaker151_0001.txt,5,utf-8
6134,LIP-RTVE,speaker151_0002,61,../data/LIP-RTVE/WAVs/speaker151/speaker151_0002.wav,../data/LIP-RTVE/ROIs/speaker151/speaker151_0002.npz,../data/LIP-RTVE/transcriptions/speaker151/speaker151_0002.txt,5,utf-8
6135,LIP-RTVE,speaker152_0001,67,../data/LIP-RTVE/WAVs/speaker152/speaker152_0001.wav,../data/LIP-RTVE/ROIs/speaker152/speaker152_0001.npz,../data/LIP-RTVE/transcriptions/speaker152/speaker152_0001.txt,5,utf-8
6136,LIP-RTVE,speaker152_0004,30,../data/LIP-RTVE/WAVs/speaker152/speaker152_0004.wav,../data/LIP-RTVE/ROIs/speaker152/speaker152_0004.npz,../data/LIP-RTVE/transcriptions/speaker152/speaker152_0004.txt,5,utf-8
6137,LIP-RTVE,speaker152_0005,37,../data/LIP-RTVE/WAVs/speaker152/speaker152_0005.wav,../data/LIP-RTVE/ROIs/speaker152/speaker152_0005.npz,../data/LIP-RTVE/transcriptions/speaker152/speaker152_0005.txt,5,utf-8
6138,LIP-RTVE,speaker152_0006,43,../data/LIP-RTVE/WAVs/speaker152/speaker152_0006.wav,../data/LIP-RTVE/ROIs/speaker152/speaker152_0006.npz,../data/LIP-RTVE/transcriptions/speaker152/speaker152_0006.txt,5,utf-8
6139,LIP-RTVE,speaker152_0007,30,../data/LIP-RTVE/WAVs/speaker152/speaker152_0007.wav,../data/LIP-RTVE/ROIs/speaker152/speaker152_0007.npz,../data/LIP-RTVE/transcriptions/speaker152/speaker152_0007.txt,5,utf-8
6140,LIP-RTVE,speaker152_0008,38,../data/LIP-RTVE/WAVs/speaker152/speaker152_0008.wav,../data/LIP-RTVE/ROIs/speaker152/speaker152_0008.npz,../data/LIP-RTVE/transcriptions/speaker152/speaker152_0008.txt,5,utf-8
6141,LIP-RTVE,speaker152_0009,105,../data/LIP-RTVE/WAVs/speaker152/speaker152_0009.wav,../data/LIP-RTVE/ROIs/speaker152/speaker152_0009.npz,../data/LIP-RTVE/transcriptions/speaker152/speaker152_0009.txt,5,utf-8
6142,LIP-RTVE,speaker152_0010,154,../data/LIP-RTVE/WAVs/speaker152/speaker152_0010.wav,../data/LIP-RTVE/ROIs/speaker152/speaker152_0010.npz,../data/LIP-RTVE/transcriptions/speaker152/speaker152_0010.txt,5,utf-8
6143,LIP-RTVE,speaker152_0011,198,../data/LIP-RTVE/WAVs/speaker152/speaker152_0011.wav,../data/LIP-RTVE/ROIs/speaker152/speaker152_0011.npz,../data/LIP-RTVE/transcriptions/speaker152/speaker152_0011.txt,5,utf-8
6144,LIP-RTVE,speaker153_0000,56,../data/LIP-RTVE/WAVs/speaker153/speaker153_0000.wav,../data/LIP-RTVE/ROIs/speaker153/speaker153_0000.npz,../data/LIP-RTVE/transcriptions/speaker153/speaker153_0000.txt,5,utf-8
6145,LIP-RTVE,speaker153_0001,110,../data/LIP-RTVE/WAVs/speaker153/speaker153_0001.wav,../data/LIP-RTVE/ROIs/speaker153/speaker153_0001.npz,../data/LIP-RTVE/transcriptions/speaker153/speaker153_0001.txt,5,utf-8
6146,LIP-RTVE,speaker153_0002,56,../data/LIP-RTVE/WAVs/speaker153/speaker153_0002.wav,../data/LIP-RTVE/ROIs/speaker153/speaker153_0002.npz,../data/LIP-RTVE/transcriptions/speaker153/speaker153_0002.txt,5,utf-8
6147,LIP-RTVE,speaker153_0003,125,../data/LIP-RTVE/WAVs/speaker153/speaker153_0003.wav,../data/LIP-RTVE/ROIs/speaker153/speaker153_0003.npz,../data/LIP-RTVE/transcriptions/speaker153/speaker153_0003.txt,5,utf-8
6148,LIP-RTVE,speaker153_0005,89,../data/LIP-RTVE/WAVs/speaker153/speaker153_0005.wav,../data/LIP-RTVE/ROIs/speaker153/speaker153_0005.npz,../data/LIP-RTVE/transcriptions/speaker153/speaker153_0005.txt,5,utf-8
6149,LIP-RTVE,speaker153_0006,67,../data/LIP-RTVE/WAVs/speaker153/speaker153_0006.wav,../data/LIP-RTVE/ROIs/speaker153/speaker153_0006.npz,../data/LIP-RTVE/transcriptions/speaker153/speaker153_0006.txt,5,utf-8
6150,LIP-RTVE,speaker153_0007,84,../data/LIP-RTVE/WAVs/speaker153/speaker153_0007.wav,../data/LIP-RTVE/ROIs/speaker153/speaker153_0007.npz,../data/LIP-RTVE/transcriptions/speaker153/speaker153_0007.txt,5,utf-8
6151,LIP-RTVE,speaker153_0008,96,../data/LIP-RTVE/WAVs/speaker153/speaker153_0008.wav,../data/LIP-RTVE/ROIs/speaker153/speaker153_0008.npz,../data/LIP-RTVE/transcriptions/speaker153/speaker153_0008.txt,5,utf-8
6152,LIP-RTVE,speaker153_0011,73,../data/LIP-RTVE/WAVs/speaker153/speaker153_0011.wav,../data/LIP-RTVE/ROIs/speaker153/speaker153_0011.npz,../data/LIP-RTVE/transcriptions/speaker153/speaker153_0011.txt,5,utf-8
6153,LIP-RTVE,speaker153_0012,63,../data/LIP-RTVE/WAVs/speaker153/speaker153_0012.wav,../data/LIP-RTVE/ROIs/speaker153/speaker153_0012.npz,../data/LIP-RTVE/transcriptions/speaker153/speaker153_0012.txt,5,utf-8
6154,LIP-RTVE,speaker154_0000,116,../data/LIP-RTVE/WAVs/speaker154/speaker154_0000.wav,../data/LIP-RTVE/ROIs/speaker154/speaker154_0000.npz,../data/LIP-RTVE/transcriptions/speaker154/speaker154_0000.txt,5,utf-8
6155,LIP-RTVE,speaker154_0001,87,../data/LIP-RTVE/WAVs/speaker154/speaker154_0001.wav,../data/LIP-RTVE/ROIs/speaker154/speaker154_0001.npz,../data/LIP-RTVE/transcriptions/speaker154/speaker154_0001.txt,5,utf-8
6156,LIP-RTVE,speaker154_0002,60,../data/LIP-RTVE/WAVs/speaker154/speaker154_0002.wav,../data/LIP-RTVE/ROIs/speaker154/speaker154_0002.npz,../data/LIP-RTVE/transcriptions/speaker154/speaker154_0002.txt,5,utf-8
6157,LIP-RTVE,speaker154_0003,125,../data/LIP-RTVE/WAVs/speaker154/speaker154_0003.wav,../data/LIP-RTVE/ROIs/speaker154/speaker154_0003.npz,../data/LIP-RTVE/transcriptions/speaker154/speaker154_0003.txt,5,utf-8
6158,LIP-RTVE,speaker154_0006,184,../data/LIP-RTVE/WAVs/speaker154/speaker154_0006.wav,../data/LIP-RTVE/ROIs/speaker154/speaker154_0006.npz,../data/LIP-RTVE/transcriptions/speaker154/speaker154_0006.txt,5,utf-8
6159,LIP-RTVE,speaker154_0007,123,../data/LIP-RTVE/WAVs/speaker154/speaker154_0007.wav,../data/LIP-RTVE/ROIs/speaker154/speaker154_0007.npz,../data/LIP-RTVE/transcriptions/speaker154/speaker154_0007.txt,5,utf-8
6160,LIP-RTVE,speaker155_0000,35,../data/LIP-RTVE/WAVs/speaker155/speaker155_0000.wav,../data/LIP-RTVE/ROIs/speaker155/speaker155_0000.npz,../data/LIP-RTVE/transcriptions/speaker155/speaker155_0000.txt,5,utf-8
6161,LIP-RTVE,speaker155_0001,126,../data/LIP-RTVE/WAVs/speaker155/speaker155_0001.wav,../data/LIP-RTVE/ROIs/speaker155/speaker155_0001.npz,../data/LIP-RTVE/transcriptions/speaker155/speaker155_0001.txt,5,utf-8
6162,LIP-RTVE,speaker155_0002,92,../data/LIP-RTVE/WAVs/speaker155/speaker155_0002.wav,../data/LIP-RTVE/ROIs/speaker155/speaker155_0002.npz,../data/LIP-RTVE/transcriptions/speaker155/speaker155_0002.txt,5,utf-8
6163,LIP-RTVE,speaker155_0003,35,../data/LIP-RTVE/WAVs/speaker155/speaker155_0003.wav,../data/LIP-RTVE/ROIs/speaker155/speaker155_0003.npz,../data/LIP-RTVE/transcriptions/speaker155/speaker155_0003.txt,5,utf-8
6164,LIP-RTVE,speaker155_0005,209,../data/LIP-RTVE/WAVs/speaker155/speaker155_0005.wav,../data/LIP-RTVE/ROIs/speaker155/speaker155_0005.npz,../data/LIP-RTVE/transcriptions/speaker155/speaker155_0005.txt,5,utf-8
6165,LIP-RTVE,speaker155_0006,48,../data/LIP-RTVE/WAVs/speaker155/speaker155_0006.wav,../data/LIP-RTVE/ROIs/speaker155/speaker155_0006.npz,../data/LIP-RTVE/transcriptions/speaker155/speaker155_0006.txt,5,utf-8
6166,LIP-RTVE,speaker156_0000,256,../data/LIP-RTVE/WAVs/speaker156/speaker156_0000.wav,../data/LIP-RTVE/ROIs/speaker156/speaker156_0000.npz,../data/LIP-RTVE/transcriptions/speaker156/speaker156_0000.txt,5,utf-8
6167,LIP-RTVE,speaker156_0001,166,../data/LIP-RTVE/WAVs/speaker156/speaker156_0001.wav,../data/LIP-RTVE/ROIs/speaker156/speaker156_0001.npz,../data/LIP-RTVE/transcriptions/speaker156/speaker156_0001.txt,5,utf-8
6168,LIP-RTVE,speaker157_0000,45,../data/LIP-RTVE/WAVs/speaker157/speaker157_0000.wav,../data/LIP-RTVE/ROIs/speaker157/speaker157_0000.npz,../data/LIP-RTVE/transcriptions/speaker157/speaker157_0000.txt,5,utf-8
6169,LIP-RTVE,speaker157_0002,26,../data/LIP-RTVE/WAVs/speaker157/speaker157_0002.wav,../data/LIP-RTVE/ROIs/speaker157/speaker157_0002.npz,../data/LIP-RTVE/transcriptions/speaker157/speaker157_0002.txt,5,utf-8
6170,LIP-RTVE,speaker157_0003,55,../data/LIP-RTVE/WAVs/speaker157/speaker157_0003.wav,../data/LIP-RTVE/ROIs/speaker157/speaker157_0003.npz,../data/LIP-RTVE/transcriptions/speaker157/speaker157_0003.txt,5,utf-8
6171,LIP-RTVE,speaker157_0004,46,../data/LIP-RTVE/WAVs/speaker157/speaker157_0004.wav,../data/LIP-RTVE/ROIs/speaker157/speaker157_0004.npz,../data/LIP-RTVE/transcriptions/speaker157/speaker157_0004.txt,5,utf-8
6172,LIP-RTVE,speaker157_0005,110,../data/LIP-RTVE/WAVs/speaker157/speaker157_0005.wav,../data/LIP-RTVE/ROIs/speaker157/speaker157_0005.npz,../data/LIP-RTVE/transcriptions/speaker157/speaker157_0005.txt,5,utf-8
6173,LIP-RTVE,speaker158_0000,52,../data/LIP-RTVE/WAVs/speaker158/speaker158_0000.wav,../data/LIP-RTVE/ROIs/speaker158/speaker158_0000.npz,../data/LIP-RTVE/transcriptions/speaker158/speaker158_0000.txt,5,utf-8
6174,LIP-RTVE,speaker158_0001,112,../data/LIP-RTVE/WAVs/speaker158/speaker158_0001.wav,../data/LIP-RTVE/ROIs/speaker158/speaker158_0001.npz,../data/LIP-RTVE/transcriptions/speaker158/speaker158_0001.txt,5,utf-8
6175,LIP-RTVE,speaker158_0002,117,../data/LIP-RTVE/WAVs/speaker158/speaker158_0002.wav,../data/LIP-RTVE/ROIs/speaker158/speaker158_0002.npz,../data/LIP-RTVE/transcriptions/speaker158/speaker158_0002.txt,5,utf-8
6176,LIP-RTVE,speaker158_0003,30,../data/LIP-RTVE/WAVs/speaker158/speaker158_0003.wav,../data/LIP-RTVE/ROIs/speaker158/speaker158_0003.npz,../data/LIP-RTVE/transcriptions/speaker158/speaker158_0003.txt,5,utf-8
6177,LIP-RTVE,speaker158_0005,27,../data/LIP-RTVE/WAVs/speaker158/speaker158_0005.wav,../data/LIP-RTVE/ROIs/speaker158/speaker158_0005.npz,../data/LIP-RTVE/transcriptions/speaker158/speaker158_0005.txt,5,utf-8
6178,LIP-RTVE,speaker158_0006,78,../data/LIP-RTVE/WAVs/speaker158/speaker158_0006.wav,../data/LIP-RTVE/ROIs/speaker158/speaker158_0006.npz,../data/LIP-RTVE/transcriptions/speaker158/speaker158_0006.txt,5,utf-8
6179,LIP-RTVE,speaker158_0007,63,../data/LIP-RTVE/WAVs/speaker158/speaker158_0007.wav,../data/LIP-RTVE/ROIs/speaker158/speaker158_0007.npz,../data/LIP-RTVE/transcriptions/speaker158/speaker158_0007.txt,5,utf-8
6180,LIP-RTVE,speaker158_0008,66,../data/LIP-RTVE/WAVs/speaker158/speaker158_0008.wav,../data/LIP-RTVE/ROIs/speaker158/speaker158_0008.npz,../data/LIP-RTVE/transcriptions/speaker158/speaker158_0008.txt,5,utf-8
6181,LIP-RTVE,speaker158_0011,77,../data/LIP-RTVE/WAVs/speaker158/speaker158_0011.wav,../data/LIP-RTVE/ROIs/speaker158/speaker158_0011.npz,../data/LIP-RTVE/transcriptions/speaker158/speaker158_0011.txt,5,utf-8
6182,LIP-RTVE,speaker158_0012,208,../data/LIP-RTVE/WAVs/speaker158/speaker158_0012.wav,../data/LIP-RTVE/ROIs/speaker158/speaker158_0012.npz,../data/LIP-RTVE/transcriptions/speaker158/speaker158_0012.txt,5,utf-8
6183,LIP-RTVE,speaker158_0013,135,../data/LIP-RTVE/WAVs/speaker158/speaker158_0013.wav,../data/LIP-RTVE/ROIs/speaker158/speaker158_0013.npz,../data/LIP-RTVE/transcriptions/speaker158/speaker158_0013.txt,5,utf-8
6184,LIP-RTVE,speaker158_0014,76,../data/LIP-RTVE/WAVs/speaker158/speaker158_0014.wav,../data/LIP-RTVE/ROIs/speaker158/speaker158_0014.npz,../data/LIP-RTVE/transcriptions/speaker158/speaker158_0014.txt,5,utf-8
6185,LIP-RTVE,speaker159_0000,30,../data/LIP-RTVE/WAVs/speaker159/speaker159_0000.wav,../data/LIP-RTVE/ROIs/speaker159/speaker159_0000.npz,../data/LIP-RTVE/transcriptions/speaker159/speaker159_0000.txt,5,utf-8
6186,LIP-RTVE,speaker160_0000,58,../data/LIP-RTVE/WAVs/speaker160/speaker160_0000.wav,../data/LIP-RTVE/ROIs/speaker160/speaker160_0000.npz,../data/LIP-RTVE/transcriptions/speaker160/speaker160_0000.txt,5,utf-8
6187,LIP-RTVE,speaker160_0001,82,../data/LIP-RTVE/WAVs/speaker160/speaker160_0001.wav,../data/LIP-RTVE/ROIs/speaker160/speaker160_0001.npz,../data/LIP-RTVE/transcriptions/speaker160/speaker160_0001.txt,5,utf-8
6188,LIP-RTVE,speaker161_0001,125,../data/LIP-RTVE/WAVs/speaker161/speaker161_0001.wav,../data/LIP-RTVE/ROIs/speaker161/speaker161_0001.npz,../data/LIP-RTVE/transcriptions/speaker161/speaker161_0001.txt,5,utf-8
6189,LIP-RTVE,speaker161_0004,38,../data/LIP-RTVE/WAVs/speaker161/speaker161_0004.wav,../data/LIP-RTVE/ROIs/speaker161/speaker161_0004.npz,../data/LIP-RTVE/transcriptions/speaker161/speaker161_0004.txt,5,utf-8
6190,LIP-RTVE,speaker161_0005,52,../data/LIP-RTVE/WAVs/speaker161/speaker161_0005.wav,../data/LIP-RTVE/ROIs/speaker161/speaker161_0005.npz,../data/LIP-RTVE/transcriptions/speaker161/speaker161_0005.txt,5,utf-8
6191,LIP-RTVE,speaker161_0007,109,../data/LIP-RTVE/WAVs/speaker161/speaker161_0007.wav,../data/LIP-RTVE/ROIs/speaker161/speaker161_0007.npz,../data/LIP-RTVE/transcriptions/speaker161/speaker161_0007.txt,5,utf-8
6192,LIP-RTVE,speaker161_0008,146,../data/LIP-RTVE/WAVs/speaker161/speaker161_0008.wav,../data/LIP-RTVE/ROIs/speaker161/speaker161_0008.npz,../data/LIP-RTVE/transcriptions/speaker161/speaker161_0008.txt,5,utf-8
6193,LIP-RTVE,speaker161_0009,78,../data/LIP-RTVE/WAVs/speaker161/speaker161_0009.wav,../data/LIP-RTVE/ROIs/speaker161/speaker161_0009.npz,../data/LIP-RTVE/transcriptions/speaker161/speaker161_0009.txt,5,utf-8
6194,LIP-RTVE,speaker162_0000,86,../data/LIP-RTVE/WAVs/speaker162/speaker162_0000.wav,../data/LIP-RTVE/ROIs/speaker162/speaker162_0000.npz,../data/LIP-RTVE/transcriptions/speaker162/speaker162_0000.txt,5,utf-8
6195,LIP-RTVE,speaker162_0001,27,../data/LIP-RTVE/WAVs/speaker162/speaker162_0001.wav,../data/LIP-RTVE/ROIs/speaker162/speaker162_0001.npz,../data/LIP-RTVE/transcriptions/speaker162/speaker162_0001.txt,5,utf-8
6196,LIP-RTVE,speaker162_0003,27,../data/LIP-RTVE/WAVs/speaker162/speaker162_0003.wav,../data/LIP-RTVE/ROIs/speaker162/speaker162_0003.npz,../data/LIP-RTVE/transcriptions/speaker162/speaker162_0003.txt,5,utf-8
6197,LIP-RTVE,speaker162_0005,113,../data/LIP-RTVE/WAVs/speaker162/speaker162_0005.wav,../data/LIP-RTVE/ROIs/speaker162/speaker162_0005.npz,../data/LIP-RTVE/transcriptions/speaker162/speaker162_0005.txt,5,utf-8
6198,LIP-RTVE,speaker162_0009,66,../data/LIP-RTVE/WAVs/speaker162/speaker162_0009.wav,../data/LIP-RTVE/ROIs/speaker162/speaker162_0009.npz,../data/LIP-RTVE/transcriptions/speaker162/speaker162_0009.txt,5,utf-8
6199,LIP-RTVE,speaker163_0001,35,../data/LIP-RTVE/WAVs/speaker163/speaker163_0001.wav,../data/LIP-RTVE/ROIs/speaker163/speaker163_0001.npz,../data/LIP-RTVE/transcriptions/speaker163/speaker163_0001.txt,5,utf-8
6200,LIP-RTVE,speaker163_0002,81,../data/LIP-RTVE/WAVs/speaker163/speaker163_0002.wav,../data/LIP-RTVE/ROIs/speaker163/speaker163_0002.npz,../data/LIP-RTVE/transcriptions/speaker163/speaker163_0002.txt,5,utf-8
6201,LIP-RTVE,speaker163_0003,51,../data/LIP-RTVE/WAVs/speaker163/speaker163_0003.wav,../data/LIP-RTVE/ROIs/speaker163/speaker163_0003.npz,../data/LIP-RTVE/transcriptions/speaker163/speaker163_0003.txt,5,utf-8
6202,LIP-RTVE,speaker163_0004,104,../data/LIP-RTVE/WAVs/speaker163/speaker163_0004.wav,../data/LIP-RTVE/ROIs/speaker163/speaker163_0004.npz,../data/LIP-RTVE/transcriptions/speaker163/speaker163_0004.txt,5,utf-8
6203,LIP-RTVE,speaker163_0005,53,../data/LIP-RTVE/WAVs/speaker163/speaker163_0005.wav,../data/LIP-RTVE/ROIs/speaker163/speaker163_0005.npz,../data/LIP-RTVE/transcriptions/speaker163/speaker163_0005.txt,5,utf-8
6204,LIP-RTVE,speaker163_0006,156,../data/LIP-RTVE/WAVs/speaker163/speaker163_0006.wav,../data/LIP-RTVE/ROIs/speaker163/speaker163_0006.npz,../data/LIP-RTVE/transcriptions/speaker163/speaker163_0006.txt,5,utf-8
6205,LIP-RTVE,speaker164_0000,52,../data/LIP-RTVE/WAVs/speaker164/speaker164_0000.wav,../data/LIP-RTVE/ROIs/speaker164/speaker164_0000.npz,../data/LIP-RTVE/transcriptions/speaker164/speaker164_0000.txt,5,utf-8
6206,LIP-RTVE,speaker164_0001,85,../data/LIP-RTVE/WAVs/speaker164/speaker164_0001.wav,../data/LIP-RTVE/ROIs/speaker164/speaker164_0001.npz,../data/LIP-RTVE/transcriptions/speaker164/speaker164_0001.txt,5,utf-8
6207,LIP-RTVE,speaker164_0002,35,../data/LIP-RTVE/WAVs/speaker164/speaker164_0002.wav,../data/LIP-RTVE/ROIs/speaker164/speaker164_0002.npz,../data/LIP-RTVE/transcriptions/speaker164/speaker164_0002.txt,5,utf-8
6208,LIP-RTVE,speaker164_0003,29,../data/LIP-RTVE/WAVs/speaker164/speaker164_0003.wav,../data/LIP-RTVE/ROIs/speaker164/speaker164_0003.npz,../data/LIP-RTVE/transcriptions/speaker164/speaker164_0003.txt,5,utf-8
6209,LIP-RTVE,speaker164_0004,47,../data/LIP-RTVE/WAVs/speaker164/speaker164_0004.wav,../data/LIP-RTVE/ROIs/speaker164/speaker164_0004.npz,../data/LIP-RTVE/transcriptions/speaker164/speaker164_0004.txt,5,utf-8
6210,LIP-RTVE,speaker164_0006,27,../data/LIP-RTVE/WAVs/speaker164/speaker164_0006.wav,../data/LIP-RTVE/ROIs/speaker164/speaker164_0006.npz,../data/LIP-RTVE/transcriptions/speaker164/speaker164_0006.txt,5,utf-8
6211,LIP-RTVE,speaker166_0001,94,../data/LIP-RTVE/WAVs/speaker166/speaker166_0001.wav,../data/LIP-RTVE/ROIs/speaker166/speaker166_0001.npz,../data/LIP-RTVE/transcriptions/speaker166/speaker166_0001.txt,5,utf-8
6212,LIP-RTVE,speaker166_0002,28,../data/LIP-RTVE/WAVs/speaker166/speaker166_0002.wav,../data/LIP-RTVE/ROIs/speaker166/speaker166_0002.npz,../data/LIP-RTVE/transcriptions/speaker166/speaker166_0002.txt,5,utf-8
6213,LIP-RTVE,speaker166_0003,35,../data/LIP-RTVE/WAVs/speaker166/speaker166_0003.wav,../data/LIP-RTVE/ROIs/speaker166/speaker166_0003.npz,../data/LIP-RTVE/transcriptions/speaker166/speaker166_0003.txt,5,utf-8
6214,LIP-RTVE,speaker166_0004,45,../data/LIP-RTVE/WAVs/speaker166/speaker166_0004.wav,../data/LIP-RTVE/ROIs/speaker166/speaker166_0004.npz,../data/LIP-RTVE/transcriptions/speaker166/speaker166_0004.txt,5,utf-8
6215,LIP-RTVE,speaker166_0005,29,../data/LIP-RTVE/WAVs/speaker166/speaker166_0005.wav,../data/LIP-RTVE/ROIs/speaker166/speaker166_0005.npz,../data/LIP-RTVE/transcriptions/speaker166/speaker166_0005.txt,5,utf-8
6216,LIP-RTVE,speaker166_0008,36,../data/LIP-RTVE/WAVs/speaker166/speaker166_0008.wav,../data/LIP-RTVE/ROIs/speaker166/speaker166_0008.npz,../data/LIP-RTVE/transcriptions/speaker166/speaker166_0008.txt,5,utf-8
6217,LIP-RTVE,speaker166_0009,54,../data/LIP-RTVE/WAVs/speaker166/speaker166_0009.wav,../data/LIP-RTVE/ROIs/speaker166/speaker166_0009.npz,../data/LIP-RTVE/transcriptions/speaker166/speaker166_0009.txt,5,utf-8
6218,LIP-RTVE,speaker166_0010,169,../data/LIP-RTVE/WAVs/speaker166/speaker166_0010.wav,../data/LIP-RTVE/ROIs/speaker166/speaker166_0010.npz,../data/LIP-RTVE/transcriptions/speaker166/speaker166_0010.txt,5,utf-8
6219,LIP-RTVE,speaker166_0011,31,../data/LIP-RTVE/WAVs/speaker166/speaker166_0011.wav,../data/LIP-RTVE/ROIs/speaker166/speaker166_0011.npz,../data/LIP-RTVE/transcriptions/speaker166/speaker166_0011.txt,5,utf-8
6220,LIP-RTVE,speaker166_0013,63,../data/LIP-RTVE/WAVs/speaker166/speaker166_0013.wav,../data/LIP-RTVE/ROIs/speaker166/speaker166_0013.npz,../data/LIP-RTVE/transcriptions/speaker166/speaker166_0013.txt,5,utf-8
6221,LIP-RTVE,speaker166_0014,96,../data/LIP-RTVE/WAVs/speaker166/speaker166_0014.wav,../data/LIP-RTVE/ROIs/speaker166/speaker166_0014.npz,../data/LIP-RTVE/transcriptions/speaker166/speaker166_0014.txt,5,utf-8
6222,LIP-RTVE,speaker166_0016,94,../data/LIP-RTVE/WAVs/speaker166/speaker166_0016.wav,../data/LIP-RTVE/ROIs/speaker166/speaker166_0016.npz,../data/LIP-RTVE/transcriptions/speaker166/speaker166_0016.txt,5,utf-8
6223,LIP-RTVE,speaker166_0017,90,../data/LIP-RTVE/WAVs/speaker166/speaker166_0017.wav,../data/LIP-RTVE/ROIs/speaker166/speaker166_0017.npz,../data/LIP-RTVE/transcriptions/speaker166/speaker166_0017.txt,5,utf-8
6224,LIP-RTVE,speaker166_0018,246,../data/LIP-RTVE/WAVs/speaker166/speaker166_0018.wav,../data/LIP-RTVE/ROIs/speaker166/speaker166_0018.npz,../data/LIP-RTVE/transcriptions/speaker166/speaker166_0018.txt,5,utf-8
6225,LIP-RTVE,speaker167_0000,33,../data/LIP-RTVE/WAVs/speaker167/speaker167_0000.wav,../data/LIP-RTVE/ROIs/speaker167/speaker167_0000.npz,../data/LIP-RTVE/transcriptions/speaker167/speaker167_0000.txt,5,utf-8
6226,LIP-RTVE,speaker167_0001,121,../data/LIP-RTVE/WAVs/speaker167/speaker167_0001.wav,../data/LIP-RTVE/ROIs/speaker167/speaker167_0001.npz,../data/LIP-RTVE/transcriptions/speaker167/speaker167_0001.txt,5,utf-8
6227,LIP-RTVE,speaker168_0000,33,../data/LIP-RTVE/WAVs/speaker168/speaker168_0000.wav,../data/LIP-RTVE/ROIs/speaker168/speaker168_0000.npz,../data/LIP-RTVE/transcriptions/speaker168/speaker168_0000.txt,5,utf-8
6228,LIP-RTVE,speaker168_0001,27,../data/LIP-RTVE/WAVs/speaker168/speaker168_0001.wav,../data/LIP-RTVE/ROIs/speaker168/speaker168_0001.npz,../data/LIP-RTVE/transcriptions/speaker168/speaker168_0001.txt,5,utf-8
6229,LIP-RTVE,speaker168_0002,46,../data/LIP-RTVE/WAVs/speaker168/speaker168_0002.wav,../data/LIP-RTVE/ROIs/speaker168/speaker168_0002.npz,../data/LIP-RTVE/transcriptions/speaker168/speaker168_0002.txt,5,utf-8
6230,LIP-RTVE,speaker169_0001,30,../data/LIP-RTVE/WAVs/speaker169/speaker169_0001.wav,../data/LIP-RTVE/ROIs/speaker169/speaker169_0001.npz,../data/LIP-RTVE/transcriptions/speaker169/speaker169_0001.txt,5,utf-8
6231,LIP-RTVE,speaker169_0003,47,../data/LIP-RTVE/WAVs/speaker169/speaker169_0003.wav,../data/LIP-RTVE/ROIs/speaker169/speaker169_0003.npz,../data/LIP-RTVE/transcriptions/speaker169/speaker169_0003.txt,5,utf-8
6232,LIP-RTVE,speaker169_0004,86,../data/LIP-RTVE/WAVs/speaker169/speaker169_0004.wav,../data/LIP-RTVE/ROIs/speaker169/speaker169_0004.npz,../data/LIP-RTVE/transcriptions/speaker169/speaker169_0004.txt,5,utf-8
6233,LIP-RTVE,speaker169_0005,27,../data/LIP-RTVE/WAVs/speaker169/speaker169_0005.wav,../data/LIP-RTVE/ROIs/speaker169/speaker169_0005.npz,../data/LIP-RTVE/transcriptions/speaker169/speaker169_0005.txt,5,utf-8
6234,LIP-RTVE,speaker170_0000,27,../data/LIP-RTVE/WAVs/speaker170/speaker170_0000.wav,../data/LIP-RTVE/ROIs/speaker170/speaker170_0000.npz,../data/LIP-RTVE/transcriptions/speaker170/speaker170_0000.txt,5,utf-8
6235,LIP-RTVE,speaker170_0002,78,../data/LIP-RTVE/WAVs/speaker170/speaker170_0002.wav,../data/LIP-RTVE/ROIs/speaker170/speaker170_0002.npz,../data/LIP-RTVE/transcriptions/speaker170/speaker170_0002.txt,5,utf-8
6236,LIP-RTVE,speaker170_0003,107,../data/LIP-RTVE/WAVs/speaker170/speaker170_0003.wav,../data/LIP-RTVE/ROIs/speaker170/speaker170_0003.npz,../data/LIP-RTVE/transcriptions/speaker170/speaker170_0003.txt,5,utf-8
6237,LIP-RTVE,speaker170_0004,35,../data/LIP-RTVE/WAVs/speaker170/speaker170_0004.wav,../data/LIP-RTVE/ROIs/speaker170/speaker170_0004.npz,../data/LIP-RTVE/transcriptions/speaker170/speaker170_0004.txt,5,utf-8
6238,LIP-RTVE,speaker171_0001,92,../data/LIP-RTVE/WAVs/speaker171/speaker171_0001.wav,../data/LIP-RTVE/ROIs/speaker171/speaker171_0001.npz,../data/LIP-RTVE/transcriptions/speaker171/speaker171_0001.txt,5,utf-8
6239,LIP-RTVE,speaker171_0002,113,../data/LIP-RTVE/WAVs/speaker171/speaker171_0002.wav,../data/LIP-RTVE/ROIs/speaker171/speaker171_0002.npz,../data/LIP-RTVE/transcriptions/speaker171/speaker171_0002.txt,5,utf-8
6240,LIP-RTVE,speaker171_0003,56,../data/LIP-RTVE/WAVs/speaker171/speaker171_0003.wav,../data/LIP-RTVE/ROIs/speaker171/speaker171_0003.npz,../data/LIP-RTVE/transcriptions/speaker171/speaker171_0003.txt,5,utf-8
6241,LIP-RTVE,speaker171_0004,196,../data/LIP-RTVE/WAVs/speaker171/speaker171_0004.wav,../data/LIP-RTVE/ROIs/speaker171/speaker171_0004.npz,../data/LIP-RTVE/transcriptions/speaker171/speaker171_0004.txt,5,utf-8
6242,LIP-RTVE,speaker171_0005,52,../data/LIP-RTVE/WAVs/speaker171/speaker171_0005.wav,../data/LIP-RTVE/ROIs/speaker171/speaker171_0005.npz,../data/LIP-RTVE/transcriptions/speaker171/speaker171_0005.txt,5,utf-8
6243,LIP-RTVE,speaker171_0006,86,../data/LIP-RTVE/WAVs/speaker171/speaker171_0006.wav,../data/LIP-RTVE/ROIs/speaker171/speaker171_0006.npz,../data/LIP-RTVE/transcriptions/speaker171/speaker171_0006.txt,5,utf-8
6244,LIP-RTVE,speaker172_0001,118,../data/LIP-RTVE/WAVs/speaker172/speaker172_0001.wav,../data/LIP-RTVE/ROIs/speaker172/speaker172_0001.npz,../data/LIP-RTVE/transcriptions/speaker172/speaker172_0001.txt,5,utf-8
6245,LIP-RTVE,speaker172_0002,71,../data/LIP-RTVE/WAVs/speaker172/speaker172_0002.wav,../data/LIP-RTVE/ROIs/speaker172/speaker172_0002.npz,../data/LIP-RTVE/transcriptions/speaker172/speaker172_0002.txt,5,utf-8
6246,LIP-RTVE,speaker172_0004,47,../data/LIP-RTVE/WAVs/speaker172/speaker172_0004.wav,../data/LIP-RTVE/ROIs/speaker172/speaker172_0004.npz,../data/LIP-RTVE/transcriptions/speaker172/speaker172_0004.txt,5,utf-8
6247,LIP-RTVE,speaker172_0005,130,../data/LIP-RTVE/WAVs/speaker172/speaker172_0005.wav,../data/LIP-RTVE/ROIs/speaker172/speaker172_0005.npz,../data/LIP-RTVE/transcriptions/speaker172/speaker172_0005.txt,5,utf-8
6248,LIP-RTVE,speaker172_0006,104,../data/LIP-RTVE/WAVs/speaker172/speaker172_0006.wav,../data/LIP-RTVE/ROIs/speaker172/speaker172_0006.npz,../data/LIP-RTVE/transcriptions/speaker172/speaker172_0006.txt,5,utf-8
6249,LIP-RTVE,speaker172_0007,74,../data/LIP-RTVE/WAVs/speaker172/speaker172_0007.wav,../data/LIP-RTVE/ROIs/speaker172/speaker172_0007.npz,../data/LIP-RTVE/transcriptions/speaker172/speaker172_0007.txt,5,utf-8
6250,LIP-RTVE,speaker173_0000,75,../data/LIP-RTVE/WAVs/speaker173/speaker173_0000.wav,../data/LIP-RTVE/ROIs/speaker173/speaker173_0000.npz,../data/LIP-RTVE/transcriptions/speaker173/speaker173_0000.txt,5,utf-8
6251,LIP-RTVE,speaker173_0002,61,../data/LIP-RTVE/WAVs/speaker173/speaker173_0002.wav,../data/LIP-RTVE/ROIs/speaker173/speaker173_0002.npz,../data/LIP-RTVE/transcriptions/speaker173/speaker173_0002.txt,5,utf-8
6252,LIP-RTVE,speaker173_0003,161,../data/LIP-RTVE/WAVs/speaker173/speaker173_0003.wav,../data/LIP-RTVE/ROIs/speaker173/speaker173_0003.npz,../data/LIP-RTVE/transcriptions/speaker173/speaker173_0003.txt,5,utf-8
6253,LIP-RTVE,speaker173_0004,77,../data/LIP-RTVE/WAVs/speaker173/speaker173_0004.wav,../data/LIP-RTVE/ROIs/speaker173/speaker173_0004.npz,../data/LIP-RTVE/transcriptions/speaker173/speaker173_0004.txt,5,utf-8
6254,LIP-RTVE,speaker173_0005,117,../data/LIP-RTVE/WAVs/speaker173/speaker173_0005.wav,../data/LIP-RTVE/ROIs/speaker173/speaker173_0005.npz,../data/LIP-RTVE/transcriptions/speaker173/speaker173_0005.txt,5,utf-8
6255,LIP-RTVE,speaker173_0006,27,../data/LIP-RTVE/WAVs/speaker173/speaker173_0006.wav,../data/LIP-RTVE/ROIs/speaker173/speaker173_0006.npz,../data/LIP-RTVE/transcriptions/speaker173/speaker173_0006.txt,5,utf-8
6256,LIP-RTVE,speaker173_0007,135,../data/LIP-RTVE/WAVs/speaker173/speaker173_0007.wav,../data/LIP-RTVE/ROIs/speaker173/speaker173_0007.npz,../data/LIP-RTVE/transcriptions/speaker173/speaker173_0007.txt,5,utf-8
6257,LIP-RTVE,speaker173_0011,144,../data/LIP-RTVE/WAVs/speaker173/speaker173_0011.wav,../data/LIP-RTVE/ROIs/speaker173/speaker173_0011.npz,../data/LIP-RTVE/transcriptions/speaker173/speaker173_0011.txt,5,utf-8
6258,LIP-RTVE,speaker173_0012,102,../data/LIP-RTVE/WAVs/speaker173/speaker173_0012.wav,../data/LIP-RTVE/ROIs/speaker173/speaker173_0012.npz,../data/LIP-RTVE/transcriptions/speaker173/speaker173_0012.txt,5,utf-8
6259,LIP-RTVE,speaker173_0013,88,../data/LIP-RTVE/WAVs/speaker173/speaker173_0013.wav,../data/LIP-RTVE/ROIs/speaker173/speaker173_0013.npz,../data/LIP-RTVE/transcriptions/speaker173/speaker173_0013.txt,5,utf-8
6260,LIP-RTVE,speaker173_0015,48,../data/LIP-RTVE/WAVs/speaker173/speaker173_0015.wav,../data/LIP-RTVE/ROIs/speaker173/speaker173_0015.npz,../data/LIP-RTVE/transcriptions/speaker173/speaker173_0015.txt,5,utf-8
6261,LIP-RTVE,speaker174_0000,62,../data/LIP-RTVE/WAVs/speaker174/speaker174_0000.wav,../data/LIP-RTVE/ROIs/speaker174/speaker174_0000.npz,../data/LIP-RTVE/transcriptions/speaker174/speaker174_0000.txt,5,utf-8
6262,LIP-RTVE,speaker174_0001,118,../data/LIP-RTVE/WAVs/speaker174/speaker174_0001.wav,../data/LIP-RTVE/ROIs/speaker174/speaker174_0001.npz,../data/LIP-RTVE/transcriptions/speaker174/speaker174_0001.txt,5,utf-8
6263,LIP-RTVE,speaker174_0003,75,../data/LIP-RTVE/WAVs/speaker174/speaker174_0003.wav,../data/LIP-RTVE/ROIs/speaker174/speaker174_0003.npz,../data/LIP-RTVE/transcriptions/speaker174/speaker174_0003.txt,5,utf-8
6264,LIP-RTVE,speaker174_0004,62,../data/LIP-RTVE/WAVs/speaker174/speaker174_0004.wav,../data/LIP-RTVE/ROIs/speaker174/speaker174_0004.npz,../data/LIP-RTVE/transcriptions/speaker174/speaker174_0004.txt,5,utf-8
6265,LIP-RTVE,speaker174_0005,152,../data/LIP-RTVE/WAVs/speaker174/speaker174_0005.wav,../data/LIP-RTVE/ROIs/speaker174/speaker174_0005.npz,../data/LIP-RTVE/transcriptions/speaker174/speaker174_0005.txt,5,utf-8
6266,LIP-RTVE,speaker174_0007,78,../data/LIP-RTVE/WAVs/speaker174/speaker174_0007.wav,../data/LIP-RTVE/ROIs/speaker174/speaker174_0007.npz,../data/LIP-RTVE/transcriptions/speaker174/speaker174_0007.txt,5,utf-8
6267,LIP-RTVE,speaker174_0008,48,../data/LIP-RTVE/WAVs/speaker174/speaker174_0008.wav,../data/LIP-RTVE/ROIs/speaker174/speaker174_0008.npz,../data/LIP-RTVE/transcriptions/speaker174/speaker174_0008.txt,5,utf-8
6268,LIP-RTVE,speaker174_0009,124,../data/LIP-RTVE/WAVs/speaker174/speaker174_0009.wav,../data/LIP-RTVE/ROIs/speaker174/speaker174_0009.npz,../data/LIP-RTVE/transcriptions/speaker174/speaker174_0009.txt,5,utf-8
6269,LIP-RTVE,speaker174_0011,131,../data/LIP-RTVE/WAVs/speaker174/speaker174_0011.wav,../data/LIP-RTVE/ROIs/speaker174/speaker174_0011.npz,../data/LIP-RTVE/transcriptions/speaker174/speaker174_0011.txt,5,utf-8
6270,LIP-RTVE,speaker174_0012,59,../data/LIP-RTVE/WAVs/speaker174/speaker174_0012.wav,../data/LIP-RTVE/ROIs/speaker174/speaker174_0012.npz,../data/LIP-RTVE/transcriptions/speaker174/speaker174_0012.txt,5,utf-8
6271,LIP-RTVE,speaker175_0000,155,../data/LIP-RTVE/WAVs/speaker175/speaker175_0000.wav,../data/LIP-RTVE/ROIs/speaker175/speaker175_0000.npz,../data/LIP-RTVE/transcriptions/speaker175/speaker175_0000.txt,5,utf-8
6272,LIP-RTVE,speaker175_0002,47,../data/LIP-RTVE/WAVs/speaker175/speaker175_0002.wav,../data/LIP-RTVE/ROIs/speaker175/speaker175_0002.npz,../data/LIP-RTVE/transcriptions/speaker175/speaker175_0002.txt,5,utf-8
6273,LIP-RTVE,speaker175_0003,57,../data/LIP-RTVE/WAVs/speaker175/speaker175_0003.wav,../data/LIP-RTVE/ROIs/speaker175/speaker175_0003.npz,../data/LIP-RTVE/transcriptions/speaker175/speaker175_0003.txt,5,utf-8
6274,LIP-RTVE,speaker176_0000,83,../data/LIP-RTVE/WAVs/speaker176/speaker176_0000.wav,../data/LIP-RTVE/ROIs/speaker176/speaker176_0000.npz,../data/LIP-RTVE/transcriptions/speaker176/speaker176_0000.txt,5,utf-8
6275,LIP-RTVE,speaker176_0001,31,../data/LIP-RTVE/WAVs/speaker176/speaker176_0001.wav,../data/LIP-RTVE/ROIs/speaker176/speaker176_0001.npz,../data/LIP-RTVE/transcriptions/speaker176/speaker176_0001.txt,5,utf-8
6276,LIP-RTVE,speaker177_0000,58,../data/LIP-RTVE/WAVs/speaker177/speaker177_0000.wav,../data/LIP-RTVE/ROIs/speaker177/speaker177_0000.npz,../data/LIP-RTVE/transcriptions/speaker177/speaker177_0000.txt,5,utf-8
6277,LIP-RTVE,speaker177_0001,61,../data/LIP-RTVE/WAVs/speaker177/speaker177_0001.wav,../data/LIP-RTVE/ROIs/speaker177/speaker177_0001.npz,../data/LIP-RTVE/transcriptions/speaker177/speaker177_0001.txt,5,utf-8
6278,LIP-RTVE,speaker177_0002,64,../data/LIP-RTVE/WAVs/speaker177/speaker177_0002.wav,../data/LIP-RTVE/ROIs/speaker177/speaker177_0002.npz,../data/LIP-RTVE/transcriptions/speaker177/speaker177_0002.txt,5,utf-8
6279,LIP-RTVE,speaker178_0000,116,../data/LIP-RTVE/WAVs/speaker178/speaker178_0000.wav,../data/LIP-RTVE/ROIs/speaker178/speaker178_0000.npz,../data/LIP-RTVE/transcriptions/speaker178/speaker178_0000.txt,5,utf-8
6280,LIP-RTVE,speaker178_0001,71,../data/LIP-RTVE/WAVs/speaker178/speaker178_0001.wav,../data/LIP-RTVE/ROIs/speaker178/speaker178_0001.npz,../data/LIP-RTVE/transcriptions/speaker178/speaker178_0001.txt,5,utf-8
6281,LIP-RTVE,speaker178_0002,55,../data/LIP-RTVE/WAVs/speaker178/speaker178_0002.wav,../data/LIP-RTVE/ROIs/speaker178/speaker178_0002.npz,../data/LIP-RTVE/transcriptions/speaker178/speaker178_0002.txt,5,utf-8
6282,LIP-RTVE,speaker179_0000,37,../data/LIP-RTVE/WAVs/speaker179/speaker179_0000.wav,../data/LIP-RTVE/ROIs/speaker179/speaker179_0000.npz,../data/LIP-RTVE/transcriptions/speaker179/speaker179_0000.txt,5,utf-8
6283,LIP-RTVE,speaker179_0002,46,../data/LIP-RTVE/WAVs/speaker179/speaker179_0002.wav,../data/LIP-RTVE/ROIs/speaker179/speaker179_0002.npz,../data/LIP-RTVE/transcriptions/speaker179/speaker179_0002.txt,5,utf-8
6284,LIP-RTVE,speaker179_0004,38,../data/LIP-RTVE/WAVs/speaker179/speaker179_0004.wav,../data/LIP-RTVE/ROIs/speaker179/speaker179_0004.npz,../data/LIP-RTVE/transcriptions/speaker179/speaker179_0004.txt,5,utf-8
6285,LIP-RTVE,speaker179_0007,43,../data/LIP-RTVE/WAVs/speaker179/speaker179_0007.wav,../data/LIP-RTVE/ROIs/speaker179/speaker179_0007.npz,../data/LIP-RTVE/transcriptions/speaker179/speaker179_0007.txt,5,utf-8
6286,LIP-RTVE,speaker179_0008,36,../data/LIP-RTVE/WAVs/speaker179/speaker179_0008.wav,../data/LIP-RTVE/ROIs/speaker179/speaker179_0008.npz,../data/LIP-RTVE/transcriptions/speaker179/speaker179_0008.txt,5,utf-8
6287,LIP-RTVE,speaker179_0009,28,../data/LIP-RTVE/WAVs/speaker179/speaker179_0009.wav,../data/LIP-RTVE/ROIs/speaker179/speaker179_0009.npz,../data/LIP-RTVE/transcriptions/speaker179/speaker179_0009.txt,5,utf-8
6288,LIP-RTVE,speaker179_0010,219,../data/LIP-RTVE/WAVs/speaker179/speaker179_0010.wav,../data/LIP-RTVE/ROIs/speaker179/speaker179_0010.npz,../data/LIP-RTVE/transcriptions/speaker179/speaker179_0010.txt,5,utf-8
6289,LIP-RTVE,speaker179_0011,86,../data/LIP-RTVE/WAVs/speaker179/speaker179_0011.wav,../data/LIP-RTVE/ROIs/speaker179/speaker179_0011.npz,../data/LIP-RTVE/transcriptions/speaker179/speaker179_0011.txt,5,utf-8
6290,LIP-RTVE,speaker179_0012,62,../data/LIP-RTVE/WAVs/speaker179/speaker179_0012.wav,../data/LIP-RTVE/ROIs/speaker179/speaker179_0012.npz,../data/LIP-RTVE/transcriptions/speaker179/speaker179_0012.txt,5,utf-8
6291,LIP-RTVE,speaker180_0001,53,../data/LIP-RTVE/WAVs/speaker180/speaker180_0001.wav,../data/LIP-RTVE/ROIs/speaker180/speaker180_0001.npz,../data/LIP-RTVE/transcriptions/speaker180/speaker180_0001.txt,5,utf-8
6292,LIP-RTVE,speaker180_0002,31,../data/LIP-RTVE/WAVs/speaker180/speaker180_0002.wav,../data/LIP-RTVE/ROIs/speaker180/speaker180_0002.npz,../data/LIP-RTVE/transcriptions/speaker180/speaker180_0002.txt,5,utf-8
6293,LIP-RTVE,speaker180_0003,110,../data/LIP-RTVE/WAVs/speaker180/speaker180_0003.wav,../data/LIP-RTVE/ROIs/speaker180/speaker180_0003.npz,../data/LIP-RTVE/transcriptions/speaker180/speaker180_0003.txt,5,utf-8
6294,LIP-RTVE,speaker181_0000,53,../data/LIP-RTVE/WAVs/speaker181/speaker181_0000.wav,../data/LIP-RTVE/ROIs/speaker181/speaker181_0000.npz,../data/LIP-RTVE/transcriptions/speaker181/speaker181_0000.txt,5,utf-8
6295,LIP-RTVE,speaker181_0001,59,../data/LIP-RTVE/WAVs/speaker181/speaker181_0001.wav,../data/LIP-RTVE/ROIs/speaker181/speaker181_0001.npz,../data/LIP-RTVE/transcriptions/speaker181/speaker181_0001.txt,5,utf-8
6296,LIP-RTVE,speaker181_0002,40,../data/LIP-RTVE/WAVs/speaker181/speaker181_0002.wav,../data/LIP-RTVE/ROIs/speaker181/speaker181_0002.npz,../data/LIP-RTVE/transcriptions/speaker181/speaker181_0002.txt,5,utf-8
6297,LIP-RTVE,speaker182_0000,31,../data/LIP-RTVE/WAVs/speaker182/speaker182_0000.wav,../data/LIP-RTVE/ROIs/speaker182/speaker182_0000.npz,../data/LIP-RTVE/transcriptions/speaker182/speaker182_0000.txt,5,utf-8
6298,LIP-RTVE,speaker182_0001,76,../data/LIP-RTVE/WAVs/speaker182/speaker182_0001.wav,../data/LIP-RTVE/ROIs/speaker182/speaker182_0001.npz,../data/LIP-RTVE/transcriptions/speaker182/speaker182_0001.txt,5,utf-8
6299,LIP-RTVE,speaker183_0000,124,../data/LIP-RTVE/WAVs/speaker183/speaker183_0000.wav,../data/LIP-RTVE/ROIs/speaker183/speaker183_0000.npz,../data/LIP-RTVE/transcriptions/speaker183/speaker183_0000.txt,5,utf-8
6300,LIP-RTVE,speaker183_0001,74,../data/LIP-RTVE/WAVs/speaker183/speaker183_0001.wav,../data/LIP-RTVE/ROIs/speaker183/speaker183_0001.npz,../data/LIP-RTVE/transcriptions/speaker183/speaker183_0001.txt,5,utf-8
6301,LIP-RTVE,speaker184_0000,29,../data/LIP-RTVE/WAVs/speaker184/speaker184_0000.wav,../data/LIP-RTVE/ROIs/speaker184/speaker184_0000.npz,../data/LIP-RTVE/transcriptions/speaker184/speaker184_0000.txt,5,utf-8
6302,LIP-RTVE,speaker184_0001,69,../data/LIP-RTVE/WAVs/speaker184/speaker184_0001.wav,../data/LIP-RTVE/ROIs/speaker184/speaker184_0001.npz,../data/LIP-RTVE/transcriptions/speaker184/speaker184_0001.txt,5,utf-8
6303,LIP-RTVE,speaker184_0002,42,../data/LIP-RTVE/WAVs/speaker184/speaker184_0002.wav,../data/LIP-RTVE/ROIs/speaker184/speaker184_0002.npz,../data/LIP-RTVE/transcriptions/speaker184/speaker184_0002.txt,5,utf-8
6304,LIP-RTVE,speaker184_0004,64,../data/LIP-RTVE/WAVs/speaker184/speaker184_0004.wav,../data/LIP-RTVE/ROIs/speaker184/speaker184_0004.npz,../data/LIP-RTVE/transcriptions/speaker184/speaker184_0004.txt,5,utf-8
6305,LIP-RTVE,speaker184_0006,26,../data/LIP-RTVE/WAVs/speaker184/speaker184_0006.wav,../data/LIP-RTVE/ROIs/speaker184/speaker184_0006.npz,../data/LIP-RTVE/transcriptions/speaker184/speaker184_0006.txt,5,utf-8
6306,LIP-RTVE,speaker184_0007,53,../data/LIP-RTVE/WAVs/speaker184/speaker184_0007.wav,../data/LIP-RTVE/ROIs/speaker184/speaker184_0007.npz,../data/LIP-RTVE/transcriptions/speaker184/speaker184_0007.txt,5,utf-8
6307,LIP-RTVE,speaker184_0008,33,../data/LIP-RTVE/WAVs/speaker184/speaker184_0008.wav,../data/LIP-RTVE/ROIs/speaker184/speaker184_0008.npz,../data/LIP-RTVE/transcriptions/speaker184/speaker184_0008.txt,5,utf-8
6308,LIP-RTVE,speaker184_0009,67,../data/LIP-RTVE/WAVs/speaker184/speaker184_0009.wav,../data/LIP-RTVE/ROIs/speaker184/speaker184_0009.npz,../data/LIP-RTVE/transcriptions/speaker184/speaker184_0009.txt,5,utf-8
6309,LIP-RTVE,speaker184_0011,42,../data/LIP-RTVE/WAVs/speaker184/speaker184_0011.wav,../data/LIP-RTVE/ROIs/speaker184/speaker184_0011.npz,../data/LIP-RTVE/transcriptions/speaker184/speaker184_0011.txt,5,utf-8
6310,LIP-RTVE,speaker184_0012,99,../data/LIP-RTVE/WAVs/speaker184/speaker184_0012.wav,../data/LIP-RTVE/ROIs/speaker184/speaker184_0012.npz,../data/LIP-RTVE/transcriptions/speaker184/speaker184_0012.txt,5,utf-8
6311,LIP-RTVE,speaker184_0013,59,../data/LIP-RTVE/WAVs/speaker184/speaker184_0013.wav,../data/LIP-RTVE/ROIs/speaker184/speaker184_0013.npz,../data/LIP-RTVE/transcriptions/speaker184/speaker184_0013.txt,5,utf-8
6312,LIP-RTVE,speaker184_0014,59,../data/LIP-RTVE/WAVs/speaker184/speaker184_0014.wav,../data/LIP-RTVE/ROIs/speaker184/speaker184_0014.npz,../data/LIP-RTVE/transcriptions/speaker184/speaker184_0014.txt,5,utf-8
6313,LIP-RTVE,speaker184_0015,62,../data/LIP-RTVE/WAVs/speaker184/speaker184_0015.wav,../data/LIP-RTVE/ROIs/speaker184/speaker184_0015.npz,../data/LIP-RTVE/transcriptions/speaker184/speaker184_0015.txt,5,utf-8
6314,LIP-RTVE,speaker184_0016,33,../data/LIP-RTVE/WAVs/speaker184/speaker184_0016.wav,../data/LIP-RTVE/ROIs/speaker184/speaker184_0016.npz,../data/LIP-RTVE/transcriptions/speaker184/speaker184_0016.txt,5,utf-8
6315,LIP-RTVE,speaker184_0018,73,../data/LIP-RTVE/WAVs/speaker184/speaker184_0018.wav,../data/LIP-RTVE/ROIs/speaker184/speaker184_0018.npz,../data/LIP-RTVE/transcriptions/speaker184/speaker184_0018.txt,5,utf-8
6316,LIP-RTVE,speaker185_0000,141,../data/LIP-RTVE/WAVs/speaker185/speaker185_0000.wav,../data/LIP-RTVE/ROIs/speaker185/speaker185_0000.npz,../data/LIP-RTVE/transcriptions/speaker185/speaker185_0000.txt,5,utf-8
6317,LIP-RTVE,speaker185_0001,88,../data/LIP-RTVE/WAVs/speaker185/speaker185_0001.wav,../data/LIP-RTVE/ROIs/speaker185/speaker185_0001.npz,../data/LIP-RTVE/transcriptions/speaker185/speaker185_0001.txt,5,utf-8
6318,LIP-RTVE,speaker185_0002,31,../data/LIP-RTVE/WAVs/speaker185/speaker185_0002.wav,../data/LIP-RTVE/ROIs/speaker185/speaker185_0002.npz,../data/LIP-RTVE/transcriptions/speaker185/speaker185_0002.txt,5,utf-8
6319,LIP-RTVE,speaker185_0004,26,../data/LIP-RTVE/WAVs/speaker185/speaker185_0004.wav,../data/LIP-RTVE/ROIs/speaker185/speaker185_0004.npz,../data/LIP-RTVE/transcriptions/speaker185/speaker185_0004.txt,5,utf-8
6320,LIP-RTVE,speaker185_0005,67,../data/LIP-RTVE/WAVs/speaker185/speaker185_0005.wav,../data/LIP-RTVE/ROIs/speaker185/speaker185_0005.npz,../data/LIP-RTVE/transcriptions/speaker185/speaker185_0005.txt,5,utf-8
6321,LIP-RTVE,speaker185_0006,172,../data/LIP-RTVE/WAVs/speaker185/speaker185_0006.wav,../data/LIP-RTVE/ROIs/speaker185/speaker185_0006.npz,../data/LIP-RTVE/transcriptions/speaker185/speaker185_0006.txt,5,utf-8
6322,LIP-RTVE,speaker185_0007,45,../data/LIP-RTVE/WAVs/speaker185/speaker185_0007.wav,../data/LIP-RTVE/ROIs/speaker185/speaker185_0007.npz,../data/LIP-RTVE/transcriptions/speaker185/speaker185_0007.txt,5,utf-8
6323,LIP-RTVE,speaker185_0008,51,../data/LIP-RTVE/WAVs/speaker185/speaker185_0008.wav,../data/LIP-RTVE/ROIs/speaker185/speaker185_0008.npz,../data/LIP-RTVE/transcriptions/speaker185/speaker185_0008.txt,5,utf-8
6324,LIP-RTVE,speaker185_0011,68,../data/LIP-RTVE/WAVs/speaker185/speaker185_0011.wav,../data/LIP-RTVE/ROIs/speaker185/speaker185_0011.npz,../data/LIP-RTVE/transcriptions/speaker185/speaker185_0011.txt,5,utf-8
6325,LIP-RTVE,speaker185_0012,223,../data/LIP-RTVE/WAVs/speaker185/speaker185_0012.wav,../data/LIP-RTVE/ROIs/speaker185/speaker185_0012.npz,../data/LIP-RTVE/transcriptions/speaker185/speaker185_0012.txt,5,utf-8
6326,LIP-RTVE,speaker186_0000,77,../data/LIP-RTVE/WAVs/speaker186/speaker186_0000.wav,../data/LIP-RTVE/ROIs/speaker186/speaker186_0000.npz,../data/LIP-RTVE/transcriptions/speaker186/speaker186_0000.txt,5,utf-8
6327,LIP-RTVE,speaker186_0002,44,../data/LIP-RTVE/WAVs/speaker186/speaker186_0002.wav,../data/LIP-RTVE/ROIs/speaker186/speaker186_0002.npz,../data/LIP-RTVE/transcriptions/speaker186/speaker186_0002.txt,5,utf-8
6328,LIP-RTVE,speaker186_0003,67,../data/LIP-RTVE/WAVs/speaker186/speaker186_0003.wav,../data/LIP-RTVE/ROIs/speaker186/speaker186_0003.npz,../data/LIP-RTVE/transcriptions/speaker186/speaker186_0003.txt,5,utf-8
6329,LIP-RTVE,speaker186_0004,47,../data/LIP-RTVE/WAVs/speaker186/speaker186_0004.wav,../data/LIP-RTVE/ROIs/speaker186/speaker186_0004.npz,../data/LIP-RTVE/transcriptions/speaker186/speaker186_0004.txt,5,utf-8
6330,LIP-RTVE,speaker186_0005,130,../data/LIP-RTVE/WAVs/speaker186/speaker186_0005.wav,../data/LIP-RTVE/ROIs/speaker186/speaker186_0005.npz,../data/LIP-RTVE/transcriptions/speaker186/speaker186_0005.txt,5,utf-8
6331,LIP-RTVE,speaker186_0006,65,../data/LIP-RTVE/WAVs/speaker186/speaker186_0006.wav,../data/LIP-RTVE/ROIs/speaker186/speaker186_0006.npz,../data/LIP-RTVE/transcriptions/speaker186/speaker186_0006.txt,5,utf-8
6332,LIP-RTVE,speaker186_0008,43,../data/LIP-RTVE/WAVs/speaker186/speaker186_0008.wav,../data/LIP-RTVE/ROIs/speaker186/speaker186_0008.npz,../data/LIP-RTVE/transcriptions/speaker186/speaker186_0008.txt,5,utf-8
6333,LIP-RTVE,speaker186_0009,47,../data/LIP-RTVE/WAVs/speaker186/speaker186_0009.wav,../data/LIP-RTVE/ROIs/speaker186/speaker186_0009.npz,../data/LIP-RTVE/transcriptions/speaker186/speaker186_0009.txt,5,utf-8
6334,LIP-RTVE,speaker186_0010,39,../data/LIP-RTVE/WAVs/speaker186/speaker186_0010.wav,../data/LIP-RTVE/ROIs/speaker186/speaker186_0010.npz,../data/LIP-RTVE/transcriptions/speaker186/speaker186_0010.txt,5,utf-8
6335,LIP-RTVE,speaker186_0012,35,../data/LIP-RTVE/WAVs/speaker186/speaker186_0012.wav,../data/LIP-RTVE/ROIs/speaker186/speaker186_0012.npz,../data/LIP-RTVE/transcriptions/speaker186/speaker186_0012.txt,5,utf-8
6336,LIP-RTVE,speaker186_0013,105,../data/LIP-RTVE/WAVs/speaker186/speaker186_0013.wav,../data/LIP-RTVE/ROIs/speaker186/speaker186_0013.npz,../data/LIP-RTVE/transcriptions/speaker186/speaker186_0013.txt,5,utf-8
6337,LIP-RTVE,speaker187_0000,38,../data/LIP-RTVE/WAVs/speaker187/speaker187_0000.wav,../data/LIP-RTVE/ROIs/speaker187/speaker187_0000.npz,../data/LIP-RTVE/transcriptions/speaker187/speaker187_0000.txt,5,utf-8
6338,LIP-RTVE,speaker188_0000,151,../data/LIP-RTVE/WAVs/speaker188/speaker188_0000.wav,../data/LIP-RTVE/ROIs/speaker188/speaker188_0000.npz,../data/LIP-RTVE/transcriptions/speaker188/speaker188_0000.txt,5,utf-8
6339,LIP-RTVE,speaker188_0001,123,../data/LIP-RTVE/WAVs/speaker188/speaker188_0001.wav,../data/LIP-RTVE/ROIs/speaker188/speaker188_0001.npz,../data/LIP-RTVE/transcriptions/speaker188/speaker188_0001.txt,5,utf-8
6340,LIP-RTVE,speaker188_0002,125,../data/LIP-RTVE/WAVs/speaker188/speaker188_0002.wav,../data/LIP-RTVE/ROIs/speaker188/speaker188_0002.npz,../data/LIP-RTVE/transcriptions/speaker188/speaker188_0002.txt,5,utf-8
6341,LIP-RTVE,speaker188_0003,43,../data/LIP-RTVE/WAVs/speaker188/speaker188_0003.wav,../data/LIP-RTVE/ROIs/speaker188/speaker188_0003.npz,../data/LIP-RTVE/transcriptions/speaker188/speaker188_0003.txt,5,utf-8
6342,LIP-RTVE,speaker188_0005,199,../data/LIP-RTVE/WAVs/speaker188/speaker188_0005.wav,../data/LIP-RTVE/ROIs/speaker188/speaker188_0005.npz,../data/LIP-RTVE/transcriptions/speaker188/speaker188_0005.txt,5,utf-8
6343,LIP-RTVE,speaker188_0008,273,../data/LIP-RTVE/WAVs/speaker188/speaker188_0008.wav,../data/LIP-RTVE/ROIs/speaker188/speaker188_0008.npz,../data/LIP-RTVE/transcriptions/speaker188/speaker188_0008.txt,5,utf-8
6344,LIP-RTVE,speaker189_0000,128,../data/LIP-RTVE/WAVs/speaker189/speaker189_0000.wav,../data/LIP-RTVE/ROIs/speaker189/speaker189_0000.npz,../data/LIP-RTVE/transcriptions/speaker189/speaker189_0000.txt,5,utf-8
6345,LIP-RTVE,speaker189_0001,55,../data/LIP-RTVE/WAVs/speaker189/speaker189_0001.wav,../data/LIP-RTVE/ROIs/speaker189/speaker189_0001.npz,../data/LIP-RTVE/transcriptions/speaker189/speaker189_0001.txt,5,utf-8
6346,LIP-RTVE,speaker189_0003,125,../data/LIP-RTVE/WAVs/speaker189/speaker189_0003.wav,../data/LIP-RTVE/ROIs/speaker189/speaker189_0003.npz,../data/LIP-RTVE/transcriptions/speaker189/speaker189_0003.txt,5,utf-8
6347,LIP-RTVE,speaker189_0004,56,../data/LIP-RTVE/WAVs/speaker189/speaker189_0004.wav,../data/LIP-RTVE/ROIs/speaker189/speaker189_0004.npz,../data/LIP-RTVE/transcriptions/speaker189/speaker189_0004.txt,5,utf-8
6348,LIP-RTVE,speaker189_0005,42,../data/LIP-RTVE/WAVs/speaker189/speaker189_0005.wav,../data/LIP-RTVE/ROIs/speaker189/speaker189_0005.npz,../data/LIP-RTVE/transcriptions/speaker189/speaker189_0005.txt,5,utf-8
6349,LIP-RTVE,speaker189_0006,26,../data/LIP-RTVE/WAVs/speaker189/speaker189_0006.wav,../data/LIP-RTVE/ROIs/speaker189/speaker189_0006.npz,../data/LIP-RTVE/transcriptions/speaker189/speaker189_0006.txt,5,utf-8
6350,LIP-RTVE,speaker190_0000,79,../data/LIP-RTVE/WAVs/speaker190/speaker190_0000.wav,../data/LIP-RTVE/ROIs/speaker190/speaker190_0000.npz,../data/LIP-RTVE/transcriptions/speaker190/speaker190_0000.txt,5,utf-8
6351,LIP-RTVE,speaker190_0001,181,../data/LIP-RTVE/WAVs/speaker190/speaker190_0001.wav,../data/LIP-RTVE/ROIs/speaker190/speaker190_0001.npz,../data/LIP-RTVE/transcriptions/speaker190/speaker190_0001.txt,5,utf-8
6352,LIP-RTVE,speaker190_0002,87,../data/LIP-RTVE/WAVs/speaker190/speaker190_0002.wav,../data/LIP-RTVE/ROIs/speaker190/speaker190_0002.npz,../data/LIP-RTVE/transcriptions/speaker190/speaker190_0002.txt,5,utf-8
6353,LIP-RTVE,speaker190_0003,111,../data/LIP-RTVE/WAVs/speaker190/speaker190_0003.wav,../data/LIP-RTVE/ROIs/speaker190/speaker190_0003.npz,../data/LIP-RTVE/transcriptions/speaker190/speaker190_0003.txt,5,utf-8
6354,LIP-RTVE,speaker190_0005,65,../data/LIP-RTVE/WAVs/speaker190/speaker190_0005.wav,../data/LIP-RTVE/ROIs/speaker190/speaker190_0005.npz,../data/LIP-RTVE/transcriptions/speaker190/speaker190_0005.txt,5,utf-8
6355,LIP-RTVE,speaker191_0001,215,../data/LIP-RTVE/WAVs/speaker191/speaker191_0001.wav,../data/LIP-RTVE/ROIs/speaker191/speaker191_0001.npz,../data/LIP-RTVE/transcriptions/speaker191/speaker191_0001.txt,5,utf-8
6356,LIP-RTVE,speaker191_0003,127,../data/LIP-RTVE/WAVs/speaker191/speaker191_0003.wav,../data/LIP-RTVE/ROIs/speaker191/speaker191_0003.npz,../data/LIP-RTVE/transcriptions/speaker191/speaker191_0003.txt,5,utf-8
6357,LIP-RTVE,speaker191_0004,76,../data/LIP-RTVE/WAVs/speaker191/speaker191_0004.wav,../data/LIP-RTVE/ROIs/speaker191/speaker191_0004.npz,../data/LIP-RTVE/transcriptions/speaker191/speaker191_0004.txt,5,utf-8
6358,LIP-RTVE,speaker191_0006,62,../data/LIP-RTVE/WAVs/speaker191/speaker191_0006.wav,../data/LIP-RTVE/ROIs/speaker191/speaker191_0006.npz,../data/LIP-RTVE/transcriptions/speaker191/speaker191_0006.txt,5,utf-8
6359,LIP-RTVE,speaker191_0007,166,../data/LIP-RTVE/WAVs/speaker191/speaker191_0007.wav,../data/LIP-RTVE/ROIs/speaker191/speaker191_0007.npz,../data/LIP-RTVE/transcriptions/speaker191/speaker191_0007.txt,5,utf-8
6360,LIP-RTVE,speaker191_0008,106,../data/LIP-RTVE/WAVs/speaker191/speaker191_0008.wav,../data/LIP-RTVE/ROIs/speaker191/speaker191_0008.npz,../data/LIP-RTVE/transcriptions/speaker191/speaker191_0008.txt,5,utf-8
6361,LIP-RTVE,speaker191_0011,36,../data/LIP-RTVE/WAVs/speaker191/speaker191_0011.wav,../data/LIP-RTVE/ROIs/speaker191/speaker191_0011.npz,../data/LIP-RTVE/transcriptions/speaker191/speaker191_0011.txt,5,utf-8
6362,LIP-RTVE,speaker191_0015,113,../data/LIP-RTVE/WAVs/speaker191/speaker191_0015.wav,../data/LIP-RTVE/ROIs/speaker191/speaker191_0015.npz,../data/LIP-RTVE/transcriptions/speaker191/speaker191_0015.txt,5,utf-8
6363,LIP-RTVE,speaker191_0018,71,../data/LIP-RTVE/WAVs/speaker191/speaker191_0018.wav,../data/LIP-RTVE/ROIs/speaker191/speaker191_0018.npz,../data/LIP-RTVE/transcriptions/speaker191/speaker191_0018.txt,5,utf-8
6364,LIP-RTVE,speaker191_0019,180,../data/LIP-RTVE/WAVs/speaker191/speaker191_0019.wav,../data/LIP-RTVE/ROIs/speaker191/speaker191_0019.npz,../data/LIP-RTVE/transcriptions/speaker191/speaker191_0019.txt,5,utf-8
6365,LIP-RTVE,speaker191_0020,115,../data/LIP-RTVE/WAVs/speaker191/speaker191_0020.wav,../data/LIP-RTVE/ROIs/speaker191/speaker191_0020.npz,../data/LIP-RTVE/transcriptions/speaker191/speaker191_0020.txt,5,utf-8
6366,LIP-RTVE,speaker191_0022,87,../data/LIP-RTVE/WAVs/speaker191/speaker191_0022.wav,../data/LIP-RTVE/ROIs/speaker191/speaker191_0022.npz,../data/LIP-RTVE/transcriptions/speaker191/speaker191_0022.txt,5,utf-8
6367,LIP-RTVE,speaker191_0025,215,../data/LIP-RTVE/WAVs/speaker191/speaker191_0025.wav,../data/LIP-RTVE/ROIs/speaker191/speaker191_0025.npz,../data/LIP-RTVE/transcriptions/speaker191/speaker191_0025.txt,5,utf-8
6368,LIP-RTVE,speaker191_0026,165,../data/LIP-RTVE/WAVs/speaker191/speaker191_0026.wav,../data/LIP-RTVE/ROIs/speaker191/speaker191_0026.npz,../data/LIP-RTVE/transcriptions/speaker191/speaker191_0026.txt,5,utf-8
6369,LIP-RTVE,speaker191_0027,61,../data/LIP-RTVE/WAVs/speaker191/speaker191_0027.wav,../data/LIP-RTVE/ROIs/speaker191/speaker191_0027.npz,../data/LIP-RTVE/transcriptions/speaker191/speaker191_0027.txt,5,utf-8
6370,LIP-RTVE,speaker191_0029,64,../data/LIP-RTVE/WAVs/speaker191/speaker191_0029.wav,../data/LIP-RTVE/ROIs/speaker191/speaker191_0029.npz,../data/LIP-RTVE/transcriptions/speaker191/speaker191_0029.txt,5,utf-8
6371,LIP-RTVE,speaker191_0032,28,../data/LIP-RTVE/WAVs/speaker191/speaker191_0032.wav,../data/LIP-RTVE/ROIs/speaker191/speaker191_0032.npz,../data/LIP-RTVE/transcriptions/speaker191/speaker191_0032.txt,5,utf-8
6372,LIP-RTVE,speaker191_0033,175,../data/LIP-RTVE/WAVs/speaker191/speaker191_0033.wav,../data/LIP-RTVE/ROIs/speaker191/speaker191_0033.npz,../data/LIP-RTVE/transcriptions/speaker191/speaker191_0033.txt,5,utf-8
6373,LIP-RTVE,speaker191_0034,101,../data/LIP-RTVE/WAVs/speaker191/speaker191_0034.wav,../data/LIP-RTVE/ROIs/speaker191/speaker191_0034.npz,../data/LIP-RTVE/transcriptions/speaker191/speaker191_0034.txt,5,utf-8
6374,LIP-RTVE,speaker191_0035,173,../data/LIP-RTVE/WAVs/speaker191/speaker191_0035.wav,../data/LIP-RTVE/ROIs/speaker191/speaker191_0035.npz,../data/LIP-RTVE/transcriptions/speaker191/speaker191_0035.txt,5,utf-8
6375,LIP-RTVE,speaker192_0000,90,../data/LIP-RTVE/WAVs/speaker192/speaker192_0000.wav,../data/LIP-RTVE/ROIs/speaker192/speaker192_0000.npz,../data/LIP-RTVE/transcriptions/speaker192/speaker192_0000.txt,5,utf-8
6376,LIP-RTVE,speaker192_0001,128,../data/LIP-RTVE/WAVs/speaker192/speaker192_0001.wav,../data/LIP-RTVE/ROIs/speaker192/speaker192_0001.npz,../data/LIP-RTVE/transcriptions/speaker192/speaker192_0001.txt,5,utf-8
6377,LIP-RTVE,speaker192_0002,53,../data/LIP-RTVE/WAVs/speaker192/speaker192_0002.wav,../data/LIP-RTVE/ROIs/speaker192/speaker192_0002.npz,../data/LIP-RTVE/transcriptions/speaker192/speaker192_0002.txt,5,utf-8
6378,LIP-RTVE,speaker192_0003,29,../data/LIP-RTVE/WAVs/speaker192/speaker192_0003.wav,../data/LIP-RTVE/ROIs/speaker192/speaker192_0003.npz,../data/LIP-RTVE/transcriptions/speaker192/speaker192_0003.txt,5,utf-8
6379,LIP-RTVE,speaker192_0004,91,../data/LIP-RTVE/WAVs/speaker192/speaker192_0004.wav,../data/LIP-RTVE/ROIs/speaker192/speaker192_0004.npz,../data/LIP-RTVE/transcriptions/speaker192/speaker192_0004.txt,5,utf-8
6380,LIP-RTVE,speaker192_0005,51,../data/LIP-RTVE/WAVs/speaker192/speaker192_0005.wav,../data/LIP-RTVE/ROIs/speaker192/speaker192_0005.npz,../data/LIP-RTVE/transcriptions/speaker192/speaker192_0005.txt,5,utf-8
6381,LIP-RTVE,speaker192_0007,114,../data/LIP-RTVE/WAVs/speaker192/speaker192_0007.wav,../data/LIP-RTVE/ROIs/speaker192/speaker192_0007.npz,../data/LIP-RTVE/transcriptions/speaker192/speaker192_0007.txt,5,utf-8
6382,LIP-RTVE,speaker192_0008,143,../data/LIP-RTVE/WAVs/speaker192/speaker192_0008.wav,../data/LIP-RTVE/ROIs/speaker192/speaker192_0008.npz,../data/LIP-RTVE/transcriptions/speaker192/speaker192_0008.txt,5,utf-8
6383,LIP-RTVE,speaker192_0010,252,../data/LIP-RTVE/WAVs/speaker192/speaker192_0010.wav,../data/LIP-RTVE/ROIs/speaker192/speaker192_0010.npz,../data/LIP-RTVE/transcriptions/speaker192/speaker192_0010.txt,5,utf-8
6384,LIP-RTVE,speaker192_0011,88,../data/LIP-RTVE/WAVs/speaker192/speaker192_0011.wav,../data/LIP-RTVE/ROIs/speaker192/speaker192_0011.npz,../data/LIP-RTVE/transcriptions/speaker192/speaker192_0011.txt,5,utf-8
6385,LIP-RTVE,speaker192_0012,197,../data/LIP-RTVE/WAVs/speaker192/speaker192_0012.wav,../data/LIP-RTVE/ROIs/speaker192/speaker192_0012.npz,../data/LIP-RTVE/transcriptions/speaker192/speaker192_0012.txt,5,utf-8
6386,LIP-RTVE,speaker192_0014,236,../data/LIP-RTVE/WAVs/speaker192/speaker192_0014.wav,../data/LIP-RTVE/ROIs/speaker192/speaker192_0014.npz,../data/LIP-RTVE/transcriptions/speaker192/speaker192_0014.txt,5,utf-8
6387,LIP-RTVE,speaker192_0015,123,../data/LIP-RTVE/WAVs/speaker192/speaker192_0015.wav,../data/LIP-RTVE/ROIs/speaker192/speaker192_0015.npz,../data/LIP-RTVE/transcriptions/speaker192/speaker192_0015.txt,5,utf-8
6388,LIP-RTVE,speaker192_0016,193,../data/LIP-RTVE/WAVs/speaker192/speaker192_0016.wav,../data/LIP-RTVE/ROIs/speaker192/speaker192_0016.npz,../data/LIP-RTVE/transcriptions/speaker192/speaker192_0016.txt,5,utf-8
6389,LIP-RTVE,speaker192_0017,260,../data/LIP-RTVE/WAVs/speaker192/speaker192_0017.wav,../data/LIP-RTVE/ROIs/speaker192/speaker192_0017.npz,../data/LIP-RTVE/transcriptions/speaker192/speaker192_0017.txt,5,utf-8
6390,LIP-RTVE,speaker192_0019,76,../data/LIP-RTVE/WAVs/speaker192/speaker192_0019.wav,../data/LIP-RTVE/ROIs/speaker192/speaker192_0019.npz,../data/LIP-RTVE/transcriptions/speaker192/speaker192_0019.txt,5,utf-8
6391,LIP-RTVE,speaker192_0021,197,../data/LIP-RTVE/WAVs/speaker192/speaker192_0021.wav,../data/LIP-RTVE/ROIs/speaker192/speaker192_0021.npz,../data/LIP-RTVE/transcriptions/speaker192/speaker192_0021.txt,5,utf-8
6392,LIP-RTVE,speaker192_0022,111,../data/LIP-RTVE/WAVs/speaker192/speaker192_0022.wav,../data/LIP-RTVE/ROIs/speaker192/speaker192_0022.npz,../data/LIP-RTVE/transcriptions/speaker192/speaker192_0022.txt,5,utf-8
6393,LIP-RTVE,speaker192_0023,227,../data/LIP-RTVE/WAVs/speaker192/speaker192_0023.wav,../data/LIP-RTVE/ROIs/speaker192/speaker192_0023.npz,../data/LIP-RTVE/transcriptions/speaker192/speaker192_0023.txt,5,utf-8
6394,LIP-RTVE,speaker192_0024,191,../data/LIP-RTVE/WAVs/speaker192/speaker192_0024.wav,../data/LIP-RTVE/ROIs/speaker192/speaker192_0024.npz,../data/LIP-RTVE/transcriptions/speaker192/speaker192_0024.txt,5,utf-8
6395,LIP-RTVE,speaker192_0028,152,../data/LIP-RTVE/WAVs/speaker192/speaker192_0028.wav,../data/LIP-RTVE/ROIs/speaker192/speaker192_0028.npz,../data/LIP-RTVE/transcriptions/speaker192/speaker192_0028.txt,5,utf-8
6396,LIP-RTVE,speaker193_0000,39,../data/LIP-RTVE/WAVs/speaker193/speaker193_0000.wav,../data/LIP-RTVE/ROIs/speaker193/speaker193_0000.npz,../data/LIP-RTVE/transcriptions/speaker193/speaker193_0000.txt,5,utf-8
6397,LIP-RTVE,speaker193_0002,59,../data/LIP-RTVE/WAVs/speaker193/speaker193_0002.wav,../data/LIP-RTVE/ROIs/speaker193/speaker193_0002.npz,../data/LIP-RTVE/transcriptions/speaker193/speaker193_0002.txt,5,utf-8
6398,LIP-RTVE,speaker193_0003,51,../data/LIP-RTVE/WAVs/speaker193/speaker193_0003.wav,../data/LIP-RTVE/ROIs/speaker193/speaker193_0003.npz,../data/LIP-RTVE/transcriptions/speaker193/speaker193_0003.txt,5,utf-8
6399,LIP-RTVE,speaker193_0004,67,../data/LIP-RTVE/WAVs/speaker193/speaker193_0004.wav,../data/LIP-RTVE/ROIs/speaker193/speaker193_0004.npz,../data/LIP-RTVE/transcriptions/speaker193/speaker193_0004.txt,5,utf-8
6400,LIP-RTVE,speaker194_0000,27,../data/LIP-RTVE/WAVs/speaker194/speaker194_0000.wav,../data/LIP-RTVE/ROIs/speaker194/speaker194_0000.npz,../data/LIP-RTVE/transcriptions/speaker194/speaker194_0000.txt,5,utf-8
6401,LIP-RTVE,speaker194_0001,65,../data/LIP-RTVE/WAVs/speaker194/speaker194_0001.wav,../data/LIP-RTVE/ROIs/speaker194/speaker194_0001.npz,../data/LIP-RTVE/transcriptions/speaker194/speaker194_0001.txt,5,utf-8
6402,LIP-RTVE,speaker194_0003,138,../data/LIP-RTVE/WAVs/speaker194/speaker194_0003.wav,../data/LIP-RTVE/ROIs/speaker194/speaker194_0003.npz,../data/LIP-RTVE/transcriptions/speaker194/speaker194_0003.txt,5,utf-8
6403,LIP-RTVE,speaker195_0000,64,../data/LIP-RTVE/WAVs/speaker195/speaker195_0000.wav,../data/LIP-RTVE/ROIs/speaker195/speaker195_0000.npz,../data/LIP-RTVE/transcriptions/speaker195/speaker195_0000.txt,5,utf-8
6404,LIP-RTVE,speaker195_0001,36,../data/LIP-RTVE/WAVs/speaker195/speaker195_0001.wav,../data/LIP-RTVE/ROIs/speaker195/speaker195_0001.npz,../data/LIP-RTVE/transcriptions/speaker195/speaker195_0001.txt,5,utf-8
6405,LIP-RTVE,speaker195_0002,76,../data/LIP-RTVE/WAVs/speaker195/speaker195_0002.wav,../data/LIP-RTVE/ROIs/speaker195/speaker195_0002.npz,../data/LIP-RTVE/transcriptions/speaker195/speaker195_0002.txt,5,utf-8
6406,LIP-RTVE,speaker195_0003,62,../data/LIP-RTVE/WAVs/speaker195/speaker195_0003.wav,../data/LIP-RTVE/ROIs/speaker195/speaker195_0003.npz,../data/LIP-RTVE/transcriptions/speaker195/speaker195_0003.txt,5,utf-8
6407,LIP-RTVE,speaker195_0004,166,../data/LIP-RTVE/WAVs/speaker195/speaker195_0004.wav,../data/LIP-RTVE/ROIs/speaker195/speaker195_0004.npz,../data/LIP-RTVE/transcriptions/speaker195/speaker195_0004.txt,5,utf-8
6408,LIP-RTVE,speaker196_0000,51,../data/LIP-RTVE/WAVs/speaker196/speaker196_0000.wav,../data/LIP-RTVE/ROIs/speaker196/speaker196_0000.npz,../data/LIP-RTVE/transcriptions/speaker196/speaker196_0000.txt,5,utf-8
6409,LIP-RTVE,speaker196_0001,55,../data/LIP-RTVE/WAVs/speaker196/speaker196_0001.wav,../data/LIP-RTVE/ROIs/speaker196/speaker196_0001.npz,../data/LIP-RTVE/transcriptions/speaker196/speaker196_0001.txt,5,utf-8
6410,LIP-RTVE,speaker197_0001,42,../data/LIP-RTVE/WAVs/speaker197/speaker197_0001.wav,../data/LIP-RTVE/ROIs/speaker197/speaker197_0001.npz,../data/LIP-RTVE/transcriptions/speaker197/speaker197_0001.txt,5,utf-8
6411,LIP-RTVE,speaker197_0002,36,../data/LIP-RTVE/WAVs/speaker197/speaker197_0002.wav,../data/LIP-RTVE/ROIs/speaker197/speaker197_0002.npz,../data/LIP-RTVE/transcriptions/speaker197/speaker197_0002.txt,5,utf-8
6412,LIP-RTVE,speaker197_0003,69,../data/LIP-RTVE/WAVs/speaker197/speaker197_0003.wav,../data/LIP-RTVE/ROIs/speaker197/speaker197_0003.npz,../data/LIP-RTVE/transcriptions/speaker197/speaker197_0003.txt,5,utf-8
6413,LIP-RTVE,speaker197_0005,140,../data/LIP-RTVE/WAVs/speaker197/speaker197_0005.wav,../data/LIP-RTVE/ROIs/speaker197/speaker197_0005.npz,../data/LIP-RTVE/transcriptions/speaker197/speaker197_0005.txt,5,utf-8
6414,LIP-RTVE,speaker197_0007,44,../data/LIP-RTVE/WAVs/speaker197/speaker197_0007.wav,../data/LIP-RTVE/ROIs/speaker197/speaker197_0007.npz,../data/LIP-RTVE/transcriptions/speaker197/speaker197_0007.txt,5,utf-8
6415,LIP-RTVE,speaker197_0008,50,../data/LIP-RTVE/WAVs/speaker197/speaker197_0008.wav,../data/LIP-RTVE/ROIs/speaker197/speaker197_0008.npz,../data/LIP-RTVE/transcriptions/speaker197/speaker197_0008.txt,5,utf-8
6416,LIP-RTVE,speaker197_0009,27,../data/LIP-RTVE/WAVs/speaker197/speaker197_0009.wav,../data/LIP-RTVE/ROIs/speaker197/speaker197_0009.npz,../data/LIP-RTVE/transcriptions/speaker197/speaker197_0009.txt,5,utf-8
6417,LIP-RTVE,speaker197_0010,93,../data/LIP-RTVE/WAVs/speaker197/speaker197_0010.wav,../data/LIP-RTVE/ROIs/speaker197/speaker197_0010.npz,../data/LIP-RTVE/transcriptions/speaker197/speaker197_0010.txt,5,utf-8
6418,LIP-RTVE,speaker198_0000,27,../data/LIP-RTVE/WAVs/speaker198/speaker198_0000.wav,../data/LIP-RTVE/ROIs/speaker198/speaker198_0000.npz,../data/LIP-RTVE/transcriptions/speaker198/speaker198_0000.txt,5,utf-8
6419,LIP-RTVE,speaker198_0001,27,../data/LIP-RTVE/WAVs/speaker198/speaker198_0001.wav,../data/LIP-RTVE/ROIs/speaker198/speaker198_0001.npz,../data/LIP-RTVE/transcriptions/speaker198/speaker198_0001.txt,5,utf-8
6420,LIP-RTVE,speaker198_0002,67,../data/LIP-RTVE/WAVs/speaker198/speaker198_0002.wav,../data/LIP-RTVE/ROIs/speaker198/speaker198_0002.npz,../data/LIP-RTVE/transcriptions/speaker198/speaker198_0002.txt,5,utf-8
6421,LIP-RTVE,speaker198_0003,73,../data/LIP-RTVE/WAVs/speaker198/speaker198_0003.wav,../data/LIP-RTVE/ROIs/speaker198/speaker198_0003.npz,../data/LIP-RTVE/transcriptions/speaker198/speaker198_0003.txt,5,utf-8
6422,LIP-RTVE,speaker199_0000,95,../data/LIP-RTVE/WAVs/speaker199/speaker199_0000.wav,../data/LIP-RTVE/ROIs/speaker199/speaker199_0000.npz,../data/LIP-RTVE/transcriptions/speaker199/speaker199_0000.txt,5,utf-8
6423,LIP-RTVE,speaker199_0001,129,../data/LIP-RTVE/WAVs/speaker199/speaker199_0001.wav,../data/LIP-RTVE/ROIs/speaker199/speaker199_0001.npz,../data/LIP-RTVE/transcriptions/speaker199/speaker199_0001.txt,5,utf-8
6424,LIP-RTVE,speaker199_0002,29,../data/LIP-RTVE/WAVs/speaker199/speaker199_0002.wav,../data/LIP-RTVE/ROIs/speaker199/speaker199_0002.npz,../data/LIP-RTVE/transcriptions/speaker199/speaker199_0002.txt,5,utf-8
6425,LIP-RTVE,speaker199_0003,28,../data/LIP-RTVE/WAVs/speaker199/speaker199_0003.wav,../data/LIP-RTVE/ROIs/speaker199/speaker199_0003.npz,../data/LIP-RTVE/transcriptions/speaker199/speaker199_0003.txt,5,utf-8
6426,LIP-RTVE,speaker199_0004,106,../data/LIP-RTVE/WAVs/speaker199/speaker199_0004.wav,../data/LIP-RTVE/ROIs/speaker199/speaker199_0004.npz,../data/LIP-RTVE/transcriptions/speaker199/speaker199_0004.txt,5,utf-8
6427,LIP-RTVE,speaker199_0005,63,../data/LIP-RTVE/WAVs/speaker199/speaker199_0005.wav,../data/LIP-RTVE/ROIs/speaker199/speaker199_0005.npz,../data/LIP-RTVE/transcriptions/speaker199/speaker199_0005.txt,5,utf-8
6428,LIP-RTVE,speaker200_0001,100,../data/LIP-RTVE/WAVs/speaker200/speaker200_0001.wav,../data/LIP-RTVE/ROIs/speaker200/speaker200_0001.npz,../data/LIP-RTVE/transcriptions/speaker200/speaker200_0001.txt,5,utf-8
6429,LIP-RTVE,speaker201_0001,68,../data/LIP-RTVE/WAVs/speaker201/speaker201_0001.wav,../data/LIP-RTVE/ROIs/speaker201/speaker201_0001.npz,../data/LIP-RTVE/transcriptions/speaker201/speaker201_0001.txt,5,utf-8
6430,LIP-RTVE,speaker201_0002,107,../data/LIP-RTVE/WAVs/speaker201/speaker201_0002.wav,../data/LIP-RTVE/ROIs/speaker201/speaker201_0002.npz,../data/LIP-RTVE/transcriptions/speaker201/speaker201_0002.txt,5,utf-8
6431,LIP-RTVE,speaker201_0005,130,../data/LIP-RTVE/WAVs/speaker201/speaker201_0005.wav,../data/LIP-RTVE/ROIs/speaker201/speaker201_0005.npz,../data/LIP-RTVE/transcriptions/speaker201/speaker201_0005.txt,5,utf-8
6432,LIP-RTVE,speaker201_0006,167,../data/LIP-RTVE/WAVs/speaker201/speaker201_0006.wav,../data/LIP-RTVE/ROIs/speaker201/speaker201_0006.npz,../data/LIP-RTVE/transcriptions/speaker201/speaker201_0006.txt,5,utf-8
6433,LIP-RTVE,speaker201_0007,93,../data/LIP-RTVE/WAVs/speaker201/speaker201_0007.wav,../data/LIP-RTVE/ROIs/speaker201/speaker201_0007.npz,../data/LIP-RTVE/transcriptions/speaker201/speaker201_0007.txt,5,utf-8
6434,LIP-RTVE,speaker201_0008,227,../data/LIP-RTVE/WAVs/speaker201/speaker201_0008.wav,../data/LIP-RTVE/ROIs/speaker201/speaker201_0008.npz,../data/LIP-RTVE/transcriptions/speaker201/speaker201_0008.txt,5,utf-8
6435,LIP-RTVE,speaker201_0010,248,../data/LIP-RTVE/WAVs/speaker201/speaker201_0010.wav,../data/LIP-RTVE/ROIs/speaker201/speaker201_0010.npz,../data/LIP-RTVE/transcriptions/speaker201/speaker201_0010.txt,5,utf-8
6436,LIP-RTVE,speaker201_0011,117,../data/LIP-RTVE/WAVs/speaker201/speaker201_0011.wav,../data/LIP-RTVE/ROIs/speaker201/speaker201_0011.npz,../data/LIP-RTVE/transcriptions/speaker201/speaker201_0011.txt,5,utf-8
6437,LIP-RTVE,speaker201_0012,101,../data/LIP-RTVE/WAVs/speaker201/speaker201_0012.wav,../data/LIP-RTVE/ROIs/speaker201/speaker201_0012.npz,../data/LIP-RTVE/transcriptions/speaker201/speaker201_0012.txt,5,utf-8
6438,LIP-RTVE,speaker201_0013,179,../data/LIP-RTVE/WAVs/speaker201/speaker201_0013.wav,../data/LIP-RTVE/ROIs/speaker201/speaker201_0013.npz,../data/LIP-RTVE/transcriptions/speaker201/speaker201_0013.txt,5,utf-8
6439,LIP-RTVE,speaker201_0014,93,../data/LIP-RTVE/WAVs/speaker201/speaker201_0014.wav,../data/LIP-RTVE/ROIs/speaker201/speaker201_0014.npz,../data/LIP-RTVE/transcriptions/speaker201/speaker201_0014.txt,5,utf-8
6440,LIP-RTVE,speaker202_0000,39,../data/LIP-RTVE/WAVs/speaker202/speaker202_0000.wav,../data/LIP-RTVE/ROIs/speaker202/speaker202_0000.npz,../data/LIP-RTVE/transcriptions/speaker202/speaker202_0000.txt,5,utf-8
6441,LIP-RTVE,speaker202_0001,85,../data/LIP-RTVE/WAVs/speaker202/speaker202_0001.wav,../data/LIP-RTVE/ROIs/speaker202/speaker202_0001.npz,../data/LIP-RTVE/transcriptions/speaker202/speaker202_0001.txt,5,utf-8
6442,LIP-RTVE,speaker202_0002,52,../data/LIP-RTVE/WAVs/speaker202/speaker202_0002.wav,../data/LIP-RTVE/ROIs/speaker202/speaker202_0002.npz,../data/LIP-RTVE/transcriptions/speaker202/speaker202_0002.txt,5,utf-8
6443,LIP-RTVE,speaker202_0004,69,../data/LIP-RTVE/WAVs/speaker202/speaker202_0004.wav,../data/LIP-RTVE/ROIs/speaker202/speaker202_0004.npz,../data/LIP-RTVE/transcriptions/speaker202/speaker202_0004.txt,5,utf-8
6444,LIP-RTVE,speaker202_0006,44,../data/LIP-RTVE/WAVs/speaker202/speaker202_0006.wav,../data/LIP-RTVE/ROIs/speaker202/speaker202_0006.npz,../data/LIP-RTVE/transcriptions/speaker202/speaker202_0006.txt,5,utf-8
6445,LIP-RTVE,speaker202_0009,26,../data/LIP-RTVE/WAVs/speaker202/speaker202_0009.wav,../data/LIP-RTVE/ROIs/speaker202/speaker202_0009.npz,../data/LIP-RTVE/transcriptions/speaker202/speaker202_0009.txt,5,utf-8
6446,LIP-RTVE,speaker202_0011,216,../data/LIP-RTVE/WAVs/speaker202/speaker202_0011.wav,../data/LIP-RTVE/ROIs/speaker202/speaker202_0011.npz,../data/LIP-RTVE/transcriptions/speaker202/speaker202_0011.txt,5,utf-8
6447,LIP-RTVE,speaker202_0012,201,../data/LIP-RTVE/WAVs/speaker202/speaker202_0012.wav,../data/LIP-RTVE/ROIs/speaker202/speaker202_0012.npz,../data/LIP-RTVE/transcriptions/speaker202/speaker202_0012.txt,5,utf-8
6448,LIP-RTVE,speaker202_0013,146,../data/LIP-RTVE/WAVs/speaker202/speaker202_0013.wav,../data/LIP-RTVE/ROIs/speaker202/speaker202_0013.npz,../data/LIP-RTVE/transcriptions/speaker202/speaker202_0013.txt,5,utf-8
6449,LIP-RTVE,speaker202_0016,64,../data/LIP-RTVE/WAVs/speaker202/speaker202_0016.wav,../data/LIP-RTVE/ROIs/speaker202/speaker202_0016.npz,../data/LIP-RTVE/transcriptions/speaker202/speaker202_0016.txt,5,utf-8
6450,LIP-RTVE,speaker202_0017,158,../data/LIP-RTVE/WAVs/speaker202/speaker202_0017.wav,../data/LIP-RTVE/ROIs/speaker202/speaker202_0017.npz,../data/LIP-RTVE/transcriptions/speaker202/speaker202_0017.txt,5,utf-8
6451,LIP-RTVE,speaker202_0018,97,../data/LIP-RTVE/WAVs/speaker202/speaker202_0018.wav,../data/LIP-RTVE/ROIs/speaker202/speaker202_0018.npz,../data/LIP-RTVE/transcriptions/speaker202/speaker202_0018.txt,5,utf-8
6452,LIP-RTVE,speaker202_0019,203,../data/LIP-RTVE/WAVs/speaker202/speaker202_0019.wav,../data/LIP-RTVE/ROIs/speaker202/speaker202_0019.npz,../data/LIP-RTVE/transcriptions/speaker202/speaker202_0019.txt,5,utf-8
6453,LIP-RTVE,speaker202_0020,78,../data/LIP-RTVE/WAVs/speaker202/speaker202_0020.wav,../data/LIP-RTVE/ROIs/speaker202/speaker202_0020.npz,../data/LIP-RTVE/transcriptions/speaker202/speaker202_0020.txt,5,utf-8
6454,LIP-RTVE,speaker202_0021,148,../data/LIP-RTVE/WAVs/speaker202/speaker202_0021.wav,../data/LIP-RTVE/ROIs/speaker202/speaker202_0021.npz,../data/LIP-RTVE/transcriptions/speaker202/speaker202_0021.txt,5,utf-8
6455,LIP-RTVE,speaker202_0023,154,../data/LIP-RTVE/WAVs/speaker202/speaker202_0023.wav,../data/LIP-RTVE/ROIs/speaker202/speaker202_0023.npz,../data/LIP-RTVE/transcriptions/speaker202/speaker202_0023.txt,5,utf-8
6456,LIP-RTVE,speaker202_0024,64,../data/LIP-RTVE/WAVs/speaker202/speaker202_0024.wav,../data/LIP-RTVE/ROIs/speaker202/speaker202_0024.npz,../data/LIP-RTVE/transcriptions/speaker202/speaker202_0024.txt,5,utf-8
6457,LIP-RTVE,speaker202_0025,222,../data/LIP-RTVE/WAVs/speaker202/speaker202_0025.wav,../data/LIP-RTVE/ROIs/speaker202/speaker202_0025.npz,../data/LIP-RTVE/transcriptions/speaker202/speaker202_0025.txt,5,utf-8
6458,LIP-RTVE,speaker202_0026,183,../data/LIP-RTVE/WAVs/speaker202/speaker202_0026.wav,../data/LIP-RTVE/ROIs/speaker202/speaker202_0026.npz,../data/LIP-RTVE/transcriptions/speaker202/speaker202_0026.txt,5,utf-8
6459,LIP-RTVE,speaker203_0000,112,../data/LIP-RTVE/WAVs/speaker203/speaker203_0000.wav,../data/LIP-RTVE/ROIs/speaker203/speaker203_0000.npz,../data/LIP-RTVE/transcriptions/speaker203/speaker203_0000.txt,5,utf-8
6460,LIP-RTVE,speaker203_0001,86,../data/LIP-RTVE/WAVs/speaker203/speaker203_0001.wav,../data/LIP-RTVE/ROIs/speaker203/speaker203_0001.npz,../data/LIP-RTVE/transcriptions/speaker203/speaker203_0001.txt,5,utf-8
6461,LIP-RTVE,speaker203_0002,34,../data/LIP-RTVE/WAVs/speaker203/speaker203_0002.wav,../data/LIP-RTVE/ROIs/speaker203/speaker203_0002.npz,../data/LIP-RTVE/transcriptions/speaker203/speaker203_0002.txt,5,utf-8
6462,LIP-RTVE,speaker203_0004,186,../data/LIP-RTVE/WAVs/speaker203/speaker203_0004.wav,../data/LIP-RTVE/ROIs/speaker203/speaker203_0004.npz,../data/LIP-RTVE/transcriptions/speaker203/speaker203_0004.txt,5,utf-8
6463,LIP-RTVE,speaker203_0005,77,../data/LIP-RTVE/WAVs/speaker203/speaker203_0005.wav,../data/LIP-RTVE/ROIs/speaker203/speaker203_0005.npz,../data/LIP-RTVE/transcriptions/speaker203/speaker203_0005.txt,5,utf-8
6464,LIP-RTVE,speaker203_0007,76,../data/LIP-RTVE/WAVs/speaker203/speaker203_0007.wav,../data/LIP-RTVE/ROIs/speaker203/speaker203_0007.npz,../data/LIP-RTVE/transcriptions/speaker203/speaker203_0007.txt,5,utf-8
6465,LIP-RTVE,speaker203_0008,59,../data/LIP-RTVE/WAVs/speaker203/speaker203_0008.wav,../data/LIP-RTVE/ROIs/speaker203/speaker203_0008.npz,../data/LIP-RTVE/transcriptions/speaker203/speaker203_0008.txt,5,utf-8
6466,LIP-RTVE,speaker203_0009,73,../data/LIP-RTVE/WAVs/speaker203/speaker203_0009.wav,../data/LIP-RTVE/ROIs/speaker203/speaker203_0009.npz,../data/LIP-RTVE/transcriptions/speaker203/speaker203_0009.txt,5,utf-8
6467,LIP-RTVE,speaker203_0010,182,../data/LIP-RTVE/WAVs/speaker203/speaker203_0010.wav,../data/LIP-RTVE/ROIs/speaker203/speaker203_0010.npz,../data/LIP-RTVE/transcriptions/speaker203/speaker203_0010.txt,5,utf-8
6468,LIP-RTVE,speaker204_0000,87,../data/LIP-RTVE/WAVs/speaker204/speaker204_0000.wav,../data/LIP-RTVE/ROIs/speaker204/speaker204_0000.npz,../data/LIP-RTVE/transcriptions/speaker204/speaker204_0000.txt,5,utf-8
6469,LIP-RTVE,speaker204_0001,48,../data/LIP-RTVE/WAVs/speaker204/speaker204_0001.wav,../data/LIP-RTVE/ROIs/speaker204/speaker204_0001.npz,../data/LIP-RTVE/transcriptions/speaker204/speaker204_0001.txt,5,utf-8
6470,LIP-RTVE,speaker204_0002,68,../data/LIP-RTVE/WAVs/speaker204/speaker204_0002.wav,../data/LIP-RTVE/ROIs/speaker204/speaker204_0002.npz,../data/LIP-RTVE/transcriptions/speaker204/speaker204_0002.txt,5,utf-8
6471,LIP-RTVE,speaker205_0000,87,../data/LIP-RTVE/WAVs/speaker205/speaker205_0000.wav,../data/LIP-RTVE/ROIs/speaker205/speaker205_0000.npz,../data/LIP-RTVE/transcriptions/speaker205/speaker205_0000.txt,5,utf-8
6472,LIP-RTVE,speaker205_0001,44,../data/LIP-RTVE/WAVs/speaker205/speaker205_0001.wav,../data/LIP-RTVE/ROIs/speaker205/speaker205_0001.npz,../data/LIP-RTVE/transcriptions/speaker205/speaker205_0001.txt,5,utf-8
6473,LIP-RTVE,speaker205_0002,26,../data/LIP-RTVE/WAVs/speaker205/speaker205_0002.wav,../data/LIP-RTVE/ROIs/speaker205/speaker205_0002.npz,../data/LIP-RTVE/transcriptions/speaker205/speaker205_0002.txt,5,utf-8
6474,LIP-RTVE,speaker206_0001,35,../data/LIP-RTVE/WAVs/speaker206/speaker206_0001.wav,../data/LIP-RTVE/ROIs/speaker206/speaker206_0001.npz,../data/LIP-RTVE/transcriptions/speaker206/speaker206_0001.txt,5,utf-8
6475,LIP-RTVE,speaker206_0002,53,../data/LIP-RTVE/WAVs/speaker206/speaker206_0002.wav,../data/LIP-RTVE/ROIs/speaker206/speaker206_0002.npz,../data/LIP-RTVE/transcriptions/speaker206/speaker206_0002.txt,5,utf-8
6476,LIP-RTVE,speaker206_0003,58,../data/LIP-RTVE/WAVs/speaker206/speaker206_0003.wav,../data/LIP-RTVE/ROIs/speaker206/speaker206_0003.npz,../data/LIP-RTVE/transcriptions/speaker206/speaker206_0003.txt,5,utf-8
6477,LIP-RTVE,speaker206_0005,97,../data/LIP-RTVE/WAVs/speaker206/speaker206_0005.wav,../data/LIP-RTVE/ROIs/speaker206/speaker206_0005.npz,../data/LIP-RTVE/transcriptions/speaker206/speaker206_0005.txt,5,utf-8
6478,LIP-RTVE,speaker206_0007,29,../data/LIP-RTVE/WAVs/speaker206/speaker206_0007.wav,../data/LIP-RTVE/ROIs/speaker206/speaker206_0007.npz,../data/LIP-RTVE/transcriptions/speaker206/speaker206_0007.txt,5,utf-8
6479,LIP-RTVE,speaker206_0008,47,../data/LIP-RTVE/WAVs/speaker206/speaker206_0008.wav,../data/LIP-RTVE/ROIs/speaker206/speaker206_0008.npz,../data/LIP-RTVE/transcriptions/speaker206/speaker206_0008.txt,5,utf-8
6480,LIP-RTVE,speaker207_0000,67,../data/LIP-RTVE/WAVs/speaker207/speaker207_0000.wav,../data/LIP-RTVE/ROIs/speaker207/speaker207_0000.npz,../data/LIP-RTVE/transcriptions/speaker207/speaker207_0000.txt,5,utf-8
6481,LIP-RTVE,speaker207_0001,182,../data/LIP-RTVE/WAVs/speaker207/speaker207_0001.wav,../data/LIP-RTVE/ROIs/speaker207/speaker207_0001.npz,../data/LIP-RTVE/transcriptions/speaker207/speaker207_0001.txt,5,utf-8
6482,LIP-RTVE,speaker207_0003,69,../data/LIP-RTVE/WAVs/speaker207/speaker207_0003.wav,../data/LIP-RTVE/ROIs/speaker207/speaker207_0003.npz,../data/LIP-RTVE/transcriptions/speaker207/speaker207_0003.txt,5,utf-8
6483,LIP-RTVE,speaker208_0000,226,../data/LIP-RTVE/WAVs/speaker208/speaker208_0000.wav,../data/LIP-RTVE/ROIs/speaker208/speaker208_0000.npz,../data/LIP-RTVE/transcriptions/speaker208/speaker208_0000.txt,5,utf-8
6484,LIP-RTVE,speaker208_0001,197,../data/LIP-RTVE/WAVs/speaker208/speaker208_0001.wav,../data/LIP-RTVE/ROIs/speaker208/speaker208_0001.npz,../data/LIP-RTVE/transcriptions/speaker208/speaker208_0001.txt,5,utf-8
6485,LIP-RTVE,speaker208_0005,236,../data/LIP-RTVE/WAVs/speaker208/speaker208_0005.wav,../data/LIP-RTVE/ROIs/speaker208/speaker208_0005.npz,../data/LIP-RTVE/transcriptions/speaker208/speaker208_0005.txt,5,utf-8
6486,LIP-RTVE,speaker208_0006,93,../data/LIP-RTVE/WAVs/speaker208/speaker208_0006.wav,../data/LIP-RTVE/ROIs/speaker208/speaker208_0006.npz,../data/LIP-RTVE/transcriptions/speaker208/speaker208_0006.txt,5,utf-8
6487,LIP-RTVE,speaker208_0011,141,../data/LIP-RTVE/WAVs/speaker208/speaker208_0011.wav,../data/LIP-RTVE/ROIs/speaker208/speaker208_0011.npz,../data/LIP-RTVE/transcriptions/speaker208/speaker208_0011.txt,5,utf-8
6488,LIP-RTVE,speaker208_0013,248,../data/LIP-RTVE/WAVs/speaker208/speaker208_0013.wav,../data/LIP-RTVE/ROIs/speaker208/speaker208_0013.npz,../data/LIP-RTVE/transcriptions/speaker208/speaker208_0013.txt,5,utf-8
6489,LIP-RTVE,speaker208_0014,171,../data/LIP-RTVE/WAVs/speaker208/speaker208_0014.wav,../data/LIP-RTVE/ROIs/speaker208/speaker208_0014.npz,../data/LIP-RTVE/transcriptions/speaker208/speaker208_0014.txt,5,utf-8
6490,LIP-RTVE,speaker208_0015,89,../data/LIP-RTVE/WAVs/speaker208/speaker208_0015.wav,../data/LIP-RTVE/ROIs/speaker208/speaker208_0015.npz,../data/LIP-RTVE/transcriptions/speaker208/speaker208_0015.txt,5,utf-8
6491,LIP-RTVE,speaker208_0018,31,../data/LIP-RTVE/WAVs/speaker208/speaker208_0018.wav,../data/LIP-RTVE/ROIs/speaker208/speaker208_0018.npz,../data/LIP-RTVE/transcriptions/speaker208/speaker208_0018.txt,5,utf-8
6492,LIP-RTVE,speaker208_0019,126,../data/LIP-RTVE/WAVs/speaker208/speaker208_0019.wav,../data/LIP-RTVE/ROIs/speaker208/speaker208_0019.npz,../data/LIP-RTVE/transcriptions/speaker208/speaker208_0019.txt,5,utf-8
6493,LIP-RTVE,speaker208_0020,158,../data/LIP-RTVE/WAVs/speaker208/speaker208_0020.wav,../data/LIP-RTVE/ROIs/speaker208/speaker208_0020.npz,../data/LIP-RTVE/transcriptions/speaker208/speaker208_0020.txt,5,utf-8
6494,LIP-RTVE,speaker208_0021,142,../data/LIP-RTVE/WAVs/speaker208/speaker208_0021.wav,../data/LIP-RTVE/ROIs/speaker208/speaker208_0021.npz,../data/LIP-RTVE/transcriptions/speaker208/speaker208_0021.txt,5,utf-8
6495,LIP-RTVE,speaker208_0022,62,../data/LIP-RTVE/WAVs/speaker208/speaker208_0022.wav,../data/LIP-RTVE/ROIs/speaker208/speaker208_0022.npz,../data/LIP-RTVE/transcriptions/speaker208/speaker208_0022.txt,5,utf-8
6496,LIP-RTVE,speaker208_0023,234,../data/LIP-RTVE/WAVs/speaker208/speaker208_0023.wav,../data/LIP-RTVE/ROIs/speaker208/speaker208_0023.npz,../data/LIP-RTVE/transcriptions/speaker208/speaker208_0023.txt,5,utf-8
6497,LIP-RTVE,speaker208_0024,140,../data/LIP-RTVE/WAVs/speaker208/speaker208_0024.wav,../data/LIP-RTVE/ROIs/speaker208/speaker208_0024.npz,../data/LIP-RTVE/transcriptions/speaker208/speaker208_0024.txt,5,utf-8
6498,LIP-RTVE,speaker208_0025,115,../data/LIP-RTVE/WAVs/speaker208/speaker208_0025.wav,../data/LIP-RTVE/ROIs/speaker208/speaker208_0025.npz,../data/LIP-RTVE/transcriptions/speaker208/speaker208_0025.txt,5,utf-8
6499,LIP-RTVE,speaker208_0026,124,../data/LIP-RTVE/WAVs/speaker208/speaker208_0026.wav,../data/LIP-RTVE/ROIs/speaker208/speaker208_0026.npz,../data/LIP-RTVE/transcriptions/speaker208/speaker208_0026.txt,5,utf-8
6500,LIP-RTVE,speaker208_0027,46,../data/LIP-RTVE/WAVs/speaker208/speaker208_0027.wav,../data/LIP-RTVE/ROIs/speaker208/speaker208_0027.npz,../data/LIP-RTVE/transcriptions/speaker208/speaker208_0027.txt,5,utf-8
6501,LIP-RTVE,speaker208_0028,98,../data/LIP-RTVE/WAVs/speaker208/speaker208_0028.wav,../data/LIP-RTVE/ROIs/speaker208/speaker208_0028.npz,../data/LIP-RTVE/transcriptions/speaker208/speaker208_0028.txt,5,utf-8
6502,LIP-RTVE,speaker208_0030,177,../data/LIP-RTVE/WAVs/speaker208/speaker208_0030.wav,../data/LIP-RTVE/ROIs/speaker208/speaker208_0030.npz,../data/LIP-RTVE/transcriptions/speaker208/speaker208_0030.txt,5,utf-8
6503,LIP-RTVE,speaker208_0031,175,../data/LIP-RTVE/WAVs/speaker208/speaker208_0031.wav,../data/LIP-RTVE/ROIs/speaker208/speaker208_0031.npz,../data/LIP-RTVE/transcriptions/speaker208/speaker208_0031.txt,5,utf-8
6504,LIP-RTVE,speaker208_0032,104,../data/LIP-RTVE/WAVs/speaker208/speaker208_0032.wav,../data/LIP-RTVE/ROIs/speaker208/speaker208_0032.npz,../data/LIP-RTVE/transcriptions/speaker208/speaker208_0032.txt,5,utf-8
6505,LIP-RTVE,speaker209_0000,109,../data/LIP-RTVE/WAVs/speaker209/speaker209_0000.wav,../data/LIP-RTVE/ROIs/speaker209/speaker209_0000.npz,../data/LIP-RTVE/transcriptions/speaker209/speaker209_0000.txt,5,utf-8
6506,LIP-RTVE,speaker209_0002,101,../data/LIP-RTVE/WAVs/speaker209/speaker209_0002.wav,../data/LIP-RTVE/ROIs/speaker209/speaker209_0002.npz,../data/LIP-RTVE/transcriptions/speaker209/speaker209_0002.txt,5,utf-8
6507,LIP-RTVE,speaker209_0003,255,../data/LIP-RTVE/WAVs/speaker209/speaker209_0003.wav,../data/LIP-RTVE/ROIs/speaker209/speaker209_0003.npz,../data/LIP-RTVE/transcriptions/speaker209/speaker209_0003.txt,5,utf-8
6508,LIP-RTVE,speaker209_0004,153,../data/LIP-RTVE/WAVs/speaker209/speaker209_0004.wav,../data/LIP-RTVE/ROIs/speaker209/speaker209_0004.npz,../data/LIP-RTVE/transcriptions/speaker209/speaker209_0004.txt,5,utf-8
6509,LIP-RTVE,speaker210_0000,116,../data/LIP-RTVE/WAVs/speaker210/speaker210_0000.wav,../data/LIP-RTVE/ROIs/speaker210/speaker210_0000.npz,../data/LIP-RTVE/transcriptions/speaker210/speaker210_0000.txt,5,utf-8
6510,LIP-RTVE,speaker210_0001,107,../data/LIP-RTVE/WAVs/speaker210/speaker210_0001.wav,../data/LIP-RTVE/ROIs/speaker210/speaker210_0001.npz,../data/LIP-RTVE/transcriptions/speaker210/speaker210_0001.txt,5,utf-8
6511,LIP-RTVE,speaker210_0002,80,../data/LIP-RTVE/WAVs/speaker210/speaker210_0002.wav,../data/LIP-RTVE/ROIs/speaker210/speaker210_0002.npz,../data/LIP-RTVE/transcriptions/speaker210/speaker210_0002.txt,5,utf-8
6512,LIP-RTVE,speaker211_0000,44,../data/LIP-RTVE/WAVs/speaker211/speaker211_0000.wav,../data/LIP-RTVE/ROIs/speaker211/speaker211_0000.npz,../data/LIP-RTVE/transcriptions/speaker211/speaker211_0000.txt,5,utf-8
6513,LIP-RTVE,speaker211_0001,168,../data/LIP-RTVE/WAVs/speaker211/speaker211_0001.wav,../data/LIP-RTVE/ROIs/speaker211/speaker211_0001.npz,../data/LIP-RTVE/transcriptions/speaker211/speaker211_0001.txt,5,utf-8
6514,LIP-RTVE,speaker211_0002,82,../data/LIP-RTVE/WAVs/speaker211/speaker211_0002.wav,../data/LIP-RTVE/ROIs/speaker211/speaker211_0002.npz,../data/LIP-RTVE/transcriptions/speaker211/speaker211_0002.txt,5,utf-8
6515,LIP-RTVE,speaker212_0000,145,../data/LIP-RTVE/WAVs/speaker212/speaker212_0000.wav,../data/LIP-RTVE/ROIs/speaker212/speaker212_0000.npz,../data/LIP-RTVE/transcriptions/speaker212/speaker212_0000.txt,5,utf-8
6516,LIP-RTVE,speaker212_0001,172,../data/LIP-RTVE/WAVs/speaker212/speaker212_0001.wav,../data/LIP-RTVE/ROIs/speaker212/speaker212_0001.npz,../data/LIP-RTVE/transcriptions/speaker212/speaker212_0001.txt,5,utf-8
6517,LIP-RTVE,speaker212_0002,138,../data/LIP-RTVE/WAVs/speaker212/speaker212_0002.wav,../data/LIP-RTVE/ROIs/speaker212/speaker212_0002.npz,../data/LIP-RTVE/transcriptions/speaker212/speaker212_0002.txt,5,utf-8
6518,LIP-RTVE,speaker212_0004,132,../data/LIP-RTVE/WAVs/speaker212/speaker212_0004.wav,../data/LIP-RTVE/ROIs/speaker212/speaker212_0004.npz,../data/LIP-RTVE/transcriptions/speaker212/speaker212_0004.txt,5,utf-8
6519,LIP-RTVE,speaker212_0007,131,../data/LIP-RTVE/WAVs/speaker212/speaker212_0007.wav,../data/LIP-RTVE/ROIs/speaker212/speaker212_0007.npz,../data/LIP-RTVE/transcriptions/speaker212/speaker212_0007.txt,5,utf-8
6520,LIP-RTVE,speaker212_0008,43,../data/LIP-RTVE/WAVs/speaker212/speaker212_0008.wav,../data/LIP-RTVE/ROIs/speaker212/speaker212_0008.npz,../data/LIP-RTVE/transcriptions/speaker212/speaker212_0008.txt,5,utf-8
6521,LIP-RTVE,speaker212_0009,110,../data/LIP-RTVE/WAVs/speaker212/speaker212_0009.wav,../data/LIP-RTVE/ROIs/speaker212/speaker212_0009.npz,../data/LIP-RTVE/transcriptions/speaker212/speaker212_0009.txt,5,utf-8
6522,LIP-RTVE,speaker212_0011,135,../data/LIP-RTVE/WAVs/speaker212/speaker212_0011.wav,../data/LIP-RTVE/ROIs/speaker212/speaker212_0011.npz,../data/LIP-RTVE/transcriptions/speaker212/speaker212_0011.txt,5,utf-8
6523,LIP-RTVE,speaker212_0012,47,../data/LIP-RTVE/WAVs/speaker212/speaker212_0012.wav,../data/LIP-RTVE/ROIs/speaker212/speaker212_0012.npz,../data/LIP-RTVE/transcriptions/speaker212/speaker212_0012.txt,5,utf-8
6524,LIP-RTVE,speaker212_0013,199,../data/LIP-RTVE/WAVs/speaker212/speaker212_0013.wav,../data/LIP-RTVE/ROIs/speaker212/speaker212_0013.npz,../data/LIP-RTVE/transcriptions/speaker212/speaker212_0013.txt,5,utf-8
6525,LIP-RTVE,speaker212_0015,135,../data/LIP-RTVE/WAVs/speaker212/speaker212_0015.wav,../data/LIP-RTVE/ROIs/speaker212/speaker212_0015.npz,../data/LIP-RTVE/transcriptions/speaker212/speaker212_0015.txt,5,utf-8
6526,LIP-RTVE,speaker212_0016,61,../data/LIP-RTVE/WAVs/speaker212/speaker212_0016.wav,../data/LIP-RTVE/ROIs/speaker212/speaker212_0016.npz,../data/LIP-RTVE/transcriptions/speaker212/speaker212_0016.txt,5,utf-8
6527,LIP-RTVE,speaker212_0017,179,../data/LIP-RTVE/WAVs/speaker212/speaker212_0017.wav,../data/LIP-RTVE/ROIs/speaker212/speaker212_0017.npz,../data/LIP-RTVE/transcriptions/speaker212/speaker212_0017.txt,5,utf-8
6528,LIP-RTVE,speaker212_0019,262,../data/LIP-RTVE/WAVs/speaker212/speaker212_0019.wav,../data/LIP-RTVE/ROIs/speaker212/speaker212_0019.npz,../data/LIP-RTVE/transcriptions/speaker212/speaker212_0019.txt,5,utf-8
6529,LIP-RTVE,speaker212_0020,189,../data/LIP-RTVE/WAVs/speaker212/speaker212_0020.wav,../data/LIP-RTVE/ROIs/speaker212/speaker212_0020.npz,../data/LIP-RTVE/transcriptions/speaker212/speaker212_0020.txt,5,utf-8
6530,LIP-RTVE,speaker212_0022,143,../data/LIP-RTVE/WAVs/speaker212/speaker212_0022.wav,../data/LIP-RTVE/ROIs/speaker212/speaker212_0022.npz,../data/LIP-RTVE/transcriptions/speaker212/speaker212_0022.txt,5,utf-8
6531,LIP-RTVE,speaker212_0024,103,../data/LIP-RTVE/WAVs/speaker212/speaker212_0024.wav,../data/LIP-RTVE/ROIs/speaker212/speaker212_0024.npz,../data/LIP-RTVE/transcriptions/speaker212/speaker212_0024.txt,5,utf-8
6532,LIP-RTVE,speaker212_0025,182,../data/LIP-RTVE/WAVs/speaker212/speaker212_0025.wav,../data/LIP-RTVE/ROIs/speaker212/speaker212_0025.npz,../data/LIP-RTVE/transcriptions/speaker212/speaker212_0025.txt,5,utf-8
6533,LIP-RTVE,speaker212_0026,88,../data/LIP-RTVE/WAVs/speaker212/speaker212_0026.wav,../data/LIP-RTVE/ROIs/speaker212/speaker212_0026.npz,../data/LIP-RTVE/transcriptions/speaker212/speaker212_0026.txt,5,utf-8
6534,LIP-RTVE,speaker212_0027,218,../data/LIP-RTVE/WAVs/speaker212/speaker212_0027.wav,../data/LIP-RTVE/ROIs/speaker212/speaker212_0027.npz,../data/LIP-RTVE/transcriptions/speaker212/speaker212_0027.txt,5,utf-8
6535,LIP-RTVE,speaker213_0000,46,../data/LIP-RTVE/WAVs/speaker213/speaker213_0000.wav,../data/LIP-RTVE/ROIs/speaker213/speaker213_0000.npz,../data/LIP-RTVE/transcriptions/speaker213/speaker213_0000.txt,5,utf-8
6536,LIP-RTVE,speaker213_0001,75,../data/LIP-RTVE/WAVs/speaker213/speaker213_0001.wav,../data/LIP-RTVE/ROIs/speaker213/speaker213_0001.npz,../data/LIP-RTVE/transcriptions/speaker213/speaker213_0001.txt,5,utf-8
6537,LIP-RTVE,speaker213_0002,95,../data/LIP-RTVE/WAVs/speaker213/speaker213_0002.wav,../data/LIP-RTVE/ROIs/speaker213/speaker213_0002.npz,../data/LIP-RTVE/transcriptions/speaker213/speaker213_0002.txt,5,utf-8
6538,LIP-RTVE,speaker214_0002,37,../data/LIP-RTVE/WAVs/speaker214/speaker214_0002.wav,../data/LIP-RTVE/ROIs/speaker214/speaker214_0002.npz,../data/LIP-RTVE/transcriptions/speaker214/speaker214_0002.txt,5,utf-8
6539,LIP-RTVE,speaker215_0000,250,../data/LIP-RTVE/WAVs/speaker215/speaker215_0000.wav,../data/LIP-RTVE/ROIs/speaker215/speaker215_0000.npz,../data/LIP-RTVE/transcriptions/speaker215/speaker215_0000.txt,5,utf-8
6540,LIP-RTVE,speaker215_0003,105,../data/LIP-RTVE/WAVs/speaker215/speaker215_0003.wav,../data/LIP-RTVE/ROIs/speaker215/speaker215_0003.npz,../data/LIP-RTVE/transcriptions/speaker215/speaker215_0003.txt,5,utf-8
6541,LIP-RTVE,speaker215_0004,160,../data/LIP-RTVE/WAVs/speaker215/speaker215_0004.wav,../data/LIP-RTVE/ROIs/speaker215/speaker215_0004.npz,../data/LIP-RTVE/transcriptions/speaker215/speaker215_0004.txt,5,utf-8
6542,LIP-RTVE,speaker215_0005,146,../data/LIP-RTVE/WAVs/speaker215/speaker215_0005.wav,../data/LIP-RTVE/ROIs/speaker215/speaker215_0005.npz,../data/LIP-RTVE/transcriptions/speaker215/speaker215_0005.txt,5,utf-8
6543,LIP-RTVE,speaker215_0006,186,../data/LIP-RTVE/WAVs/speaker215/speaker215_0006.wav,../data/LIP-RTVE/ROIs/speaker215/speaker215_0006.npz,../data/LIP-RTVE/transcriptions/speaker215/speaker215_0006.txt,5,utf-8
6544,LIP-RTVE,speaker216_0002,31,../data/LIP-RTVE/WAVs/speaker216/speaker216_0002.wav,../data/LIP-RTVE/ROIs/speaker216/speaker216_0002.npz,../data/LIP-RTVE/transcriptions/speaker216/speaker216_0002.txt,5,utf-8
6545,LIP-RTVE,speaker216_0004,42,../data/LIP-RTVE/WAVs/speaker216/speaker216_0004.wav,../data/LIP-RTVE/ROIs/speaker216/speaker216_0004.npz,../data/LIP-RTVE/transcriptions/speaker216/speaker216_0004.txt,5,utf-8
6546,LIP-RTVE,speaker218_0000,107,../data/LIP-RTVE/WAVs/speaker218/speaker218_0000.wav,../data/LIP-RTVE/ROIs/speaker218/speaker218_0000.npz,../data/LIP-RTVE/transcriptions/speaker218/speaker218_0000.txt,5,utf-8
6547,LIP-RTVE,speaker218_0002,120,../data/LIP-RTVE/WAVs/speaker218/speaker218_0002.wav,../data/LIP-RTVE/ROIs/speaker218/speaker218_0002.npz,../data/LIP-RTVE/transcriptions/speaker218/speaker218_0002.txt,5,utf-8
6548,LIP-RTVE,speaker218_0003,45,../data/LIP-RTVE/WAVs/speaker218/speaker218_0003.wav,../data/LIP-RTVE/ROIs/speaker218/speaker218_0003.npz,../data/LIP-RTVE/transcriptions/speaker218/speaker218_0003.txt,5,utf-8
6549,LIP-RTVE,speaker218_0007,68,../data/LIP-RTVE/WAVs/speaker218/speaker218_0007.wav,../data/LIP-RTVE/ROIs/speaker218/speaker218_0007.npz,../data/LIP-RTVE/transcriptions/speaker218/speaker218_0007.txt,5,utf-8
6550,LIP-RTVE,speaker218_0008,40,../data/LIP-RTVE/WAVs/speaker218/speaker218_0008.wav,../data/LIP-RTVE/ROIs/speaker218/speaker218_0008.npz,../data/LIP-RTVE/transcriptions/speaker218/speaker218_0008.txt,5,utf-8
6551,LIP-RTVE,speaker218_0009,226,../data/LIP-RTVE/WAVs/speaker218/speaker218_0009.wav,../data/LIP-RTVE/ROIs/speaker218/speaker218_0009.npz,../data/LIP-RTVE/transcriptions/speaker218/speaker218_0009.txt,5,utf-8
6552,LIP-RTVE,speaker219_0000,138,../data/LIP-RTVE/WAVs/speaker219/speaker219_0000.wav,../data/LIP-RTVE/ROIs/speaker219/speaker219_0000.npz,../data/LIP-RTVE/transcriptions/speaker219/speaker219_0000.txt,5,utf-8
6553,LIP-RTVE,speaker219_0001,60,../data/LIP-RTVE/WAVs/speaker219/speaker219_0001.wav,../data/LIP-RTVE/ROIs/speaker219/speaker219_0001.npz,../data/LIP-RTVE/transcriptions/speaker219/speaker219_0001.txt,5,utf-8
6554,LIP-RTVE,speaker219_0002,132,../data/LIP-RTVE/WAVs/speaker219/speaker219_0002.wav,../data/LIP-RTVE/ROIs/speaker219/speaker219_0002.npz,../data/LIP-RTVE/transcriptions/speaker219/speaker219_0002.txt,5,utf-8
6555,LIP-RTVE,speaker219_0003,34,../data/LIP-RTVE/WAVs/speaker219/speaker219_0003.wav,../data/LIP-RTVE/ROIs/speaker219/speaker219_0003.npz,../data/LIP-RTVE/transcriptions/speaker219/speaker219_0003.txt,5,utf-8
6556,LIP-RTVE,speaker219_0004,83,../data/LIP-RTVE/WAVs/speaker219/speaker219_0004.wav,../data/LIP-RTVE/ROIs/speaker219/speaker219_0004.npz,../data/LIP-RTVE/transcriptions/speaker219/speaker219_0004.txt,5,utf-8
6557,LIP-RTVE,speaker219_0005,39,../data/LIP-RTVE/WAVs/speaker219/speaker219_0005.wav,../data/LIP-RTVE/ROIs/speaker219/speaker219_0005.npz,../data/LIP-RTVE/transcriptions/speaker219/speaker219_0005.txt,5,utf-8
6558,LIP-RTVE,speaker219_0006,95,../data/LIP-RTVE/WAVs/speaker219/speaker219_0006.wav,../data/LIP-RTVE/ROIs/speaker219/speaker219_0006.npz,../data/LIP-RTVE/transcriptions/speaker219/speaker219_0006.txt,5,utf-8
6559,LIP-RTVE,speaker219_0011,109,../data/LIP-RTVE/WAVs/speaker219/speaker219_0011.wav,../data/LIP-RTVE/ROIs/speaker219/speaker219_0011.npz,../data/LIP-RTVE/transcriptions/speaker219/speaker219_0011.txt,5,utf-8
6560,LIP-RTVE,speaker219_0012,53,../data/LIP-RTVE/WAVs/speaker219/speaker219_0012.wav,../data/LIP-RTVE/ROIs/speaker219/speaker219_0012.npz,../data/LIP-RTVE/transcriptions/speaker219/speaker219_0012.txt,5,utf-8
6561,LIP-RTVE,speaker219_0013,75,../data/LIP-RTVE/WAVs/speaker219/speaker219_0013.wav,../data/LIP-RTVE/ROIs/speaker219/speaker219_0013.npz,../data/LIP-RTVE/transcriptions/speaker219/speaker219_0013.txt,5,utf-8
6562,LIP-RTVE,speaker219_0014,41,../data/LIP-RTVE/WAVs/speaker219/speaker219_0014.wav,../data/LIP-RTVE/ROIs/speaker219/speaker219_0014.npz,../data/LIP-RTVE/transcriptions/speaker219/speaker219_0014.txt,5,utf-8
6563,LIP-RTVE,speaker219_0015,98,../data/LIP-RTVE/WAVs/speaker219/speaker219_0015.wav,../data/LIP-RTVE/ROIs/speaker219/speaker219_0015.npz,../data/LIP-RTVE/transcriptions/speaker219/speaker219_0015.txt,5,utf-8
6564,LIP-RTVE,speaker219_0016,106,../data/LIP-RTVE/WAVs/speaker219/speaker219_0016.wav,../data/LIP-RTVE/ROIs/speaker219/speaker219_0016.npz,../data/LIP-RTVE/transcriptions/speaker219/speaker219_0016.txt,5,utf-8
6565,LIP-RTVE,speaker219_0017,166,../data/LIP-RTVE/WAVs/speaker219/speaker219_0017.wav,../data/LIP-RTVE/ROIs/speaker219/speaker219_0017.npz,../data/LIP-RTVE/transcriptions/speaker219/speaker219_0017.txt,5,utf-8
6566,LIP-RTVE,speaker219_0018,63,../data/LIP-RTVE/WAVs/speaker219/speaker219_0018.wav,../data/LIP-RTVE/ROIs/speaker219/speaker219_0018.npz,../data/LIP-RTVE/transcriptions/speaker219/speaker219_0018.txt,5,utf-8
6567,LIP-RTVE,speaker219_0019,257,../data/LIP-RTVE/WAVs/speaker219/speaker219_0019.wav,../data/LIP-RTVE/ROIs/speaker219/speaker219_0019.npz,../data/LIP-RTVE/transcriptions/speaker219/speaker219_0019.txt,5,utf-8
6568,LIP-RTVE,speaker219_0020,137,../data/LIP-RTVE/WAVs/speaker219/speaker219_0020.wav,../data/LIP-RTVE/ROIs/speaker219/speaker219_0020.npz,../data/LIP-RTVE/transcriptions/speaker219/speaker219_0020.txt,5,utf-8
6569,LIP-RTVE,speaker219_0022,77,../data/LIP-RTVE/WAVs/speaker219/speaker219_0022.wav,../data/LIP-RTVE/ROIs/speaker219/speaker219_0022.npz,../data/LIP-RTVE/transcriptions/speaker219/speaker219_0022.txt,5,utf-8
6570,LIP-RTVE,speaker220_0001,104,../data/LIP-RTVE/WAVs/speaker220/speaker220_0001.wav,../data/LIP-RTVE/ROIs/speaker220/speaker220_0001.npz,../data/LIP-RTVE/transcriptions/speaker220/speaker220_0001.txt,5,utf-8
6571,LIP-RTVE,speaker220_0002,52,../data/LIP-RTVE/WAVs/speaker220/speaker220_0002.wav,../data/LIP-RTVE/ROIs/speaker220/speaker220_0002.npz,../data/LIP-RTVE/transcriptions/speaker220/speaker220_0002.txt,5,utf-8
6572,LIP-RTVE,speaker220_0003,64,../data/LIP-RTVE/WAVs/speaker220/speaker220_0003.wav,../data/LIP-RTVE/ROIs/speaker220/speaker220_0003.npz,../data/LIP-RTVE/transcriptions/speaker220/speaker220_0003.txt,5,utf-8
6573,LIP-RTVE,speaker220_0005,128,../data/LIP-RTVE/WAVs/speaker220/speaker220_0005.wav,../data/LIP-RTVE/ROIs/speaker220/speaker220_0005.npz,../data/LIP-RTVE/transcriptions/speaker220/speaker220_0005.txt,5,utf-8
6574,LIP-RTVE,speaker220_0007,77,../data/LIP-RTVE/WAVs/speaker220/speaker220_0007.wav,../data/LIP-RTVE/ROIs/speaker220/speaker220_0007.npz,../data/LIP-RTVE/transcriptions/speaker220/speaker220_0007.txt,5,utf-8
6575,LIP-RTVE,speaker220_0009,51,../data/LIP-RTVE/WAVs/speaker220/speaker220_0009.wav,../data/LIP-RTVE/ROIs/speaker220/speaker220_0009.npz,../data/LIP-RTVE/transcriptions/speaker220/speaker220_0009.txt,5,utf-8
6576,LIP-RTVE,speaker220_0010,50,../data/LIP-RTVE/WAVs/speaker220/speaker220_0010.wav,../data/LIP-RTVE/ROIs/speaker220/speaker220_0010.npz,../data/LIP-RTVE/transcriptions/speaker220/speaker220_0010.txt,5,utf-8
6577,LIP-RTVE,speaker220_0011,115,../data/LIP-RTVE/WAVs/speaker220/speaker220_0011.wav,../data/LIP-RTVE/ROIs/speaker220/speaker220_0011.npz,../data/LIP-RTVE/transcriptions/speaker220/speaker220_0011.txt,5,utf-8
6578,LIP-RTVE,speaker220_0012,46,../data/LIP-RTVE/WAVs/speaker220/speaker220_0012.wav,../data/LIP-RTVE/ROIs/speaker220/speaker220_0012.npz,../data/LIP-RTVE/transcriptions/speaker220/speaker220_0012.txt,5,utf-8
6579,LIP-RTVE,speaker220_0014,96,../data/LIP-RTVE/WAVs/speaker220/speaker220_0014.wav,../data/LIP-RTVE/ROIs/speaker220/speaker220_0014.npz,../data/LIP-RTVE/transcriptions/speaker220/speaker220_0014.txt,5,utf-8
6580,LIP-RTVE,speaker220_0015,140,../data/LIP-RTVE/WAVs/speaker220/speaker220_0015.wav,../data/LIP-RTVE/ROIs/speaker220/speaker220_0015.npz,../data/LIP-RTVE/transcriptions/speaker220/speaker220_0015.txt,5,utf-8
6581,LIP-RTVE,speaker221_0000,54,../data/LIP-RTVE/WAVs/speaker221/speaker221_0000.wav,../data/LIP-RTVE/ROIs/speaker221/speaker221_0000.npz,../data/LIP-RTVE/transcriptions/speaker221/speaker221_0000.txt,5,utf-8
6582,LIP-RTVE,speaker221_0004,116,../data/LIP-RTVE/WAVs/speaker221/speaker221_0004.wav,../data/LIP-RTVE/ROIs/speaker221/speaker221_0004.npz,../data/LIP-RTVE/transcriptions/speaker221/speaker221_0004.txt,5,utf-8
6583,LIP-RTVE,speaker221_0005,45,../data/LIP-RTVE/WAVs/speaker221/speaker221_0005.wav,../data/LIP-RTVE/ROIs/speaker221/speaker221_0005.npz,../data/LIP-RTVE/transcriptions/speaker221/speaker221_0005.txt,5,utf-8
6584,LIP-RTVE,speaker221_0006,34,../data/LIP-RTVE/WAVs/speaker221/speaker221_0006.wav,../data/LIP-RTVE/ROIs/speaker221/speaker221_0006.npz,../data/LIP-RTVE/transcriptions/speaker221/speaker221_0006.txt,5,utf-8
6585,LIP-RTVE,speaker221_0007,202,../data/LIP-RTVE/WAVs/speaker221/speaker221_0007.wav,../data/LIP-RTVE/ROIs/speaker221/speaker221_0007.npz,../data/LIP-RTVE/transcriptions/speaker221/speaker221_0007.txt,5,utf-8
6586,LIP-RTVE,speaker222_0000,66,../data/LIP-RTVE/WAVs/speaker222/speaker222_0000.wav,../data/LIP-RTVE/ROIs/speaker222/speaker222_0000.npz,../data/LIP-RTVE/transcriptions/speaker222/speaker222_0000.txt,5,utf-8
6587,LIP-RTVE,speaker222_0001,132,../data/LIP-RTVE/WAVs/speaker222/speaker222_0001.wav,../data/LIP-RTVE/ROIs/speaker222/speaker222_0001.npz,../data/LIP-RTVE/transcriptions/speaker222/speaker222_0001.txt,5,utf-8
6588,LIP-RTVE,speaker222_0002,79,../data/LIP-RTVE/WAVs/speaker222/speaker222_0002.wav,../data/LIP-RTVE/ROIs/speaker222/speaker222_0002.npz,../data/LIP-RTVE/transcriptions/speaker222/speaker222_0002.txt,5,utf-8
6589,LIP-RTVE,speaker222_0003,199,../data/LIP-RTVE/WAVs/speaker222/speaker222_0003.wav,../data/LIP-RTVE/ROIs/speaker222/speaker222_0003.npz,../data/LIP-RTVE/transcriptions/speaker222/speaker222_0003.txt,5,utf-8
6590,LIP-RTVE,speaker222_0005,168,../data/LIP-RTVE/WAVs/speaker222/speaker222_0005.wav,../data/LIP-RTVE/ROIs/speaker222/speaker222_0005.npz,../data/LIP-RTVE/transcriptions/speaker222/speaker222_0005.txt,5,utf-8
6591,LIP-RTVE,speaker222_0007,159,../data/LIP-RTVE/WAVs/speaker222/speaker222_0007.wav,../data/LIP-RTVE/ROIs/speaker222/speaker222_0007.npz,../data/LIP-RTVE/transcriptions/speaker222/speaker222_0007.txt,5,utf-8
6592,LIP-RTVE,speaker222_0008,43,../data/LIP-RTVE/WAVs/speaker222/speaker222_0008.wav,../data/LIP-RTVE/ROIs/speaker222/speaker222_0008.npz,../data/LIP-RTVE/transcriptions/speaker222/speaker222_0008.txt,5,utf-8
6593,LIP-RTVE,speaker222_0009,82,../data/LIP-RTVE/WAVs/speaker222/speaker222_0009.wav,../data/LIP-RTVE/ROIs/speaker222/speaker222_0009.npz,../data/LIP-RTVE/transcriptions/speaker222/speaker222_0009.txt,5,utf-8
6594,LIP-RTVE,speaker222_0010,56,../data/LIP-RTVE/WAVs/speaker222/speaker222_0010.wav,../data/LIP-RTVE/ROIs/speaker222/speaker222_0010.npz,../data/LIP-RTVE/transcriptions/speaker222/speaker222_0010.txt,5,utf-8
6595,LIP-RTVE,speaker222_0011,99,../data/LIP-RTVE/WAVs/speaker222/speaker222_0011.wav,../data/LIP-RTVE/ROIs/speaker222/speaker222_0011.npz,../data/LIP-RTVE/transcriptions/speaker222/speaker222_0011.txt,5,utf-8
6596,LIP-RTVE,speaker222_0012,32,../data/LIP-RTVE/WAVs/speaker222/speaker222_0012.wav,../data/LIP-RTVE/ROIs/speaker222/speaker222_0012.npz,../data/LIP-RTVE/transcriptions/speaker222/speaker222_0012.txt,5,utf-8
6597,LIP-RTVE,speaker222_0013,89,../data/LIP-RTVE/WAVs/speaker222/speaker222_0013.wav,../data/LIP-RTVE/ROIs/speaker222/speaker222_0013.npz,../data/LIP-RTVE/transcriptions/speaker222/speaker222_0013.txt,5,utf-8
6598,LIP-RTVE,speaker222_0014,182,../data/LIP-RTVE/WAVs/speaker222/speaker222_0014.wav,../data/LIP-RTVE/ROIs/speaker222/speaker222_0014.npz,../data/LIP-RTVE/transcriptions/speaker222/speaker222_0014.txt,5,utf-8
6599,LIP-RTVE,speaker222_0015,93,../data/LIP-RTVE/WAVs/speaker222/speaker222_0015.wav,../data/LIP-RTVE/ROIs/speaker222/speaker222_0015.npz,../data/LIP-RTVE/transcriptions/speaker222/speaker222_0015.txt,5,utf-8
6600,LIP-RTVE,speaker222_0016,63,../data/LIP-RTVE/WAVs/speaker222/speaker222_0016.wav,../data/LIP-RTVE/ROIs/speaker222/speaker222_0016.npz,../data/LIP-RTVE/transcriptions/speaker222/speaker222_0016.txt,5,utf-8
6601,LIP-RTVE,speaker222_0018,171,../data/LIP-RTVE/WAVs/speaker222/speaker222_0018.wav,../data/LIP-RTVE/ROIs/speaker222/speaker222_0018.npz,../data/LIP-RTVE/transcriptions/speaker222/speaker222_0018.txt,5,utf-8
6602,LIP-RTVE,speaker223_0001,118,../data/LIP-RTVE/WAVs/speaker223/speaker223_0001.wav,../data/LIP-RTVE/ROIs/speaker223/speaker223_0001.npz,../data/LIP-RTVE/transcriptions/speaker223/speaker223_0001.txt,5,utf-8
6603,LIP-RTVE,speaker223_0002,102,../data/LIP-RTVE/WAVs/speaker223/speaker223_0002.wav,../data/LIP-RTVE/ROIs/speaker223/speaker223_0002.npz,../data/LIP-RTVE/transcriptions/speaker223/speaker223_0002.txt,5,utf-8
6604,LIP-RTVE,speaker223_0003,172,../data/LIP-RTVE/WAVs/speaker223/speaker223_0003.wav,../data/LIP-RTVE/ROIs/speaker223/speaker223_0003.npz,../data/LIP-RTVE/transcriptions/speaker223/speaker223_0003.txt,5,utf-8
6605,LIP-RTVE,speaker223_0007,28,../data/LIP-RTVE/WAVs/speaker223/speaker223_0007.wav,../data/LIP-RTVE/ROIs/speaker223/speaker223_0007.npz,../data/LIP-RTVE/transcriptions/speaker223/speaker223_0007.txt,5,utf-8
6606,LIP-RTVE,speaker223_0008,87,../data/LIP-RTVE/WAVs/speaker223/speaker223_0008.wav,../data/LIP-RTVE/ROIs/speaker223/speaker223_0008.npz,../data/LIP-RTVE/transcriptions/speaker223/speaker223_0008.txt,5,utf-8
6607,LIP-RTVE,speaker223_0009,156,../data/LIP-RTVE/WAVs/speaker223/speaker223_0009.wav,../data/LIP-RTVE/ROIs/speaker223/speaker223_0009.npz,../data/LIP-RTVE/transcriptions/speaker223/speaker223_0009.txt,5,utf-8
6608,LIP-RTVE,speaker223_0010,104,../data/LIP-RTVE/WAVs/speaker223/speaker223_0010.wav,../data/LIP-RTVE/ROIs/speaker223/speaker223_0010.npz,../data/LIP-RTVE/transcriptions/speaker223/speaker223_0010.txt,5,utf-8
6609,LIP-RTVE,speaker223_0011,174,../data/LIP-RTVE/WAVs/speaker223/speaker223_0011.wav,../data/LIP-RTVE/ROIs/speaker223/speaker223_0011.npz,../data/LIP-RTVE/transcriptions/speaker223/speaker223_0011.txt,5,utf-8
6610,LIP-RTVE,speaker223_0012,72,../data/LIP-RTVE/WAVs/speaker223/speaker223_0012.wav,../data/LIP-RTVE/ROIs/speaker223/speaker223_0012.npz,../data/LIP-RTVE/transcriptions/speaker223/speaker223_0012.txt,5,utf-8
6611,LIP-RTVE,speaker223_0013,104,../data/LIP-RTVE/WAVs/speaker223/speaker223_0013.wav,../data/LIP-RTVE/ROIs/speaker223/speaker223_0013.npz,../data/LIP-RTVE/transcriptions/speaker223/speaker223_0013.txt,5,utf-8
6612,LIP-RTVE,speaker223_0014,129,../data/LIP-RTVE/WAVs/speaker223/speaker223_0014.wav,../data/LIP-RTVE/ROIs/speaker223/speaker223_0014.npz,../data/LIP-RTVE/transcriptions/speaker223/speaker223_0014.txt,5,utf-8
6613,LIP-RTVE,speaker223_0015,35,../data/LIP-RTVE/WAVs/speaker223/speaker223_0015.wav,../data/LIP-RTVE/ROIs/speaker223/speaker223_0015.npz,../data/LIP-RTVE/transcriptions/speaker223/speaker223_0015.txt,5,utf-8
6614,LIP-RTVE,speaker223_0016,130,../data/LIP-RTVE/WAVs/speaker223/speaker223_0016.wav,../data/LIP-RTVE/ROIs/speaker223/speaker223_0016.npz,../data/LIP-RTVE/transcriptions/speaker223/speaker223_0016.txt,5,utf-8
6615,LIP-RTVE,speaker223_0017,68,../data/LIP-RTVE/WAVs/speaker223/speaker223_0017.wav,../data/LIP-RTVE/ROIs/speaker223/speaker223_0017.npz,../data/LIP-RTVE/transcriptions/speaker223/speaker223_0017.txt,5,utf-8
6616,LIP-RTVE,speaker223_0018,54,../data/LIP-RTVE/WAVs/speaker223/speaker223_0018.wav,../data/LIP-RTVE/ROIs/speaker223/speaker223_0018.npz,../data/LIP-RTVE/transcriptions/speaker223/speaker223_0018.txt,5,utf-8
6617,LIP-RTVE,speaker223_0019,140,../data/LIP-RTVE/WAVs/speaker223/speaker223_0019.wav,../data/LIP-RTVE/ROIs/speaker223/speaker223_0019.npz,../data/LIP-RTVE/transcriptions/speaker223/speaker223_0019.txt,5,utf-8
6618,LIP-RTVE,speaker223_0020,70,../data/LIP-RTVE/WAVs/speaker223/speaker223_0020.wav,../data/LIP-RTVE/ROIs/speaker223/speaker223_0020.npz,../data/LIP-RTVE/transcriptions/speaker223/speaker223_0020.txt,5,utf-8
6619,LIP-RTVE,speaker223_0023,155,../data/LIP-RTVE/WAVs/speaker223/speaker223_0023.wav,../data/LIP-RTVE/ROIs/speaker223/speaker223_0023.npz,../data/LIP-RTVE/transcriptions/speaker223/speaker223_0023.txt,5,utf-8
6620,LIP-RTVE,speaker223_0025,84,../data/LIP-RTVE/WAVs/speaker223/speaker223_0025.wav,../data/LIP-RTVE/ROIs/speaker223/speaker223_0025.npz,../data/LIP-RTVE/transcriptions/speaker223/speaker223_0025.txt,5,utf-8
6621,LIP-RTVE,speaker223_0026,180,../data/LIP-RTVE/WAVs/speaker223/speaker223_0026.wav,../data/LIP-RTVE/ROIs/speaker223/speaker223_0026.npz,../data/LIP-RTVE/transcriptions/speaker223/speaker223_0026.txt,5,utf-8
6622,LIP-RTVE,speaker223_0027,95,../data/LIP-RTVE/WAVs/speaker223/speaker223_0027.wav,../data/LIP-RTVE/ROIs/speaker223/speaker223_0027.npz,../data/LIP-RTVE/transcriptions/speaker223/speaker223_0027.txt,5,utf-8
6623,LIP-RTVE,speaker223_0028,143,../data/LIP-RTVE/WAVs/speaker223/speaker223_0028.wav,../data/LIP-RTVE/ROIs/speaker223/speaker223_0028.npz,../data/LIP-RTVE/transcriptions/speaker223/speaker223_0028.txt,5,utf-8
6624,LIP-RTVE,speaker223_0030,161,../data/LIP-RTVE/WAVs/speaker223/speaker223_0030.wav,../data/LIP-RTVE/ROIs/speaker223/speaker223_0030.npz,../data/LIP-RTVE/transcriptions/speaker223/speaker223_0030.txt,5,utf-8
6625,LIP-RTVE,speaker223_0032,72,../data/LIP-RTVE/WAVs/speaker223/speaker223_0032.wav,../data/LIP-RTVE/ROIs/speaker223/speaker223_0032.npz,../data/LIP-RTVE/transcriptions/speaker223/speaker223_0032.txt,5,utf-8
6626,LIP-RTVE,speaker223_0033,163,../data/LIP-RTVE/WAVs/speaker223/speaker223_0033.wav,../data/LIP-RTVE/ROIs/speaker223/speaker223_0033.npz,../data/LIP-RTVE/transcriptions/speaker223/speaker223_0033.txt,5,utf-8
6627,LIP-RTVE,speaker223_0035,41,../data/LIP-RTVE/WAVs/speaker223/speaker223_0035.wav,../data/LIP-RTVE/ROIs/speaker223/speaker223_0035.npz,../data/LIP-RTVE/transcriptions/speaker223/speaker223_0035.txt,5,utf-8
6628,LIP-RTVE,speaker223_0038,87,../data/LIP-RTVE/WAVs/speaker223/speaker223_0038.wav,../data/LIP-RTVE/ROIs/speaker223/speaker223_0038.npz,../data/LIP-RTVE/transcriptions/speaker223/speaker223_0038.txt,5,utf-8
6629,LIP-RTVE,speaker223_0039,165,../data/LIP-RTVE/WAVs/speaker223/speaker223_0039.wav,../data/LIP-RTVE/ROIs/speaker223/speaker223_0039.npz,../data/LIP-RTVE/transcriptions/speaker223/speaker223_0039.txt,5,utf-8
6630,LIP-RTVE,speaker223_0040,80,../data/LIP-RTVE/WAVs/speaker223/speaker223_0040.wav,../data/LIP-RTVE/ROIs/speaker223/speaker223_0040.npz,../data/LIP-RTVE/transcriptions/speaker223/speaker223_0040.txt,5,utf-8
6631,LIP-RTVE,speaker224_0002,26,../data/LIP-RTVE/WAVs/speaker224/speaker224_0002.wav,../data/LIP-RTVE/ROIs/speaker224/speaker224_0002.npz,../data/LIP-RTVE/transcriptions/speaker224/speaker224_0002.txt,5,utf-8
6632,LIP-RTVE,speaker224_0003,64,../data/LIP-RTVE/WAVs/speaker224/speaker224_0003.wav,../data/LIP-RTVE/ROIs/speaker224/speaker224_0003.npz,../data/LIP-RTVE/transcriptions/speaker224/speaker224_0003.txt,5,utf-8
6633,LIP-RTVE,speaker224_0004,104,../data/LIP-RTVE/WAVs/speaker224/speaker224_0004.wav,../data/LIP-RTVE/ROIs/speaker224/speaker224_0004.npz,../data/LIP-RTVE/transcriptions/speaker224/speaker224_0004.txt,5,utf-8
6634,LIP-RTVE,speaker224_0005,172,../data/LIP-RTVE/WAVs/speaker224/speaker224_0005.wav,../data/LIP-RTVE/ROIs/speaker224/speaker224_0005.npz,../data/LIP-RTVE/transcriptions/speaker224/speaker224_0005.txt,5,utf-8
6635,LIP-RTVE,speaker224_0006,69,../data/LIP-RTVE/WAVs/speaker224/speaker224_0006.wav,../data/LIP-RTVE/ROIs/speaker224/speaker224_0006.npz,../data/LIP-RTVE/transcriptions/speaker224/speaker224_0006.txt,5,utf-8
6636,LIP-RTVE,speaker224_0007,205,../data/LIP-RTVE/WAVs/speaker224/speaker224_0007.wav,../data/LIP-RTVE/ROIs/speaker224/speaker224_0007.npz,../data/LIP-RTVE/transcriptions/speaker224/speaker224_0007.txt,5,utf-8
6637,LIP-RTVE,speaker224_0008,72,../data/LIP-RTVE/WAVs/speaker224/speaker224_0008.wav,../data/LIP-RTVE/ROIs/speaker224/speaker224_0008.npz,../data/LIP-RTVE/transcriptions/speaker224/speaker224_0008.txt,5,utf-8
6638,LIP-RTVE,speaker224_0010,157,../data/LIP-RTVE/WAVs/speaker224/speaker224_0010.wav,../data/LIP-RTVE/ROIs/speaker224/speaker224_0010.npz,../data/LIP-RTVE/transcriptions/speaker224/speaker224_0010.txt,5,utf-8
6639,LIP-RTVE,speaker224_0012,64,../data/LIP-RTVE/WAVs/speaker224/speaker224_0012.wav,../data/LIP-RTVE/ROIs/speaker224/speaker224_0012.npz,../data/LIP-RTVE/transcriptions/speaker224/speaker224_0012.txt,5,utf-8
6640,LIP-RTVE,speaker224_0013,188,../data/LIP-RTVE/WAVs/speaker224/speaker224_0013.wav,../data/LIP-RTVE/ROIs/speaker224/speaker224_0013.npz,../data/LIP-RTVE/transcriptions/speaker224/speaker224_0013.txt,5,utf-8
6641,LIP-RTVE,speaker224_0014,126,../data/LIP-RTVE/WAVs/speaker224/speaker224_0014.wav,../data/LIP-RTVE/ROIs/speaker224/speaker224_0014.npz,../data/LIP-RTVE/transcriptions/speaker224/speaker224_0014.txt,5,utf-8
6642,LIP-RTVE,speaker224_0015,112,../data/LIP-RTVE/WAVs/speaker224/speaker224_0015.wav,../data/LIP-RTVE/ROIs/speaker224/speaker224_0015.npz,../data/LIP-RTVE/transcriptions/speaker224/speaker224_0015.txt,5,utf-8
6643,LIP-RTVE,speaker224_0016,172,../data/LIP-RTVE/WAVs/speaker224/speaker224_0016.wav,../data/LIP-RTVE/ROIs/speaker224/speaker224_0016.npz,../data/LIP-RTVE/transcriptions/speaker224/speaker224_0016.txt,5,utf-8
6644,LIP-RTVE,speaker224_0018,131,../data/LIP-RTVE/WAVs/speaker224/speaker224_0018.wav,../data/LIP-RTVE/ROIs/speaker224/speaker224_0018.npz,../data/LIP-RTVE/transcriptions/speaker224/speaker224_0018.txt,5,utf-8
6645,LIP-RTVE,speaker224_0019,219,../data/LIP-RTVE/WAVs/speaker224/speaker224_0019.wav,../data/LIP-RTVE/ROIs/speaker224/speaker224_0019.npz,../data/LIP-RTVE/transcriptions/speaker224/speaker224_0019.txt,5,utf-8
6646,LIP-RTVE,speaker224_0020,190,../data/LIP-RTVE/WAVs/speaker224/speaker224_0020.wav,../data/LIP-RTVE/ROIs/speaker224/speaker224_0020.npz,../data/LIP-RTVE/transcriptions/speaker224/speaker224_0020.txt,5,utf-8
6647,LIP-RTVE,speaker224_0021,135,../data/LIP-RTVE/WAVs/speaker224/speaker224_0021.wav,../data/LIP-RTVE/ROIs/speaker224/speaker224_0021.npz,../data/LIP-RTVE/transcriptions/speaker224/speaker224_0021.txt,5,utf-8
6648,LIP-RTVE,speaker224_0022,124,../data/LIP-RTVE/WAVs/speaker224/speaker224_0022.wav,../data/LIP-RTVE/ROIs/speaker224/speaker224_0022.npz,../data/LIP-RTVE/transcriptions/speaker224/speaker224_0022.txt,5,utf-8
6649,LIP-RTVE,speaker224_0027,49,../data/LIP-RTVE/WAVs/speaker224/speaker224_0027.wav,../data/LIP-RTVE/ROIs/speaker224/speaker224_0027.npz,../data/LIP-RTVE/transcriptions/speaker224/speaker224_0027.txt,5,utf-8
6650,LIP-RTVE,speaker224_0028,182,../data/LIP-RTVE/WAVs/speaker224/speaker224_0028.wav,../data/LIP-RTVE/ROIs/speaker224/speaker224_0028.npz,../data/LIP-RTVE/transcriptions/speaker224/speaker224_0028.txt,5,utf-8
6651,LIP-RTVE,speaker224_0029,66,../data/LIP-RTVE/WAVs/speaker224/speaker224_0029.wav,../data/LIP-RTVE/ROIs/speaker224/speaker224_0029.npz,../data/LIP-RTVE/transcriptions/speaker224/speaker224_0029.txt,5,utf-8
6652,LIP-RTVE,speaker224_0030,242,../data/LIP-RTVE/WAVs/speaker224/speaker224_0030.wav,../data/LIP-RTVE/ROIs/speaker224/speaker224_0030.npz,../data/LIP-RTVE/transcriptions/speaker224/speaker224_0030.txt,5,utf-8
6653,LIP-RTVE,speaker224_0031,98,../data/LIP-RTVE/WAVs/speaker224/speaker224_0031.wav,../data/LIP-RTVE/ROIs/speaker224/speaker224_0031.npz,../data/LIP-RTVE/transcriptions/speaker224/speaker224_0031.txt,5,utf-8
6654,LIP-RTVE,speaker224_0032,158,../data/LIP-RTVE/WAVs/speaker224/speaker224_0032.wav,../data/LIP-RTVE/ROIs/speaker224/speaker224_0032.npz,../data/LIP-RTVE/transcriptions/speaker224/speaker224_0032.txt,5,utf-8
6655,LIP-RTVE,speaker224_0033,130,../data/LIP-RTVE/WAVs/speaker224/speaker224_0033.wav,../data/LIP-RTVE/ROIs/speaker224/speaker224_0033.npz,../data/LIP-RTVE/transcriptions/speaker224/speaker224_0033.txt,5,utf-8
6656,LIP-RTVE,speaker225_0000,130,../data/LIP-RTVE/WAVs/speaker225/speaker225_0000.wav,../data/LIP-RTVE/ROIs/speaker225/speaker225_0000.npz,../data/LIP-RTVE/transcriptions/speaker225/speaker225_0000.txt,5,utf-8
6657,LIP-RTVE,speaker225_0001,112,../data/LIP-RTVE/WAVs/speaker225/speaker225_0001.wav,../data/LIP-RTVE/ROIs/speaker225/speaker225_0001.npz,../data/LIP-RTVE/transcriptions/speaker225/speaker225_0001.txt,5,utf-8
6658,LIP-RTVE,speaker225_0002,50,../data/LIP-RTVE/WAVs/speaker225/speaker225_0002.wav,../data/LIP-RTVE/ROIs/speaker225/speaker225_0002.npz,../data/LIP-RTVE/transcriptions/speaker225/speaker225_0002.txt,5,utf-8
6659,LIP-RTVE,speaker226_0000,156,../data/LIP-RTVE/WAVs/speaker226/speaker226_0000.wav,../data/LIP-RTVE/ROIs/speaker226/speaker226_0000.npz,../data/LIP-RTVE/transcriptions/speaker226/speaker226_0000.txt,5,utf-8
6660,LIP-RTVE,speaker226_0001,149,../data/LIP-RTVE/WAVs/speaker226/speaker226_0001.wav,../data/LIP-RTVE/ROIs/speaker226/speaker226_0001.npz,../data/LIP-RTVE/transcriptions/speaker226/speaker226_0001.txt,5,utf-8
6661,LIP-RTVE,speaker226_0004,218,../data/LIP-RTVE/WAVs/speaker226/speaker226_0004.wav,../data/LIP-RTVE/ROIs/speaker226/speaker226_0004.npz,../data/LIP-RTVE/transcriptions/speaker226/speaker226_0004.txt,5,utf-8
6662,LIP-RTVE,speaker226_0005,118,../data/LIP-RTVE/WAVs/speaker226/speaker226_0005.wav,../data/LIP-RTVE/ROIs/speaker226/speaker226_0005.npz,../data/LIP-RTVE/transcriptions/speaker226/speaker226_0005.txt,5,utf-8
6663,LIP-RTVE,speaker226_0006,56,../data/LIP-RTVE/WAVs/speaker226/speaker226_0006.wav,../data/LIP-RTVE/ROIs/speaker226/speaker226_0006.npz,../data/LIP-RTVE/transcriptions/speaker226/speaker226_0006.txt,5,utf-8
6664,LIP-RTVE,speaker226_0007,54,../data/LIP-RTVE/WAVs/speaker226/speaker226_0007.wav,../data/LIP-RTVE/ROIs/speaker226/speaker226_0007.npz,../data/LIP-RTVE/transcriptions/speaker226/speaker226_0007.txt,5,utf-8
6665,LIP-RTVE,speaker226_0008,166,../data/LIP-RTVE/WAVs/speaker226/speaker226_0008.wav,../data/LIP-RTVE/ROIs/speaker226/speaker226_0008.npz,../data/LIP-RTVE/transcriptions/speaker226/speaker226_0008.txt,5,utf-8
6666,LIP-RTVE,speaker226_0009,45,../data/LIP-RTVE/WAVs/speaker226/speaker226_0009.wav,../data/LIP-RTVE/ROIs/speaker226/speaker226_0009.npz,../data/LIP-RTVE/transcriptions/speaker226/speaker226_0009.txt,5,utf-8
6667,LIP-RTVE,speaker226_0010,114,../data/LIP-RTVE/WAVs/speaker226/speaker226_0010.wav,../data/LIP-RTVE/ROIs/speaker226/speaker226_0010.npz,../data/LIP-RTVE/transcriptions/speaker226/speaker226_0010.txt,5,utf-8
6668,LIP-RTVE,speaker226_0011,69,../data/LIP-RTVE/WAVs/speaker226/speaker226_0011.wav,../data/LIP-RTVE/ROIs/speaker226/speaker226_0011.npz,../data/LIP-RTVE/transcriptions/speaker226/speaker226_0011.txt,5,utf-8
6669,LIP-RTVE,speaker226_0013,87,../data/LIP-RTVE/WAVs/speaker226/speaker226_0013.wav,../data/LIP-RTVE/ROIs/speaker226/speaker226_0013.npz,../data/LIP-RTVE/transcriptions/speaker226/speaker226_0013.txt,5,utf-8
6670,LIP-RTVE,speaker226_0015,73,../data/LIP-RTVE/WAVs/speaker226/speaker226_0015.wav,../data/LIP-RTVE/ROIs/speaker226/speaker226_0015.npz,../data/LIP-RTVE/transcriptions/speaker226/speaker226_0015.txt,5,utf-8
6671,LIP-RTVE,speaker226_0017,74,../data/LIP-RTVE/WAVs/speaker226/speaker226_0017.wav,../data/LIP-RTVE/ROIs/speaker226/speaker226_0017.npz,../data/LIP-RTVE/transcriptions/speaker226/speaker226_0017.txt,5,utf-8
6672,LIP-RTVE,speaker226_0019,180,../data/LIP-RTVE/WAVs/speaker226/speaker226_0019.wav,../data/LIP-RTVE/ROIs/speaker226/speaker226_0019.npz,../data/LIP-RTVE/transcriptions/speaker226/speaker226_0019.txt,5,utf-8
6673,LIP-RTVE,speaker226_0021,75,../data/LIP-RTVE/WAVs/speaker226/speaker226_0021.wav,../data/LIP-RTVE/ROIs/speaker226/speaker226_0021.npz,../data/LIP-RTVE/transcriptions/speaker226/speaker226_0021.txt,5,utf-8
6674,LIP-RTVE,speaker226_0022,201,../data/LIP-RTVE/WAVs/speaker226/speaker226_0022.wav,../data/LIP-RTVE/ROIs/speaker226/speaker226_0022.npz,../data/LIP-RTVE/transcriptions/speaker226/speaker226_0022.txt,5,utf-8
6675,LIP-RTVE,speaker226_0023,130,../data/LIP-RTVE/WAVs/speaker226/speaker226_0023.wav,../data/LIP-RTVE/ROIs/speaker226/speaker226_0023.npz,../data/LIP-RTVE/transcriptions/speaker226/speaker226_0023.txt,5,utf-8
6676,LIP-RTVE,speaker226_0030,108,../data/LIP-RTVE/WAVs/speaker226/speaker226_0030.wav,../data/LIP-RTVE/ROIs/speaker226/speaker226_0030.npz,../data/LIP-RTVE/transcriptions/speaker226/speaker226_0030.txt,5,utf-8
6677,LIP-RTVE,speaker226_0031,164,../data/LIP-RTVE/WAVs/speaker226/speaker226_0031.wav,../data/LIP-RTVE/ROIs/speaker226/speaker226_0031.npz,../data/LIP-RTVE/transcriptions/speaker226/speaker226_0031.txt,5,utf-8
6678,LIP-RTVE,speaker227_0001,52,../data/LIP-RTVE/WAVs/speaker227/speaker227_0001.wav,../data/LIP-RTVE/ROIs/speaker227/speaker227_0001.npz,../data/LIP-RTVE/transcriptions/speaker227/speaker227_0001.txt,5,utf-8
6679,LIP-RTVE,speaker227_0003,57,../data/LIP-RTVE/WAVs/speaker227/speaker227_0003.wav,../data/LIP-RTVE/ROIs/speaker227/speaker227_0003.npz,../data/LIP-RTVE/transcriptions/speaker227/speaker227_0003.txt,5,utf-8
6680,LIP-RTVE,speaker227_0004,197,../data/LIP-RTVE/WAVs/speaker227/speaker227_0004.wav,../data/LIP-RTVE/ROIs/speaker227/speaker227_0004.npz,../data/LIP-RTVE/transcriptions/speaker227/speaker227_0004.txt,5,utf-8
6681,LIP-RTVE,speaker227_0005,29,../data/LIP-RTVE/WAVs/speaker227/speaker227_0005.wav,../data/LIP-RTVE/ROIs/speaker227/speaker227_0005.npz,../data/LIP-RTVE/transcriptions/speaker227/speaker227_0005.txt,5,utf-8
6682,LIP-RTVE,speaker228_0001,109,../data/LIP-RTVE/WAVs/speaker228/speaker228_0001.wav,../data/LIP-RTVE/ROIs/speaker228/speaker228_0001.npz,../data/LIP-RTVE/transcriptions/speaker228/speaker228_0001.txt,5,utf-8
6683,LIP-RTVE,speaker229_0001,76,../data/LIP-RTVE/WAVs/speaker229/speaker229_0001.wav,../data/LIP-RTVE/ROIs/speaker229/speaker229_0001.npz,../data/LIP-RTVE/transcriptions/speaker229/speaker229_0001.txt,5,utf-8
6684,LIP-RTVE,speaker229_0002,26,../data/LIP-RTVE/WAVs/speaker229/speaker229_0002.wav,../data/LIP-RTVE/ROIs/speaker229/speaker229_0002.npz,../data/LIP-RTVE/transcriptions/speaker229/speaker229_0002.txt,5,utf-8
6685,LIP-RTVE,speaker229_0003,32,../data/LIP-RTVE/WAVs/speaker229/speaker229_0003.wav,../data/LIP-RTVE/ROIs/speaker229/speaker229_0003.npz,../data/LIP-RTVE/transcriptions/speaker229/speaker229_0003.txt,5,utf-8
6686,LIP-RTVE,speaker230_0005,149,../data/LIP-RTVE/WAVs/speaker230/speaker230_0005.wav,../data/LIP-RTVE/ROIs/speaker230/speaker230_0005.npz,../data/LIP-RTVE/transcriptions/speaker230/speaker230_0005.txt,5,utf-8
6687,LIP-RTVE,speaker231_0000,104,../data/LIP-RTVE/WAVs/speaker231/speaker231_0000.wav,../data/LIP-RTVE/ROIs/speaker231/speaker231_0000.npz,../data/LIP-RTVE/transcriptions/speaker231/speaker231_0000.txt,5,utf-8
6688,LIP-RTVE,speaker231_0001,128,../data/LIP-RTVE/WAVs/speaker231/speaker231_0001.wav,../data/LIP-RTVE/ROIs/speaker231/speaker231_0001.npz,../data/LIP-RTVE/transcriptions/speaker231/speaker231_0001.txt,5,utf-8
6689,LIP-RTVE,speaker231_0003,71,../data/LIP-RTVE/WAVs/speaker231/speaker231_0003.wav,../data/LIP-RTVE/ROIs/speaker231/speaker231_0003.npz,../data/LIP-RTVE/transcriptions/speaker231/speaker231_0003.txt,5,utf-8
6690,LIP-RTVE,speaker232_0000,140,../data/LIP-RTVE/WAVs/speaker232/speaker232_0000.wav,../data/LIP-RTVE/ROIs/speaker232/speaker232_0000.npz,../data/LIP-RTVE/transcriptions/speaker232/speaker232_0000.txt,5,utf-8
6691,LIP-RTVE,speaker232_0001,59,../data/LIP-RTVE/WAVs/speaker232/speaker232_0001.wav,../data/LIP-RTVE/ROIs/speaker232/speaker232_0001.npz,../data/LIP-RTVE/transcriptions/speaker232/speaker232_0001.txt,5,utf-8
6692,LIP-RTVE,speaker233_0000,226,../data/LIP-RTVE/WAVs/speaker233/speaker233_0000.wav,../data/LIP-RTVE/ROIs/speaker233/speaker233_0000.npz,../data/LIP-RTVE/transcriptions/speaker233/speaker233_0000.txt,5,utf-8
6693,LIP-RTVE,speaker233_0001,84,../data/LIP-RTVE/WAVs/speaker233/speaker233_0001.wav,../data/LIP-RTVE/ROIs/speaker233/speaker233_0001.npz,../data/LIP-RTVE/transcriptions/speaker233/speaker233_0001.txt,5,utf-8
6694,LIP-RTVE,speaker233_0002,141,../data/LIP-RTVE/WAVs/speaker233/speaker233_0002.wav,../data/LIP-RTVE/ROIs/speaker233/speaker233_0002.npz,../data/LIP-RTVE/transcriptions/speaker233/speaker233_0002.txt,5,utf-8
6695,LIP-RTVE,speaker233_0003,53,../data/LIP-RTVE/WAVs/speaker233/speaker233_0003.wav,../data/LIP-RTVE/ROIs/speaker233/speaker233_0003.npz,../data/LIP-RTVE/transcriptions/speaker233/speaker233_0003.txt,5,utf-8
6696,LIP-RTVE,speaker233_0008,189,../data/LIP-RTVE/WAVs/speaker233/speaker233_0008.wav,../data/LIP-RTVE/ROIs/speaker233/speaker233_0008.npz,../data/LIP-RTVE/transcriptions/speaker233/speaker233_0008.txt,5,utf-8
6697,LIP-RTVE,speaker233_0009,244,../data/LIP-RTVE/WAVs/speaker233/speaker233_0009.wav,../data/LIP-RTVE/ROIs/speaker233/speaker233_0009.npz,../data/LIP-RTVE/transcriptions/speaker233/speaker233_0009.txt,5,utf-8
6698,LIP-RTVE,speaker233_0010,146,../data/LIP-RTVE/WAVs/speaker233/speaker233_0010.wav,../data/LIP-RTVE/ROIs/speaker233/speaker233_0010.npz,../data/LIP-RTVE/transcriptions/speaker233/speaker233_0010.txt,5,utf-8
6699,LIP-RTVE,speaker233_0011,93,../data/LIP-RTVE/WAVs/speaker233/speaker233_0011.wav,../data/LIP-RTVE/ROIs/speaker233/speaker233_0011.npz,../data/LIP-RTVE/transcriptions/speaker233/speaker233_0011.txt,5,utf-8
6700,LIP-RTVE,speaker233_0012,107,../data/LIP-RTVE/WAVs/speaker233/speaker233_0012.wav,../data/LIP-RTVE/ROIs/speaker233/speaker233_0012.npz,../data/LIP-RTVE/transcriptions/speaker233/speaker233_0012.txt,5,utf-8
6701,LIP-RTVE,speaker233_0013,240,../data/LIP-RTVE/WAVs/speaker233/speaker233_0013.wav,../data/LIP-RTVE/ROIs/speaker233/speaker233_0013.npz,../data/LIP-RTVE/transcriptions/speaker233/speaker233_0013.txt,5,utf-8
6702,LIP-RTVE,speaker233_0014,123,../data/LIP-RTVE/WAVs/speaker233/speaker233_0014.wav,../data/LIP-RTVE/ROIs/speaker233/speaker233_0014.npz,../data/LIP-RTVE/transcriptions/speaker233/speaker233_0014.txt,5,utf-8
6703,LIP-RTVE,speaker233_0016,110,../data/LIP-RTVE/WAVs/speaker233/speaker233_0016.wav,../data/LIP-RTVE/ROIs/speaker233/speaker233_0016.npz,../data/LIP-RTVE/transcriptions/speaker233/speaker233_0016.txt,5,utf-8
6704,LIP-RTVE,speaker233_0017,176,../data/LIP-RTVE/WAVs/speaker233/speaker233_0017.wav,../data/LIP-RTVE/ROIs/speaker233/speaker233_0017.npz,../data/LIP-RTVE/transcriptions/speaker233/speaker233_0017.txt,5,utf-8
6705,LIP-RTVE,speaker233_0018,247,../data/LIP-RTVE/WAVs/speaker233/speaker233_0018.wav,../data/LIP-RTVE/ROIs/speaker233/speaker233_0018.npz,../data/LIP-RTVE/transcriptions/speaker233/speaker233_0018.txt,5,utf-8
6706,LIP-RTVE,speaker233_0020,167,../data/LIP-RTVE/WAVs/speaker233/speaker233_0020.wav,../data/LIP-RTVE/ROIs/speaker233/speaker233_0020.npz,../data/LIP-RTVE/transcriptions/speaker233/speaker233_0020.txt,5,utf-8
6707,LIP-RTVE,speaker234_0001,131,../data/LIP-RTVE/WAVs/speaker234/speaker234_0001.wav,../data/LIP-RTVE/ROIs/speaker234/speaker234_0001.npz,../data/LIP-RTVE/transcriptions/speaker234/speaker234_0001.txt,5,utf-8
6708,LIP-RTVE,speaker234_0002,178,../data/LIP-RTVE/WAVs/speaker234/speaker234_0002.wav,../data/LIP-RTVE/ROIs/speaker234/speaker234_0002.npz,../data/LIP-RTVE/transcriptions/speaker234/speaker234_0002.txt,5,utf-8
6709,LIP-RTVE,speaker234_0003,147,../data/LIP-RTVE/WAVs/speaker234/speaker234_0003.wav,../data/LIP-RTVE/ROIs/speaker234/speaker234_0003.npz,../data/LIP-RTVE/transcriptions/speaker234/speaker234_0003.txt,5,utf-8
6710,LIP-RTVE,speaker234_0004,28,../data/LIP-RTVE/WAVs/speaker234/speaker234_0004.wav,../data/LIP-RTVE/ROIs/speaker234/speaker234_0004.npz,../data/LIP-RTVE/transcriptions/speaker234/speaker234_0004.txt,5,utf-8
6711,LIP-RTVE,speaker234_0006,180,../data/LIP-RTVE/WAVs/speaker234/speaker234_0006.wav,../data/LIP-RTVE/ROIs/speaker234/speaker234_0006.npz,../data/LIP-RTVE/transcriptions/speaker234/speaker234_0006.txt,5,utf-8
6712,LIP-RTVE,speaker234_0009,26,../data/LIP-RTVE/WAVs/speaker234/speaker234_0009.wav,../data/LIP-RTVE/ROIs/speaker234/speaker234_0009.npz,../data/LIP-RTVE/transcriptions/speaker234/speaker234_0009.txt,5,utf-8
6713,LIP-RTVE,speaker234_0011,43,../data/LIP-RTVE/WAVs/speaker234/speaker234_0011.wav,../data/LIP-RTVE/ROIs/speaker234/speaker234_0011.npz,../data/LIP-RTVE/transcriptions/speaker234/speaker234_0011.txt,5,utf-8
6714,LIP-RTVE,speaker234_0012,114,../data/LIP-RTVE/WAVs/speaker234/speaker234_0012.wav,../data/LIP-RTVE/ROIs/speaker234/speaker234_0012.npz,../data/LIP-RTVE/transcriptions/speaker234/speaker234_0012.txt,5,utf-8
6715,LIP-RTVE,speaker234_0013,250,../data/LIP-RTVE/WAVs/speaker234/speaker234_0013.wav,../data/LIP-RTVE/ROIs/speaker234/speaker234_0013.npz,../data/LIP-RTVE/transcriptions/speaker234/speaker234_0013.txt,5,utf-8
6716,LIP-RTVE,speaker234_0015,64,../data/LIP-RTVE/WAVs/speaker234/speaker234_0015.wav,../data/LIP-RTVE/ROIs/speaker234/speaker234_0015.npz,../data/LIP-RTVE/transcriptions/speaker234/speaker234_0015.txt,5,utf-8
6717,LIP-RTVE,speaker234_0016,163,../data/LIP-RTVE/WAVs/speaker234/speaker234_0016.wav,../data/LIP-RTVE/ROIs/speaker234/speaker234_0016.npz,../data/LIP-RTVE/transcriptions/speaker234/speaker234_0016.txt,5,utf-8
6718,LIP-RTVE,speaker234_0017,75,../data/LIP-RTVE/WAVs/speaker234/speaker234_0017.wav,../data/LIP-RTVE/ROIs/speaker234/speaker234_0017.npz,../data/LIP-RTVE/transcriptions/speaker234/speaker234_0017.txt,5,utf-8
6719,LIP-RTVE,speaker234_0018,33,../data/LIP-RTVE/WAVs/speaker234/speaker234_0018.wav,../data/LIP-RTVE/ROIs/speaker234/speaker234_0018.npz,../data/LIP-RTVE/transcriptions/speaker234/speaker234_0018.txt,5,utf-8
6720,LIP-RTVE,speaker234_0019,119,../data/LIP-RTVE/WAVs/speaker234/speaker234_0019.wav,../data/LIP-RTVE/ROIs/speaker234/speaker234_0019.npz,../data/LIP-RTVE/transcriptions/speaker234/speaker234_0019.txt,5,utf-8
6721,LIP-RTVE,speaker234_0020,27,../data/LIP-RTVE/WAVs/speaker234/speaker234_0020.wav,../data/LIP-RTVE/ROIs/speaker234/speaker234_0020.npz,../data/LIP-RTVE/transcriptions/speaker234/speaker234_0020.txt,5,utf-8
6722,LIP-RTVE,speaker234_0022,130,../data/LIP-RTVE/WAVs/speaker234/speaker234_0022.wav,../data/LIP-RTVE/ROIs/speaker234/speaker234_0022.npz,../data/LIP-RTVE/transcriptions/speaker234/speaker234_0022.txt,5,utf-8
6723,LIP-RTVE,speaker234_0024,80,../data/LIP-RTVE/WAVs/speaker234/speaker234_0024.wav,../data/LIP-RTVE/ROIs/speaker234/speaker234_0024.npz,../data/LIP-RTVE/transcriptions/speaker234/speaker234_0024.txt,5,utf-8
6724,LIP-RTVE,speaker234_0025,46,../data/LIP-RTVE/WAVs/speaker234/speaker234_0025.wav,../data/LIP-RTVE/ROIs/speaker234/speaker234_0025.npz,../data/LIP-RTVE/transcriptions/speaker234/speaker234_0025.txt,5,utf-8
6725,LIP-RTVE,speaker234_0026,77,../data/LIP-RTVE/WAVs/speaker234/speaker234_0026.wav,../data/LIP-RTVE/ROIs/speaker234/speaker234_0026.npz,../data/LIP-RTVE/transcriptions/speaker234/speaker234_0026.txt,5,utf-8
6726,LIP-RTVE,speaker234_0028,168,../data/LIP-RTVE/WAVs/speaker234/speaker234_0028.wav,../data/LIP-RTVE/ROIs/speaker234/speaker234_0028.npz,../data/LIP-RTVE/transcriptions/speaker234/speaker234_0028.txt,5,utf-8
6727,LIP-RTVE,speaker234_0029,91,../data/LIP-RTVE/WAVs/speaker234/speaker234_0029.wav,../data/LIP-RTVE/ROIs/speaker234/speaker234_0029.npz,../data/LIP-RTVE/transcriptions/speaker234/speaker234_0029.txt,5,utf-8
6728,LIP-RTVE,speaker234_0030,141,../data/LIP-RTVE/WAVs/speaker234/speaker234_0030.wav,../data/LIP-RTVE/ROIs/speaker234/speaker234_0030.npz,../data/LIP-RTVE/transcriptions/speaker234/speaker234_0030.txt,5,utf-8
6729,LIP-RTVE,speaker234_0031,41,../data/LIP-RTVE/WAVs/speaker234/speaker234_0031.wav,../data/LIP-RTVE/ROIs/speaker234/speaker234_0031.npz,../data/LIP-RTVE/transcriptions/speaker234/speaker234_0031.txt,5,utf-8
6730,LIP-RTVE,speaker234_0032,101,../data/LIP-RTVE/WAVs/speaker234/speaker234_0032.wav,../data/LIP-RTVE/ROIs/speaker234/speaker234_0032.npz,../data/LIP-RTVE/transcriptions/speaker234/speaker234_0032.txt,5,utf-8
6731,LIP-RTVE,speaker234_0033,39,../data/LIP-RTVE/WAVs/speaker234/speaker234_0033.wav,../data/LIP-RTVE/ROIs/speaker234/speaker234_0033.npz,../data/LIP-RTVE/transcriptions/speaker234/speaker234_0033.txt,5,utf-8
6732,LIP-RTVE,speaker234_0034,95,../data/LIP-RTVE/WAVs/speaker234/speaker234_0034.wav,../data/LIP-RTVE/ROIs/speaker234/speaker234_0034.npz,../data/LIP-RTVE/transcriptions/speaker234/speaker234_0034.txt,5,utf-8
6733,LIP-RTVE,speaker234_0035,160,../data/LIP-RTVE/WAVs/speaker234/speaker234_0035.wav,../data/LIP-RTVE/ROIs/speaker234/speaker234_0035.npz,../data/LIP-RTVE/transcriptions/speaker234/speaker234_0035.txt,5,utf-8
6734,LIP-RTVE,speaker234_0040,42,../data/LIP-RTVE/WAVs/speaker234/speaker234_0040.wav,../data/LIP-RTVE/ROIs/speaker234/speaker234_0040.npz,../data/LIP-RTVE/transcriptions/speaker234/speaker234_0040.txt,5,utf-8
6735,LIP-RTVE,speaker234_0041,221,../data/LIP-RTVE/WAVs/speaker234/speaker234_0041.wav,../data/LIP-RTVE/ROIs/speaker234/speaker234_0041.npz,../data/LIP-RTVE/transcriptions/speaker234/speaker234_0041.txt,5,utf-8
6736,LIP-RTVE,speaker234_0042,175,../data/LIP-RTVE/WAVs/speaker234/speaker234_0042.wav,../data/LIP-RTVE/ROIs/speaker234/speaker234_0042.npz,../data/LIP-RTVE/transcriptions/speaker234/speaker234_0042.txt,5,utf-8
6737,LIP-RTVE,speaker234_0043,118,../data/LIP-RTVE/WAVs/speaker234/speaker234_0043.wav,../data/LIP-RTVE/ROIs/speaker234/speaker234_0043.npz,../data/LIP-RTVE/transcriptions/speaker234/speaker234_0043.txt,5,utf-8
6738,LIP-RTVE,speaker234_0045,173,../data/LIP-RTVE/WAVs/speaker234/speaker234_0045.wav,../data/LIP-RTVE/ROIs/speaker234/speaker234_0045.npz,../data/LIP-RTVE/transcriptions/speaker234/speaker234_0045.txt,5,utf-8
6739,LIP-RTVE,speaker234_0047,159,../data/LIP-RTVE/WAVs/speaker234/speaker234_0047.wav,../data/LIP-RTVE/ROIs/speaker234/speaker234_0047.npz,../data/LIP-RTVE/transcriptions/speaker234/speaker234_0047.txt,5,utf-8
6740,LIP-RTVE,speaker234_0048,118,../data/LIP-RTVE/WAVs/speaker234/speaker234_0048.wav,../data/LIP-RTVE/ROIs/speaker234/speaker234_0048.npz,../data/LIP-RTVE/transcriptions/speaker234/speaker234_0048.txt,5,utf-8
6741,LIP-RTVE,speaker234_0049,37,../data/LIP-RTVE/WAVs/speaker234/speaker234_0049.wav,../data/LIP-RTVE/ROIs/speaker234/speaker234_0049.npz,../data/LIP-RTVE/transcriptions/speaker234/speaker234_0049.txt,5,utf-8
6742,LIP-RTVE,speaker234_0050,63,../data/LIP-RTVE/WAVs/speaker234/speaker234_0050.wav,../data/LIP-RTVE/ROIs/speaker234/speaker234_0050.npz,../data/LIP-RTVE/transcriptions/speaker234/speaker234_0050.txt,5,utf-8
6743,LIP-RTVE,speaker235_0000,26,../data/LIP-RTVE/WAVs/speaker235/speaker235_0000.wav,../data/LIP-RTVE/ROIs/speaker235/speaker235_0000.npz,../data/LIP-RTVE/transcriptions/speaker235/speaker235_0000.txt,5,utf-8
6744,LIP-RTVE,speaker235_0001,60,../data/LIP-RTVE/WAVs/speaker235/speaker235_0001.wav,../data/LIP-RTVE/ROIs/speaker235/speaker235_0001.npz,../data/LIP-RTVE/transcriptions/speaker235/speaker235_0001.txt,5,utf-8
6745,LIP-RTVE,speaker235_0002,64,../data/LIP-RTVE/WAVs/speaker235/speaker235_0002.wav,../data/LIP-RTVE/ROIs/speaker235/speaker235_0002.npz,../data/LIP-RTVE/transcriptions/speaker235/speaker235_0002.txt,5,utf-8
6746,LIP-RTVE,speaker236_0000,127,../data/LIP-RTVE/WAVs/speaker236/speaker236_0000.wav,../data/LIP-RTVE/ROIs/speaker236/speaker236_0000.npz,../data/LIP-RTVE/transcriptions/speaker236/speaker236_0000.txt,5,utf-8
6747,LIP-RTVE,speaker237_0000,90,../data/LIP-RTVE/WAVs/speaker237/speaker237_0000.wav,../data/LIP-RTVE/ROIs/speaker237/speaker237_0000.npz,../data/LIP-RTVE/transcriptions/speaker237/speaker237_0000.txt,5,utf-8
6748,LIP-RTVE,speaker237_0001,35,../data/LIP-RTVE/WAVs/speaker237/speaker237_0001.wav,../data/LIP-RTVE/ROIs/speaker237/speaker237_0001.npz,../data/LIP-RTVE/transcriptions/speaker237/speaker237_0001.txt,5,utf-8
6749,LIP-RTVE,speaker237_0003,36,../data/LIP-RTVE/WAVs/speaker237/speaker237_0003.wav,../data/LIP-RTVE/ROIs/speaker237/speaker237_0003.npz,../data/LIP-RTVE/transcriptions/speaker237/speaker237_0003.txt,5,utf-8
6750,LIP-RTVE,speaker237_0004,42,../data/LIP-RTVE/WAVs/speaker237/speaker237_0004.wav,../data/LIP-RTVE/ROIs/speaker237/speaker237_0004.npz,../data/LIP-RTVE/transcriptions/speaker237/speaker237_0004.txt,5,utf-8
6751,LIP-RTVE,speaker237_0005,49,../data/LIP-RTVE/WAVs/speaker237/speaker237_0005.wav,../data/LIP-RTVE/ROIs/speaker237/speaker237_0005.npz,../data/LIP-RTVE/transcriptions/speaker237/speaker237_0005.txt,5,utf-8
6752,LIP-RTVE,speaker239_0000,27,../data/LIP-RTVE/WAVs/speaker239/speaker239_0000.wav,../data/LIP-RTVE/ROIs/speaker239/speaker239_0000.npz,../data/LIP-RTVE/transcriptions/speaker239/speaker239_0000.txt,5,utf-8
6753,LIP-RTVE,speaker239_0001,111,../data/LIP-RTVE/WAVs/speaker239/speaker239_0001.wav,../data/LIP-RTVE/ROIs/speaker239/speaker239_0001.npz,../data/LIP-RTVE/transcriptions/speaker239/speaker239_0001.txt,5,utf-8
6754,LIP-RTVE,speaker239_0002,81,../data/LIP-RTVE/WAVs/speaker239/speaker239_0002.wav,../data/LIP-RTVE/ROIs/speaker239/speaker239_0002.npz,../data/LIP-RTVE/transcriptions/speaker239/speaker239_0002.txt,5,utf-8
6755,LIP-RTVE,speaker239_0003,35,../data/LIP-RTVE/WAVs/speaker239/speaker239_0003.wav,../data/LIP-RTVE/ROIs/speaker239/speaker239_0003.npz,../data/LIP-RTVE/transcriptions/speaker239/speaker239_0003.txt,5,utf-8
6756,LIP-RTVE,speaker239_0005,34,../data/LIP-RTVE/WAVs/speaker239/speaker239_0005.wav,../data/LIP-RTVE/ROIs/speaker239/speaker239_0005.npz,../data/LIP-RTVE/transcriptions/speaker239/speaker239_0005.txt,5,utf-8
6757,LIP-RTVE,speaker240_0001,154,../data/LIP-RTVE/WAVs/speaker240/speaker240_0001.wav,../data/LIP-RTVE/ROIs/speaker240/speaker240_0001.npz,../data/LIP-RTVE/transcriptions/speaker240/speaker240_0001.txt,5,utf-8
6758,LIP-RTVE,speaker240_0003,91,../data/LIP-RTVE/WAVs/speaker240/speaker240_0003.wav,../data/LIP-RTVE/ROIs/speaker240/speaker240_0003.npz,../data/LIP-RTVE/transcriptions/speaker240/speaker240_0003.txt,5,utf-8
6759,LIP-RTVE,speaker240_0004,33,../data/LIP-RTVE/WAVs/speaker240/speaker240_0004.wav,../data/LIP-RTVE/ROIs/speaker240/speaker240_0004.npz,../data/LIP-RTVE/transcriptions/speaker240/speaker240_0004.txt,5,utf-8
6760,LIP-RTVE,speaker240_0005,61,../data/LIP-RTVE/WAVs/speaker240/speaker240_0005.wav,../data/LIP-RTVE/ROIs/speaker240/speaker240_0005.npz,../data/LIP-RTVE/transcriptions/speaker240/speaker240_0005.txt,5,utf-8
6761,LIP-RTVE,speaker240_0006,34,../data/LIP-RTVE/WAVs/speaker240/speaker240_0006.wav,../data/LIP-RTVE/ROIs/speaker240/speaker240_0006.npz,../data/LIP-RTVE/transcriptions/speaker240/speaker240_0006.txt,5,utf-8
6762,LIP-RTVE,speaker241_0000,27,../data/LIP-RTVE/WAVs/speaker241/speaker241_0000.wav,../data/LIP-RTVE/ROIs/speaker241/speaker241_0000.npz,../data/LIP-RTVE/transcriptions/speaker241/speaker241_0000.txt,5,utf-8
6763,LIP-RTVE,speaker241_0001,80,../data/LIP-RTVE/WAVs/speaker241/speaker241_0001.wav,../data/LIP-RTVE/ROIs/speaker241/speaker241_0001.npz,../data/LIP-RTVE/transcriptions/speaker241/speaker241_0001.txt,5,utf-8
6764,LIP-RTVE,speaker241_0002,58,../data/LIP-RTVE/WAVs/speaker241/speaker241_0002.wav,../data/LIP-RTVE/ROIs/speaker241/speaker241_0002.npz,../data/LIP-RTVE/transcriptions/speaker241/speaker241_0002.txt,5,utf-8
6765,LIP-RTVE,speaker241_0003,34,../data/LIP-RTVE/WAVs/speaker241/speaker241_0003.wav,../data/LIP-RTVE/ROIs/speaker241/speaker241_0003.npz,../data/LIP-RTVE/transcriptions/speaker241/speaker241_0003.txt,5,utf-8
6766,LIP-RTVE,speaker242_0000,58,../data/LIP-RTVE/WAVs/speaker242/speaker242_0000.wav,../data/LIP-RTVE/ROIs/speaker242/speaker242_0000.npz,../data/LIP-RTVE/transcriptions/speaker242/speaker242_0000.txt,5,utf-8
6767,LIP-RTVE,speaker242_0001,91,../data/LIP-RTVE/WAVs/speaker242/speaker242_0001.wav,../data/LIP-RTVE/ROIs/speaker242/speaker242_0001.npz,../data/LIP-RTVE/transcriptions/speaker242/speaker242_0001.txt,5,utf-8
6768,LIP-RTVE,speaker242_0003,44,../data/LIP-RTVE/WAVs/speaker242/speaker242_0003.wav,../data/LIP-RTVE/ROIs/speaker242/speaker242_0003.npz,../data/LIP-RTVE/transcriptions/speaker242/speaker242_0003.txt,5,utf-8
6769,LIP-RTVE,speaker243_0000,142,../data/LIP-RTVE/WAVs/speaker243/speaker243_0000.wav,../data/LIP-RTVE/ROIs/speaker243/speaker243_0000.npz,../data/LIP-RTVE/transcriptions/speaker243/speaker243_0000.txt,5,utf-8
6770,LIP-RTVE,speaker243_0001,60,../data/LIP-RTVE/WAVs/speaker243/speaker243_0001.wav,../data/LIP-RTVE/ROIs/speaker243/speaker243_0001.npz,../data/LIP-RTVE/transcriptions/speaker243/speaker243_0001.txt,5,utf-8
6771,LIP-RTVE,speaker243_0003,142,../data/LIP-RTVE/WAVs/speaker243/speaker243_0003.wav,../data/LIP-RTVE/ROIs/speaker243/speaker243_0003.npz,../data/LIP-RTVE/transcriptions/speaker243/speaker243_0003.txt,5,utf-8
6772,LIP-RTVE,speaker243_0004,94,../data/LIP-RTVE/WAVs/speaker243/speaker243_0004.wav,../data/LIP-RTVE/ROIs/speaker243/speaker243_0004.npz,../data/LIP-RTVE/transcriptions/speaker243/speaker243_0004.txt,5,utf-8
6773,LIP-RTVE,speaker243_0005,201,../data/LIP-RTVE/WAVs/speaker243/speaker243_0005.wav,../data/LIP-RTVE/ROIs/speaker243/speaker243_0005.npz,../data/LIP-RTVE/transcriptions/speaker243/speaker243_0005.txt,5,utf-8
6774,LIP-RTVE,speaker243_0006,109,../data/LIP-RTVE/WAVs/speaker243/speaker243_0006.wav,../data/LIP-RTVE/ROIs/speaker243/speaker243_0006.npz,../data/LIP-RTVE/transcriptions/speaker243/speaker243_0006.txt,5,utf-8
6775,LIP-RTVE,speaker244_0000,71,../data/LIP-RTVE/WAVs/speaker244/speaker244_0000.wav,../data/LIP-RTVE/ROIs/speaker244/speaker244_0000.npz,../data/LIP-RTVE/transcriptions/speaker244/speaker244_0000.txt,5,utf-8
6776,LIP-RTVE,speaker245_0000,26,../data/LIP-RTVE/WAVs/speaker245/speaker245_0000.wav,../data/LIP-RTVE/ROIs/speaker245/speaker245_0000.npz,../data/LIP-RTVE/transcriptions/speaker245/speaker245_0000.txt,5,utf-8
6777,LIP-RTVE,speaker245_0001,67,../data/LIP-RTVE/WAVs/speaker245/speaker245_0001.wav,../data/LIP-RTVE/ROIs/speaker245/speaker245_0001.npz,../data/LIP-RTVE/transcriptions/speaker245/speaker245_0001.txt,5,utf-8
6778,LIP-RTVE,speaker246_0000,71,../data/LIP-RTVE/WAVs/speaker246/speaker246_0000.wav,../data/LIP-RTVE/ROIs/speaker246/speaker246_0000.npz,../data/LIP-RTVE/transcriptions/speaker246/speaker246_0000.txt,5,utf-8
6779,LIP-RTVE,speaker246_0001,138,../data/LIP-RTVE/WAVs/speaker246/speaker246_0001.wav,../data/LIP-RTVE/ROIs/speaker246/speaker246_0001.npz,../data/LIP-RTVE/transcriptions/speaker246/speaker246_0001.txt,5,utf-8
6780,LIP-RTVE,speaker247_0001,60,../data/LIP-RTVE/WAVs/speaker247/speaker247_0001.wav,../data/LIP-RTVE/ROIs/speaker247/speaker247_0001.npz,../data/LIP-RTVE/transcriptions/speaker247/speaker247_0001.txt,5,utf-8
6781,LIP-RTVE,speaker247_0002,125,../data/LIP-RTVE/WAVs/speaker247/speaker247_0002.wav,../data/LIP-RTVE/ROIs/speaker247/speaker247_0002.npz,../data/LIP-RTVE/transcriptions/speaker247/speaker247_0002.txt,5,utf-8
6782,LIP-RTVE,speaker247_0003,67,../data/LIP-RTVE/WAVs/speaker247/speaker247_0003.wav,../data/LIP-RTVE/ROIs/speaker247/speaker247_0003.npz,../data/LIP-RTVE/transcriptions/speaker247/speaker247_0003.txt,5,utf-8
6783,LIP-RTVE,speaker247_0004,95,../data/LIP-RTVE/WAVs/speaker247/speaker247_0004.wav,../data/LIP-RTVE/ROIs/speaker247/speaker247_0004.npz,../data/LIP-RTVE/transcriptions/speaker247/speaker247_0004.txt,5,utf-8
6784,LIP-RTVE,speaker247_0006,114,../data/LIP-RTVE/WAVs/speaker247/speaker247_0006.wav,../data/LIP-RTVE/ROIs/speaker247/speaker247_0006.npz,../data/LIP-RTVE/transcriptions/speaker247/speaker247_0006.txt,5,utf-8
6785,LIP-RTVE,speaker247_0011,39,../data/LIP-RTVE/WAVs/speaker247/speaker247_0011.wav,../data/LIP-RTVE/ROIs/speaker247/speaker247_0011.npz,../data/LIP-RTVE/transcriptions/speaker247/speaker247_0011.txt,5,utf-8
6786,LIP-RTVE,speaker248_0000,100,../data/LIP-RTVE/WAVs/speaker248/speaker248_0000.wav,../data/LIP-RTVE/ROIs/speaker248/speaker248_0000.npz,../data/LIP-RTVE/transcriptions/speaker248/speaker248_0000.txt,5,utf-8
6787,LIP-RTVE,speaker248_0001,69,../data/LIP-RTVE/WAVs/speaker248/speaker248_0001.wav,../data/LIP-RTVE/ROIs/speaker248/speaker248_0001.npz,../data/LIP-RTVE/transcriptions/speaker248/speaker248_0001.txt,5,utf-8
6788,LIP-RTVE,speaker248_0003,198,../data/LIP-RTVE/WAVs/speaker248/speaker248_0003.wav,../data/LIP-RTVE/ROIs/speaker248/speaker248_0003.npz,../data/LIP-RTVE/transcriptions/speaker248/speaker248_0003.txt,5,utf-8
6789,LIP-RTVE,speaker248_0004,36,../data/LIP-RTVE/WAVs/speaker248/speaker248_0004.wav,../data/LIP-RTVE/ROIs/speaker248/speaker248_0004.npz,../data/LIP-RTVE/transcriptions/speaker248/speaker248_0004.txt,5,utf-8
6790,LIP-RTVE,speaker248_0005,148,../data/LIP-RTVE/WAVs/speaker248/speaker248_0005.wav,../data/LIP-RTVE/ROIs/speaker248/speaker248_0005.npz,../data/LIP-RTVE/transcriptions/speaker248/speaker248_0005.txt,5,utf-8
6791,LIP-RTVE,speaker248_0006,88,../data/LIP-RTVE/WAVs/speaker248/speaker248_0006.wav,../data/LIP-RTVE/ROIs/speaker248/speaker248_0006.npz,../data/LIP-RTVE/transcriptions/speaker248/speaker248_0006.txt,5,utf-8
6792,LIP-RTVE,speaker248_0010,27,../data/LIP-RTVE/WAVs/speaker248/speaker248_0010.wav,../data/LIP-RTVE/ROIs/speaker248/speaker248_0010.npz,../data/LIP-RTVE/transcriptions/speaker248/speaker248_0010.txt,5,utf-8
6793,LIP-RTVE,speaker248_0011,60,../data/LIP-RTVE/WAVs/speaker248/speaker248_0011.wav,../data/LIP-RTVE/ROIs/speaker248/speaker248_0011.npz,../data/LIP-RTVE/transcriptions/speaker248/speaker248_0011.txt,5,utf-8
6794,LIP-RTVE,speaker248_0012,25,../data/LIP-RTVE/WAVs/speaker248/speaker248_0012.wav,../data/LIP-RTVE/ROIs/speaker248/speaker248_0012.npz,../data/LIP-RTVE/transcriptions/speaker248/speaker248_0012.txt,5,utf-8
6795,LIP-RTVE,speaker248_0014,198,../data/LIP-RTVE/WAVs/speaker248/speaker248_0014.wav,../data/LIP-RTVE/ROIs/speaker248/speaker248_0014.npz,../data/LIP-RTVE/transcriptions/speaker248/speaker248_0014.txt,5,utf-8
6796,LIP-RTVE,speaker248_0015,101,../data/LIP-RTVE/WAVs/speaker248/speaker248_0015.wav,../data/LIP-RTVE/ROIs/speaker248/speaker248_0015.npz,../data/LIP-RTVE/transcriptions/speaker248/speaker248_0015.txt,5,utf-8
6797,LIP-RTVE,speaker248_0016,134,../data/LIP-RTVE/WAVs/speaker248/speaker248_0016.wav,../data/LIP-RTVE/ROIs/speaker248/speaker248_0016.npz,../data/LIP-RTVE/transcriptions/speaker248/speaker248_0016.txt,5,utf-8
6798,LIP-RTVE,speaker248_0017,223,../data/LIP-RTVE/WAVs/speaker248/speaker248_0017.wav,../data/LIP-RTVE/ROIs/speaker248/speaker248_0017.npz,../data/LIP-RTVE/transcriptions/speaker248/speaker248_0017.txt,5,utf-8
6799,LIP-RTVE,speaker248_0018,138,../data/LIP-RTVE/WAVs/speaker248/speaker248_0018.wav,../data/LIP-RTVE/ROIs/speaker248/speaker248_0018.npz,../data/LIP-RTVE/transcriptions/speaker248/speaker248_0018.txt,5,utf-8
6800,LIP-RTVE,speaker248_0020,123,../data/LIP-RTVE/WAVs/speaker248/speaker248_0020.wav,../data/LIP-RTVE/ROIs/speaker248/speaker248_0020.npz,../data/LIP-RTVE/transcriptions/speaker248/speaker248_0020.txt,5,utf-8
6801,LIP-RTVE,speaker248_0021,185,../data/LIP-RTVE/WAVs/speaker248/speaker248_0021.wav,../data/LIP-RTVE/ROIs/speaker248/speaker248_0021.npz,../data/LIP-RTVE/transcriptions/speaker248/speaker248_0021.txt,5,utf-8
6802,LIP-RTVE,speaker249_0000,69,../data/LIP-RTVE/WAVs/speaker249/speaker249_0000.wav,../data/LIP-RTVE/ROIs/speaker249/speaker249_0000.npz,../data/LIP-RTVE/transcriptions/speaker249/speaker249_0000.txt,5,utf-8
6803,LIP-RTVE,speaker250_0000,26,../data/LIP-RTVE/WAVs/speaker250/speaker250_0000.wav,../data/LIP-RTVE/ROIs/speaker250/speaker250_0000.npz,../data/LIP-RTVE/transcriptions/speaker250/speaker250_0000.txt,5,utf-8
6804,LIP-RTVE,speaker250_0001,47,../data/LIP-RTVE/WAVs/speaker250/speaker250_0001.wav,../data/LIP-RTVE/ROIs/speaker250/speaker250_0001.npz,../data/LIP-RTVE/transcriptions/speaker250/speaker250_0001.txt,5,utf-8
6805,LIP-RTVE,speaker250_0002,69,../data/LIP-RTVE/WAVs/speaker250/speaker250_0002.wav,../data/LIP-RTVE/ROIs/speaker250/speaker250_0002.npz,../data/LIP-RTVE/transcriptions/speaker250/speaker250_0002.txt,5,utf-8
6806,LIP-RTVE,speaker251_0002,26,../data/LIP-RTVE/WAVs/speaker251/speaker251_0002.wav,../data/LIP-RTVE/ROIs/speaker251/speaker251_0002.npz,../data/LIP-RTVE/transcriptions/speaker251/speaker251_0002.txt,5,utf-8
6807,LIP-RTVE,speaker251_0003,117,../data/LIP-RTVE/WAVs/speaker251/speaker251_0003.wav,../data/LIP-RTVE/ROIs/speaker251/speaker251_0003.npz,../data/LIP-RTVE/transcriptions/speaker251/speaker251_0003.txt,5,utf-8
6808,LIP-RTVE,speaker251_0004,183,../data/LIP-RTVE/WAVs/speaker251/speaker251_0004.wav,../data/LIP-RTVE/ROIs/speaker251/speaker251_0004.npz,../data/LIP-RTVE/transcriptions/speaker251/speaker251_0004.txt,5,utf-8
6809,LIP-RTVE,speaker251_0005,82,../data/LIP-RTVE/WAVs/speaker251/speaker251_0005.wav,../data/LIP-RTVE/ROIs/speaker251/speaker251_0005.npz,../data/LIP-RTVE/transcriptions/speaker251/speaker251_0005.txt,5,utf-8
6810,LIP-RTVE,speaker251_0006,153,../data/LIP-RTVE/WAVs/speaker251/speaker251_0006.wav,../data/LIP-RTVE/ROIs/speaker251/speaker251_0006.npz,../data/LIP-RTVE/transcriptions/speaker251/speaker251_0006.txt,5,utf-8
6811,LIP-RTVE,speaker251_0007,29,../data/LIP-RTVE/WAVs/speaker251/speaker251_0007.wav,../data/LIP-RTVE/ROIs/speaker251/speaker251_0007.npz,../data/LIP-RTVE/transcriptions/speaker251/speaker251_0007.txt,5,utf-8
6812,LIP-RTVE,speaker251_0008,70,../data/LIP-RTVE/WAVs/speaker251/speaker251_0008.wav,../data/LIP-RTVE/ROIs/speaker251/speaker251_0008.npz,../data/LIP-RTVE/transcriptions/speaker251/speaker251_0008.txt,5,utf-8
6813,LIP-RTVE,speaker251_0009,43,../data/LIP-RTVE/WAVs/speaker251/speaker251_0009.wav,../data/LIP-RTVE/ROIs/speaker251/speaker251_0009.npz,../data/LIP-RTVE/transcriptions/speaker251/speaker251_0009.txt,5,utf-8
6814,LIP-RTVE,speaker251_0010,40,../data/LIP-RTVE/WAVs/speaker251/speaker251_0010.wav,../data/LIP-RTVE/ROIs/speaker251/speaker251_0010.npz,../data/LIP-RTVE/transcriptions/speaker251/speaker251_0010.txt,5,utf-8
6815,LIP-RTVE,speaker251_0011,27,../data/LIP-RTVE/WAVs/speaker251/speaker251_0011.wav,../data/LIP-RTVE/ROIs/speaker251/speaker251_0011.npz,../data/LIP-RTVE/transcriptions/speaker251/speaker251_0011.txt,5,utf-8
6816,LIP-RTVE,speaker252_0000,106,../data/LIP-RTVE/WAVs/speaker252/speaker252_0000.wav,../data/LIP-RTVE/ROIs/speaker252/speaker252_0000.npz,../data/LIP-RTVE/transcriptions/speaker252/speaker252_0000.txt,5,utf-8
6817,LIP-RTVE,speaker252_0001,86,../data/LIP-RTVE/WAVs/speaker252/speaker252_0001.wav,../data/LIP-RTVE/ROIs/speaker252/speaker252_0001.npz,../data/LIP-RTVE/transcriptions/speaker252/speaker252_0001.txt,5,utf-8
6818,LIP-RTVE,speaker252_0002,182,../data/LIP-RTVE/WAVs/speaker252/speaker252_0002.wav,../data/LIP-RTVE/ROIs/speaker252/speaker252_0002.npz,../data/LIP-RTVE/transcriptions/speaker252/speaker252_0002.txt,5,utf-8
6819,LIP-RTVE,speaker252_0004,171,../data/LIP-RTVE/WAVs/speaker252/speaker252_0004.wav,../data/LIP-RTVE/ROIs/speaker252/speaker252_0004.npz,../data/LIP-RTVE/transcriptions/speaker252/speaker252_0004.txt,5,utf-8
6820,LIP-RTVE,speaker252_0005,78,../data/LIP-RTVE/WAVs/speaker252/speaker252_0005.wav,../data/LIP-RTVE/ROIs/speaker252/speaker252_0005.npz,../data/LIP-RTVE/transcriptions/speaker252/speaker252_0005.txt,5,utf-8
6821,LIP-RTVE,speaker252_0006,213,../data/LIP-RTVE/WAVs/speaker252/speaker252_0006.wav,../data/LIP-RTVE/ROIs/speaker252/speaker252_0006.npz,../data/LIP-RTVE/transcriptions/speaker252/speaker252_0006.txt,5,utf-8
6822,LIP-RTVE,speaker252_0007,135,../data/LIP-RTVE/WAVs/speaker252/speaker252_0007.wav,../data/LIP-RTVE/ROIs/speaker252/speaker252_0007.npz,../data/LIP-RTVE/transcriptions/speaker252/speaker252_0007.txt,5,utf-8
6823,LIP-RTVE,speaker252_0010,83,../data/LIP-RTVE/WAVs/speaker252/speaker252_0010.wav,../data/LIP-RTVE/ROIs/speaker252/speaker252_0010.npz,../data/LIP-RTVE/transcriptions/speaker252/speaker252_0010.txt,5,utf-8
6824,LIP-RTVE,speaker252_0011,201,../data/LIP-RTVE/WAVs/speaker252/speaker252_0011.wav,../data/LIP-RTVE/ROIs/speaker252/speaker252_0011.npz,../data/LIP-RTVE/transcriptions/speaker252/speaker252_0011.txt,5,utf-8
6825,LIP-RTVE,speaker252_0012,63,../data/LIP-RTVE/WAVs/speaker252/speaker252_0012.wav,../data/LIP-RTVE/ROIs/speaker252/speaker252_0012.npz,../data/LIP-RTVE/transcriptions/speaker252/speaker252_0012.txt,5,utf-8
6826,LIP-RTVE,speaker252_0015,31,../data/LIP-RTVE/WAVs/speaker252/speaker252_0015.wav,../data/LIP-RTVE/ROIs/speaker252/speaker252_0015.npz,../data/LIP-RTVE/transcriptions/speaker252/speaker252_0015.txt,5,utf-8
6827,LIP-RTVE,speaker252_0016,111,../data/LIP-RTVE/WAVs/speaker252/speaker252_0016.wav,../data/LIP-RTVE/ROIs/speaker252/speaker252_0016.npz,../data/LIP-RTVE/transcriptions/speaker252/speaker252_0016.txt,5,utf-8
6828,LIP-RTVE,speaker252_0017,34,../data/LIP-RTVE/WAVs/speaker252/speaker252_0017.wav,../data/LIP-RTVE/ROIs/speaker252/speaker252_0017.npz,../data/LIP-RTVE/transcriptions/speaker252/speaker252_0017.txt,5,utf-8
6829,LIP-RTVE,speaker252_0018,153,../data/LIP-RTVE/WAVs/speaker252/speaker252_0018.wav,../data/LIP-RTVE/ROIs/speaker252/speaker252_0018.npz,../data/LIP-RTVE/transcriptions/speaker252/speaker252_0018.txt,5,utf-8
6830,LIP-RTVE,speaker252_0020,180,../data/LIP-RTVE/WAVs/speaker252/speaker252_0020.wav,../data/LIP-RTVE/ROIs/speaker252/speaker252_0020.npz,../data/LIP-RTVE/transcriptions/speaker252/speaker252_0020.txt,5,utf-8
6831,LIP-RTVE,speaker252_0021,115,../data/LIP-RTVE/WAVs/speaker252/speaker252_0021.wav,../data/LIP-RTVE/ROIs/speaker252/speaker252_0021.npz,../data/LIP-RTVE/transcriptions/speaker252/speaker252_0021.txt,5,utf-8
6832,LIP-RTVE,speaker252_0024,197,../data/LIP-RTVE/WAVs/speaker252/speaker252_0024.wav,../data/LIP-RTVE/ROIs/speaker252/speaker252_0024.npz,../data/LIP-RTVE/transcriptions/speaker252/speaker252_0024.txt,5,utf-8
6833,LIP-RTVE,speaker252_0025,86,../data/LIP-RTVE/WAVs/speaker252/speaker252_0025.wav,../data/LIP-RTVE/ROIs/speaker252/speaker252_0025.npz,../data/LIP-RTVE/transcriptions/speaker252/speaker252_0025.txt,5,utf-8
6834,LIP-RTVE,speaker252_0026,250,../data/LIP-RTVE/WAVs/speaker252/speaker252_0026.wav,../data/LIP-RTVE/ROIs/speaker252/speaker252_0026.npz,../data/LIP-RTVE/transcriptions/speaker252/speaker252_0026.txt,5,utf-8
6835,LIP-RTVE,speaker252_0027,147,../data/LIP-RTVE/WAVs/speaker252/speaker252_0027.wav,../data/LIP-RTVE/ROIs/speaker252/speaker252_0027.npz,../data/LIP-RTVE/transcriptions/speaker252/speaker252_0027.txt,5,utf-8
6836,LIP-RTVE,speaker252_0029,261,../data/LIP-RTVE/WAVs/speaker252/speaker252_0029.wav,../data/LIP-RTVE/ROIs/speaker252/speaker252_0029.npz,../data/LIP-RTVE/transcriptions/speaker252/speaker252_0029.txt,5,utf-8
6837,LIP-RTVE,speaker252_0030,84,../data/LIP-RTVE/WAVs/speaker252/speaker252_0030.wav,../data/LIP-RTVE/ROIs/speaker252/speaker252_0030.npz,../data/LIP-RTVE/transcriptions/speaker252/speaker252_0030.txt,5,utf-8
6838,LIP-RTVE,speaker254_0000,71,../data/LIP-RTVE/WAVs/speaker254/speaker254_0000.wav,../data/LIP-RTVE/ROIs/speaker254/speaker254_0000.npz,../data/LIP-RTVE/transcriptions/speaker254/speaker254_0000.txt,5,utf-8
6839,LIP-RTVE,speaker254_0002,114,../data/LIP-RTVE/WAVs/speaker254/speaker254_0002.wav,../data/LIP-RTVE/ROIs/speaker254/speaker254_0002.npz,../data/LIP-RTVE/transcriptions/speaker254/speaker254_0002.txt,5,utf-8
6840,LIP-RTVE,speaker254_0003,192,../data/LIP-RTVE/WAVs/speaker254/speaker254_0003.wav,../data/LIP-RTVE/ROIs/speaker254/speaker254_0003.npz,../data/LIP-RTVE/transcriptions/speaker254/speaker254_0003.txt,5,utf-8
6841,LIP-RTVE,speaker254_0004,78,../data/LIP-RTVE/WAVs/speaker254/speaker254_0004.wav,../data/LIP-RTVE/ROIs/speaker254/speaker254_0004.npz,../data/LIP-RTVE/transcriptions/speaker254/speaker254_0004.txt,5,utf-8
6842,LIP-RTVE,speaker254_0005,29,../data/LIP-RTVE/WAVs/speaker254/speaker254_0005.wav,../data/LIP-RTVE/ROIs/speaker254/speaker254_0005.npz,../data/LIP-RTVE/transcriptions/speaker254/speaker254_0005.txt,5,utf-8
6843,LIP-RTVE,speaker255_0000,157,../data/LIP-RTVE/WAVs/speaker255/speaker255_0000.wav,../data/LIP-RTVE/ROIs/speaker255/speaker255_0000.npz,../data/LIP-RTVE/transcriptions/speaker255/speaker255_0000.txt,5,utf-8
6844,LIP-RTVE,speaker255_0001,86,../data/LIP-RTVE/WAVs/speaker255/speaker255_0001.wav,../data/LIP-RTVE/ROIs/speaker255/speaker255_0001.npz,../data/LIP-RTVE/transcriptions/speaker255/speaker255_0001.txt,5,utf-8
6845,LIP-RTVE,speaker255_0002,120,../data/LIP-RTVE/WAVs/speaker255/speaker255_0002.wav,../data/LIP-RTVE/ROIs/speaker255/speaker255_0002.npz,../data/LIP-RTVE/transcriptions/speaker255/speaker255_0002.txt,5,utf-8
6846,LIP-RTVE,speaker256_0000,129,../data/LIP-RTVE/WAVs/speaker256/speaker256_0000.wav,../data/LIP-RTVE/ROIs/speaker256/speaker256_0000.npz,../data/LIP-RTVE/transcriptions/speaker256/speaker256_0000.txt,5,utf-8
6847,LIP-RTVE,speaker256_0001,30,../data/LIP-RTVE/WAVs/speaker256/speaker256_0001.wav,../data/LIP-RTVE/ROIs/speaker256/speaker256_0001.npz,../data/LIP-RTVE/transcriptions/speaker256/speaker256_0001.txt,5,utf-8
6848,LIP-RTVE,speaker256_0003,66,../data/LIP-RTVE/WAVs/speaker256/speaker256_0003.wav,../data/LIP-RTVE/ROIs/speaker256/speaker256_0003.npz,../data/LIP-RTVE/transcriptions/speaker256/speaker256_0003.txt,5,utf-8
6849,LIP-RTVE,speaker257_0000,27,../data/LIP-RTVE/WAVs/speaker257/speaker257_0000.wav,../data/LIP-RTVE/ROIs/speaker257/speaker257_0000.npz,../data/LIP-RTVE/transcriptions/speaker257/speaker257_0000.txt,5,utf-8
6850,LIP-RTVE,speaker257_0001,116,../data/LIP-RTVE/WAVs/speaker257/speaker257_0001.wav,../data/LIP-RTVE/ROIs/speaker257/speaker257_0001.npz,../data/LIP-RTVE/transcriptions/speaker257/speaker257_0001.txt,5,utf-8
6851,LIP-RTVE,speaker257_0002,90,../data/LIP-RTVE/WAVs/speaker257/speaker257_0002.wav,../data/LIP-RTVE/ROIs/speaker257/speaker257_0002.npz,../data/LIP-RTVE/transcriptions/speaker257/speaker257_0002.txt,5,utf-8
6852,LIP-RTVE,speaker257_0003,229,../data/LIP-RTVE/WAVs/speaker257/speaker257_0003.wav,../data/LIP-RTVE/ROIs/speaker257/speaker257_0003.npz,../data/LIP-RTVE/transcriptions/speaker257/speaker257_0003.txt,5,utf-8
6853,LIP-RTVE,speaker257_0006,228,../data/LIP-RTVE/WAVs/speaker257/speaker257_0006.wav,../data/LIP-RTVE/ROIs/speaker257/speaker257_0006.npz,../data/LIP-RTVE/transcriptions/speaker257/speaker257_0006.txt,5,utf-8
6854,LIP-RTVE,speaker257_0008,62,../data/LIP-RTVE/WAVs/speaker257/speaker257_0008.wav,../data/LIP-RTVE/ROIs/speaker257/speaker257_0008.npz,../data/LIP-RTVE/transcriptions/speaker257/speaker257_0008.txt,5,utf-8
6855,LIP-RTVE,speaker257_0009,185,../data/LIP-RTVE/WAVs/speaker257/speaker257_0009.wav,../data/LIP-RTVE/ROIs/speaker257/speaker257_0009.npz,../data/LIP-RTVE/transcriptions/speaker257/speaker257_0009.txt,5,utf-8
6856,LIP-RTVE,speaker257_0010,124,../data/LIP-RTVE/WAVs/speaker257/speaker257_0010.wav,../data/LIP-RTVE/ROIs/speaker257/speaker257_0010.npz,../data/LIP-RTVE/transcriptions/speaker257/speaker257_0010.txt,5,utf-8
6857,LIP-RTVE,speaker258_0000,114,../data/LIP-RTVE/WAVs/speaker258/speaker258_0000.wav,../data/LIP-RTVE/ROIs/speaker258/speaker258_0000.npz,../data/LIP-RTVE/transcriptions/speaker258/speaker258_0000.txt,5,utf-8
6858,LIP-RTVE,speaker258_0002,97,../data/LIP-RTVE/WAVs/speaker258/speaker258_0002.wav,../data/LIP-RTVE/ROIs/speaker258/speaker258_0002.npz,../data/LIP-RTVE/transcriptions/speaker258/speaker258_0002.txt,5,utf-8
6859,LIP-RTVE,speaker258_0003,159,../data/LIP-RTVE/WAVs/speaker258/speaker258_0003.wav,../data/LIP-RTVE/ROIs/speaker258/speaker258_0003.npz,../data/LIP-RTVE/transcriptions/speaker258/speaker258_0003.txt,5,utf-8
6860,LIP-RTVE,speaker258_0004,65,../data/LIP-RTVE/WAVs/speaker258/speaker258_0004.wav,../data/LIP-RTVE/ROIs/speaker258/speaker258_0004.npz,../data/LIP-RTVE/transcriptions/speaker258/speaker258_0004.txt,5,utf-8
6861,LIP-RTVE,speaker258_0005,208,../data/LIP-RTVE/WAVs/speaker258/speaker258_0005.wav,../data/LIP-RTVE/ROIs/speaker258/speaker258_0005.npz,../data/LIP-RTVE/transcriptions/speaker258/speaker258_0005.txt,5,utf-8
6862,LIP-RTVE,speaker258_0007,195,../data/LIP-RTVE/WAVs/speaker258/speaker258_0007.wav,../data/LIP-RTVE/ROIs/speaker258/speaker258_0007.npz,../data/LIP-RTVE/transcriptions/speaker258/speaker258_0007.txt,5,utf-8
6863,LIP-RTVE,speaker258_0009,76,../data/LIP-RTVE/WAVs/speaker258/speaker258_0009.wav,../data/LIP-RTVE/ROIs/speaker258/speaker258_0009.npz,../data/LIP-RTVE/transcriptions/speaker258/speaker258_0009.txt,5,utf-8
6864,LIP-RTVE,speaker258_0010,72,../data/LIP-RTVE/WAVs/speaker258/speaker258_0010.wav,../data/LIP-RTVE/ROIs/speaker258/speaker258_0010.npz,../data/LIP-RTVE/transcriptions/speaker258/speaker258_0010.txt,5,utf-8
6865,LIP-RTVE,speaker258_0011,267,../data/LIP-RTVE/WAVs/speaker258/speaker258_0011.wav,../data/LIP-RTVE/ROIs/speaker258/speaker258_0011.npz,../data/LIP-RTVE/transcriptions/speaker258/speaker258_0011.txt,5,utf-8
6866,LIP-RTVE,speaker258_0012,77,../data/LIP-RTVE/WAVs/speaker258/speaker258_0012.wav,../data/LIP-RTVE/ROIs/speaker258/speaker258_0012.npz,../data/LIP-RTVE/transcriptions/speaker258/speaker258_0012.txt,5,utf-8
6867,LIP-RTVE,speaker258_0013,117,../data/LIP-RTVE/WAVs/speaker258/speaker258_0013.wav,../data/LIP-RTVE/ROIs/speaker258/speaker258_0013.npz,../data/LIP-RTVE/transcriptions/speaker258/speaker258_0013.txt,5,utf-8
6868,LIP-RTVE,speaker258_0015,84,../data/LIP-RTVE/WAVs/speaker258/speaker258_0015.wav,../data/LIP-RTVE/ROIs/speaker258/speaker258_0015.npz,../data/LIP-RTVE/transcriptions/speaker258/speaker258_0015.txt,5,utf-8
6869,LIP-RTVE,speaker258_0016,194,../data/LIP-RTVE/WAVs/speaker258/speaker258_0016.wav,../data/LIP-RTVE/ROIs/speaker258/speaker258_0016.npz,../data/LIP-RTVE/transcriptions/speaker258/speaker258_0016.txt,5,utf-8
6870,LIP-RTVE,speaker258_0017,113,../data/LIP-RTVE/WAVs/speaker258/speaker258_0017.wav,../data/LIP-RTVE/ROIs/speaker258/speaker258_0017.npz,../data/LIP-RTVE/transcriptions/speaker258/speaker258_0017.txt,5,utf-8
6871,LIP-RTVE,speaker258_0018,46,../data/LIP-RTVE/WAVs/speaker258/speaker258_0018.wav,../data/LIP-RTVE/ROIs/speaker258/speaker258_0018.npz,../data/LIP-RTVE/transcriptions/speaker258/speaker258_0018.txt,5,utf-8
6872,LIP-RTVE,speaker258_0019,85,../data/LIP-RTVE/WAVs/speaker258/speaker258_0019.wav,../data/LIP-RTVE/ROIs/speaker258/speaker258_0019.npz,../data/LIP-RTVE/transcriptions/speaker258/speaker258_0019.txt,5,utf-8
6873,LIP-RTVE,speaker259_0000,145,../data/LIP-RTVE/WAVs/speaker259/speaker259_0000.wav,../data/LIP-RTVE/ROIs/speaker259/speaker259_0000.npz,../data/LIP-RTVE/transcriptions/speaker259/speaker259_0000.txt,5,utf-8
6874,LIP-RTVE,speaker259_0001,88,../data/LIP-RTVE/WAVs/speaker259/speaker259_0001.wav,../data/LIP-RTVE/ROIs/speaker259/speaker259_0001.npz,../data/LIP-RTVE/transcriptions/speaker259/speaker259_0001.txt,5,utf-8
6875,LIP-RTVE,speaker259_0002,42,../data/LIP-RTVE/WAVs/speaker259/speaker259_0002.wav,../data/LIP-RTVE/ROIs/speaker259/speaker259_0002.npz,../data/LIP-RTVE/transcriptions/speaker259/speaker259_0002.txt,5,utf-8
6876,LIP-RTVE,speaker260_0001,143,../data/LIP-RTVE/WAVs/speaker260/speaker260_0001.wav,../data/LIP-RTVE/ROIs/speaker260/speaker260_0001.npz,../data/LIP-RTVE/transcriptions/speaker260/speaker260_0001.txt,5,utf-8
6877,LIP-RTVE,speaker260_0002,26,../data/LIP-RTVE/WAVs/speaker260/speaker260_0002.wav,../data/LIP-RTVE/ROIs/speaker260/speaker260_0002.npz,../data/LIP-RTVE/transcriptions/speaker260/speaker260_0002.txt,5,utf-8
6878,LIP-RTVE,speaker260_0003,131,../data/LIP-RTVE/WAVs/speaker260/speaker260_0003.wav,../data/LIP-RTVE/ROIs/speaker260/speaker260_0003.npz,../data/LIP-RTVE/transcriptions/speaker260/speaker260_0003.txt,5,utf-8
6879,LIP-RTVE,speaker260_0004,178,../data/LIP-RTVE/WAVs/speaker260/speaker260_0004.wav,../data/LIP-RTVE/ROIs/speaker260/speaker260_0004.npz,../data/LIP-RTVE/transcriptions/speaker260/speaker260_0004.txt,5,utf-8
6880,LIP-RTVE,speaker260_0005,47,../data/LIP-RTVE/WAVs/speaker260/speaker260_0005.wav,../data/LIP-RTVE/ROIs/speaker260/speaker260_0005.npz,../data/LIP-RTVE/transcriptions/speaker260/speaker260_0005.txt,5,utf-8
6881,LIP-RTVE,speaker260_0007,82,../data/LIP-RTVE/WAVs/speaker260/speaker260_0007.wav,../data/LIP-RTVE/ROIs/speaker260/speaker260_0007.npz,../data/LIP-RTVE/transcriptions/speaker260/speaker260_0007.txt,5,utf-8
6882,LIP-RTVE,speaker260_0008,111,../data/LIP-RTVE/WAVs/speaker260/speaker260_0008.wav,../data/LIP-RTVE/ROIs/speaker260/speaker260_0008.npz,../data/LIP-RTVE/transcriptions/speaker260/speaker260_0008.txt,5,utf-8
6883,LIP-RTVE,speaker260_0009,111,../data/LIP-RTVE/WAVs/speaker260/speaker260_0009.wav,../data/LIP-RTVE/ROIs/speaker260/speaker260_0009.npz,../data/LIP-RTVE/transcriptions/speaker260/speaker260_0009.txt,5,utf-8
6884,LIP-RTVE,speaker260_0011,62,../data/LIP-RTVE/WAVs/speaker260/speaker260_0011.wav,../data/LIP-RTVE/ROIs/speaker260/speaker260_0011.npz,../data/LIP-RTVE/transcriptions/speaker260/speaker260_0011.txt,5,utf-8
6885,LIP-RTVE,speaker260_0012,147,../data/LIP-RTVE/WAVs/speaker260/speaker260_0012.wav,../data/LIP-RTVE/ROIs/speaker260/speaker260_0012.npz,../data/LIP-RTVE/transcriptions/speaker260/speaker260_0012.txt,5,utf-8
6886,LIP-RTVE,speaker260_0013,119,../data/LIP-RTVE/WAVs/speaker260/speaker260_0013.wav,../data/LIP-RTVE/ROIs/speaker260/speaker260_0013.npz,../data/LIP-RTVE/transcriptions/speaker260/speaker260_0013.txt,5,utf-8
6887,LIP-RTVE,speaker260_0014,118,../data/LIP-RTVE/WAVs/speaker260/speaker260_0014.wav,../data/LIP-RTVE/ROIs/speaker260/speaker260_0014.npz,../data/LIP-RTVE/transcriptions/speaker260/speaker260_0014.txt,5,utf-8
6888,LIP-RTVE,speaker260_0015,156,../data/LIP-RTVE/WAVs/speaker260/speaker260_0015.wav,../data/LIP-RTVE/ROIs/speaker260/speaker260_0015.npz,../data/LIP-RTVE/transcriptions/speaker260/speaker260_0015.txt,5,utf-8
6889,LIP-RTVE,speaker260_0016,95,../data/LIP-RTVE/WAVs/speaker260/speaker260_0016.wav,../data/LIP-RTVE/ROIs/speaker260/speaker260_0016.npz,../data/LIP-RTVE/transcriptions/speaker260/speaker260_0016.txt,5,utf-8
6890,LIP-RTVE,speaker260_0017,157,../data/LIP-RTVE/WAVs/speaker260/speaker260_0017.wav,../data/LIP-RTVE/ROIs/speaker260/speaker260_0017.npz,../data/LIP-RTVE/transcriptions/speaker260/speaker260_0017.txt,5,utf-8
6891,LIP-RTVE,speaker260_0021,49,../data/LIP-RTVE/WAVs/speaker260/speaker260_0021.wav,../data/LIP-RTVE/ROIs/speaker260/speaker260_0021.npz,../data/LIP-RTVE/transcriptions/speaker260/speaker260_0021.txt,5,utf-8
6892,LIP-RTVE,speaker261_0000,29,../data/LIP-RTVE/WAVs/speaker261/speaker261_0000.wav,../data/LIP-RTVE/ROIs/speaker261/speaker261_0000.npz,../data/LIP-RTVE/transcriptions/speaker261/speaker261_0000.txt,5,utf-8
6893,LIP-RTVE,speaker262_0000,58,../data/LIP-RTVE/WAVs/speaker262/speaker262_0000.wav,../data/LIP-RTVE/ROIs/speaker262/speaker262_0000.npz,../data/LIP-RTVE/transcriptions/speaker262/speaker262_0000.txt,5,utf-8
6894,LIP-RTVE,speaker263_0000,59,../data/LIP-RTVE/WAVs/speaker263/speaker263_0000.wav,../data/LIP-RTVE/ROIs/speaker263/speaker263_0000.npz,../data/LIP-RTVE/transcriptions/speaker263/speaker263_0000.txt,5,utf-8
6895,LIP-RTVE,speaker263_0001,42,../data/LIP-RTVE/WAVs/speaker263/speaker263_0001.wav,../data/LIP-RTVE/ROIs/speaker263/speaker263_0001.npz,../data/LIP-RTVE/transcriptions/speaker263/speaker263_0001.txt,5,utf-8
6896,LIP-RTVE,speaker264_0001,36,../data/LIP-RTVE/WAVs/speaker264/speaker264_0001.wav,../data/LIP-RTVE/ROIs/speaker264/speaker264_0001.npz,../data/LIP-RTVE/transcriptions/speaker264/speaker264_0001.txt,5,utf-8
6897,LIP-RTVE,speaker264_0002,47,../data/LIP-RTVE/WAVs/speaker264/speaker264_0002.wav,../data/LIP-RTVE/ROIs/speaker264/speaker264_0002.npz,../data/LIP-RTVE/transcriptions/speaker264/speaker264_0002.txt,5,utf-8
6898,LIP-RTVE,speaker264_0003,91,../data/LIP-RTVE/WAVs/speaker264/speaker264_0003.wav,../data/LIP-RTVE/ROIs/speaker264/speaker264_0003.npz,../data/LIP-RTVE/transcriptions/speaker264/speaker264_0003.txt,5,utf-8
6899,LIP-RTVE,speaker264_0004,157,../data/LIP-RTVE/WAVs/speaker264/speaker264_0004.wav,../data/LIP-RTVE/ROIs/speaker264/speaker264_0004.npz,../data/LIP-RTVE/transcriptions/speaker264/speaker264_0004.txt,5,utf-8
6900,LIP-RTVE,speaker265_0000,27,../data/LIP-RTVE/WAVs/speaker265/speaker265_0000.wav,../data/LIP-RTVE/ROIs/speaker265/speaker265_0000.npz,../data/LIP-RTVE/transcriptions/speaker265/speaker265_0000.txt,5,utf-8
6901,LIP-RTVE,speaker265_0001,176,../data/LIP-RTVE/WAVs/speaker265/speaker265_0001.wav,../data/LIP-RTVE/ROIs/speaker265/speaker265_0001.npz,../data/LIP-RTVE/transcriptions/speaker265/speaker265_0001.txt,5,utf-8
6902,LIP-RTVE,speaker265_0002,62,../data/LIP-RTVE/WAVs/speaker265/speaker265_0002.wav,../data/LIP-RTVE/ROIs/speaker265/speaker265_0002.npz,../data/LIP-RTVE/transcriptions/speaker265/speaker265_0002.txt,5,utf-8
6903,LIP-RTVE,speaker266_0000,108,../data/LIP-RTVE/WAVs/speaker266/speaker266_0000.wav,../data/LIP-RTVE/ROIs/speaker266/speaker266_0000.npz,../data/LIP-RTVE/transcriptions/speaker266/speaker266_0000.txt,5,utf-8
6904,LIP-RTVE,speaker267_0000,67,../data/LIP-RTVE/WAVs/speaker267/speaker267_0000.wav,../data/LIP-RTVE/ROIs/speaker267/speaker267_0000.npz,../data/LIP-RTVE/transcriptions/speaker267/speaker267_0000.txt,5,utf-8
6905,LIP-RTVE,speaker267_0001,51,../data/LIP-RTVE/WAVs/speaker267/speaker267_0001.wav,../data/LIP-RTVE/ROIs/speaker267/speaker267_0001.npz,../data/LIP-RTVE/transcriptions/speaker267/speaker267_0001.txt,5,utf-8
6906,LIP-RTVE,speaker268_0002,39,../data/LIP-RTVE/WAVs/speaker268/speaker268_0002.wav,../data/LIP-RTVE/ROIs/speaker268/speaker268_0002.npz,../data/LIP-RTVE/transcriptions/speaker268/speaker268_0002.txt,5,utf-8
6907,LIP-RTVE,speaker269_0000,75,../data/LIP-RTVE/WAVs/speaker269/speaker269_0000.wav,../data/LIP-RTVE/ROIs/speaker269/speaker269_0000.npz,../data/LIP-RTVE/transcriptions/speaker269/speaker269_0000.txt,5,utf-8
6908,LIP-RTVE,speaker270_0002,242,../data/LIP-RTVE/WAVs/speaker270/speaker270_0002.wav,../data/LIP-RTVE/ROIs/speaker270/speaker270_0002.npz,../data/LIP-RTVE/transcriptions/speaker270/speaker270_0002.txt,5,utf-8
6909,LIP-RTVE,speaker270_0003,162,../data/LIP-RTVE/WAVs/speaker270/speaker270_0003.wav,../data/LIP-RTVE/ROIs/speaker270/speaker270_0003.npz,../data/LIP-RTVE/transcriptions/speaker270/speaker270_0003.txt,5,utf-8
6910,LIP-RTVE,speaker270_0004,91,../data/LIP-RTVE/WAVs/speaker270/speaker270_0004.wav,../data/LIP-RTVE/ROIs/speaker270/speaker270_0004.npz,../data/LIP-RTVE/transcriptions/speaker270/speaker270_0004.txt,5,utf-8
6911,LIP-RTVE,speaker270_0005,171,../data/LIP-RTVE/WAVs/speaker270/speaker270_0005.wav,../data/LIP-RTVE/ROIs/speaker270/speaker270_0005.npz,../data/LIP-RTVE/transcriptions/speaker270/speaker270_0005.txt,5,utf-8
6912,LIP-RTVE,speaker270_0006,85,../data/LIP-RTVE/WAVs/speaker270/speaker270_0006.wav,../data/LIP-RTVE/ROIs/speaker270/speaker270_0006.npz,../data/LIP-RTVE/transcriptions/speaker270/speaker270_0006.txt,5,utf-8
6913,LIP-RTVE,speaker270_0008,214,../data/LIP-RTVE/WAVs/speaker270/speaker270_0008.wav,../data/LIP-RTVE/ROIs/speaker270/speaker270_0008.npz,../data/LIP-RTVE/transcriptions/speaker270/speaker270_0008.txt,5,utf-8
6914,LIP-RTVE,speaker270_0011,90,../data/LIP-RTVE/WAVs/speaker270/speaker270_0011.wav,../data/LIP-RTVE/ROIs/speaker270/speaker270_0011.npz,../data/LIP-RTVE/transcriptions/speaker270/speaker270_0011.txt,5,utf-8
6915,LIP-RTVE,speaker271_0001,164,../data/LIP-RTVE/WAVs/speaker271/speaker271_0001.wav,../data/LIP-RTVE/ROIs/speaker271/speaker271_0001.npz,../data/LIP-RTVE/transcriptions/speaker271/speaker271_0001.txt,5,utf-8
6916,LIP-RTVE,speaker271_0002,83,../data/LIP-RTVE/WAVs/speaker271/speaker271_0002.wav,../data/LIP-RTVE/ROIs/speaker271/speaker271_0002.npz,../data/LIP-RTVE/transcriptions/speaker271/speaker271_0002.txt,5,utf-8
6917,LIP-RTVE,speaker271_0003,112,../data/LIP-RTVE/WAVs/speaker271/speaker271_0003.wav,../data/LIP-RTVE/ROIs/speaker271/speaker271_0003.npz,../data/LIP-RTVE/transcriptions/speaker271/speaker271_0003.txt,5,utf-8
6918,LIP-RTVE,speaker271_0004,194,../data/LIP-RTVE/WAVs/speaker271/speaker271_0004.wav,../data/LIP-RTVE/ROIs/speaker271/speaker271_0004.npz,../data/LIP-RTVE/transcriptions/speaker271/speaker271_0004.txt,5,utf-8
6919,LIP-RTVE,speaker271_0005,29,../data/LIP-RTVE/WAVs/speaker271/speaker271_0005.wav,../data/LIP-RTVE/ROIs/speaker271/speaker271_0005.npz,../data/LIP-RTVE/transcriptions/speaker271/speaker271_0005.txt,5,utf-8
6920,LIP-RTVE,speaker271_0006,125,../data/LIP-RTVE/WAVs/speaker271/speaker271_0006.wav,../data/LIP-RTVE/ROIs/speaker271/speaker271_0006.npz,../data/LIP-RTVE/transcriptions/speaker271/speaker271_0006.txt,5,utf-8
6921,LIP-RTVE,speaker271_0008,145,../data/LIP-RTVE/WAVs/speaker271/speaker271_0008.wav,../data/LIP-RTVE/ROIs/speaker271/speaker271_0008.npz,../data/LIP-RTVE/transcriptions/speaker271/speaker271_0008.txt,5,utf-8
6922,LIP-RTVE,speaker271_0009,82,../data/LIP-RTVE/WAVs/speaker271/speaker271_0009.wav,../data/LIP-RTVE/ROIs/speaker271/speaker271_0009.npz,../data/LIP-RTVE/transcriptions/speaker271/speaker271_0009.txt,5,utf-8
6923,LIP-RTVE,speaker271_0010,143,../data/LIP-RTVE/WAVs/speaker271/speaker271_0010.wav,../data/LIP-RTVE/ROIs/speaker271/speaker271_0010.npz,../data/LIP-RTVE/transcriptions/speaker271/speaker271_0010.txt,5,utf-8
6924,LIP-RTVE,speaker271_0011,64,../data/LIP-RTVE/WAVs/speaker271/speaker271_0011.wav,../data/LIP-RTVE/ROIs/speaker271/speaker271_0011.npz,../data/LIP-RTVE/transcriptions/speaker271/speaker271_0011.txt,5,utf-8
6925,LIP-RTVE,speaker271_0012,207,../data/LIP-RTVE/WAVs/speaker271/speaker271_0012.wav,../data/LIP-RTVE/ROIs/speaker271/speaker271_0012.npz,../data/LIP-RTVE/transcriptions/speaker271/speaker271_0012.txt,5,utf-8
6926,LIP-RTVE,speaker271_0014,181,../data/LIP-RTVE/WAVs/speaker271/speaker271_0014.wav,../data/LIP-RTVE/ROIs/speaker271/speaker271_0014.npz,../data/LIP-RTVE/transcriptions/speaker271/speaker271_0014.txt,5,utf-8
6927,LIP-RTVE,speaker271_0015,38,../data/LIP-RTVE/WAVs/speaker271/speaker271_0015.wav,../data/LIP-RTVE/ROIs/speaker271/speaker271_0015.npz,../data/LIP-RTVE/transcriptions/speaker271/speaker271_0015.txt,5,utf-8
6928,LIP-RTVE,speaker271_0016,71,../data/LIP-RTVE/WAVs/speaker271/speaker271_0016.wav,../data/LIP-RTVE/ROIs/speaker271/speaker271_0016.npz,../data/LIP-RTVE/transcriptions/speaker271/speaker271_0016.txt,5,utf-8
6929,LIP-RTVE,speaker271_0017,36,../data/LIP-RTVE/WAVs/speaker271/speaker271_0017.wav,../data/LIP-RTVE/ROIs/speaker271/speaker271_0017.npz,../data/LIP-RTVE/transcriptions/speaker271/speaker271_0017.txt,5,utf-8
6930,LIP-RTVE,speaker271_0018,100,../data/LIP-RTVE/WAVs/speaker271/speaker271_0018.wav,../data/LIP-RTVE/ROIs/speaker271/speaker271_0018.npz,../data/LIP-RTVE/transcriptions/speaker271/speaker271_0018.txt,5,utf-8
6931,LIP-RTVE,speaker271_0019,62,../data/LIP-RTVE/WAVs/speaker271/speaker271_0019.wav,../data/LIP-RTVE/ROIs/speaker271/speaker271_0019.npz,../data/LIP-RTVE/transcriptions/speaker271/speaker271_0019.txt,5,utf-8
6932,LIP-RTVE,speaker271_0020,273,../data/LIP-RTVE/WAVs/speaker271/speaker271_0020.wav,../data/LIP-RTVE/ROIs/speaker271/speaker271_0020.npz,../data/LIP-RTVE/transcriptions/speaker271/speaker271_0020.txt,5,utf-8
6933,LIP-RTVE,speaker271_0023,62,../data/LIP-RTVE/WAVs/speaker271/speaker271_0023.wav,../data/LIP-RTVE/ROIs/speaker271/speaker271_0023.npz,../data/LIP-RTVE/transcriptions/speaker271/speaker271_0023.txt,5,utf-8
6934,LIP-RTVE,speaker272_0000,170,../data/LIP-RTVE/WAVs/speaker272/speaker272_0000.wav,../data/LIP-RTVE/ROIs/speaker272/speaker272_0000.npz,../data/LIP-RTVE/transcriptions/speaker272/speaker272_0000.txt,5,utf-8
6935,LIP-RTVE,speaker272_0001,129,../data/LIP-RTVE/WAVs/speaker272/speaker272_0001.wav,../data/LIP-RTVE/ROIs/speaker272/speaker272_0001.npz,../data/LIP-RTVE/transcriptions/speaker272/speaker272_0001.txt,5,utf-8
6936,LIP-RTVE,speaker272_0002,91,../data/LIP-RTVE/WAVs/speaker272/speaker272_0002.wav,../data/LIP-RTVE/ROIs/speaker272/speaker272_0002.npz,../data/LIP-RTVE/transcriptions/speaker272/speaker272_0002.txt,5,utf-8
6937,LIP-RTVE,speaker273_0000,140,../data/LIP-RTVE/WAVs/speaker273/speaker273_0000.wav,../data/LIP-RTVE/ROIs/speaker273/speaker273_0000.npz,../data/LIP-RTVE/transcriptions/speaker273/speaker273_0000.txt,5,utf-8
6938,LIP-RTVE,speaker273_0001,250,../data/LIP-RTVE/WAVs/speaker273/speaker273_0001.wav,../data/LIP-RTVE/ROIs/speaker273/speaker273_0001.npz,../data/LIP-RTVE/transcriptions/speaker273/speaker273_0001.txt,5,utf-8
6939,LIP-RTVE,speaker273_0003,263,../data/LIP-RTVE/WAVs/speaker273/speaker273_0003.wav,../data/LIP-RTVE/ROIs/speaker273/speaker273_0003.npz,../data/LIP-RTVE/transcriptions/speaker273/speaker273_0003.txt,5,utf-8
6940,LIP-RTVE,speaker273_0004,55,../data/LIP-RTVE/WAVs/speaker273/speaker273_0004.wav,../data/LIP-RTVE/ROIs/speaker273/speaker273_0004.npz,../data/LIP-RTVE/transcriptions/speaker273/speaker273_0004.txt,5,utf-8
6941,LIP-RTVE,speaker273_0005,250,../data/LIP-RTVE/WAVs/speaker273/speaker273_0005.wav,../data/LIP-RTVE/ROIs/speaker273/speaker273_0005.npz,../data/LIP-RTVE/transcriptions/speaker273/speaker273_0005.txt,5,utf-8
6942,LIP-RTVE,speaker273_0006,199,../data/LIP-RTVE/WAVs/speaker273/speaker273_0006.wav,../data/LIP-RTVE/ROIs/speaker273/speaker273_0006.npz,../data/LIP-RTVE/transcriptions/speaker273/speaker273_0006.txt,5,utf-8
6943,LIP-RTVE,speaker274_0000,221,../data/LIP-RTVE/WAVs/speaker274/speaker274_0000.wav,../data/LIP-RTVE/ROIs/speaker274/speaker274_0000.npz,../data/LIP-RTVE/transcriptions/speaker274/speaker274_0000.txt,5,utf-8
6944,LIP-RTVE,speaker274_0001,133,../data/LIP-RTVE/WAVs/speaker274/speaker274_0001.wav,../data/LIP-RTVE/ROIs/speaker274/speaker274_0001.npz,../data/LIP-RTVE/transcriptions/speaker274/speaker274_0001.txt,5,utf-8
6945,LIP-RTVE,speaker274_0002,251,../data/LIP-RTVE/WAVs/speaker274/speaker274_0002.wav,../data/LIP-RTVE/ROIs/speaker274/speaker274_0002.npz,../data/LIP-RTVE/transcriptions/speaker274/speaker274_0002.txt,5,utf-8
6946,LIP-RTVE,speaker274_0004,179,../data/LIP-RTVE/WAVs/speaker274/speaker274_0004.wav,../data/LIP-RTVE/ROIs/speaker274/speaker274_0004.npz,../data/LIP-RTVE/transcriptions/speaker274/speaker274_0004.txt,5,utf-8
6947,LIP-RTVE,speaker274_0005,130,../data/LIP-RTVE/WAVs/speaker274/speaker274_0005.wav,../data/LIP-RTVE/ROIs/speaker274/speaker274_0005.npz,../data/LIP-RTVE/transcriptions/speaker274/speaker274_0005.txt,5,utf-8
6948,LIP-RTVE,speaker274_0006,77,../data/LIP-RTVE/WAVs/speaker274/speaker274_0006.wav,../data/LIP-RTVE/ROIs/speaker274/speaker274_0006.npz,../data/LIP-RTVE/transcriptions/speaker274/speaker274_0006.txt,5,utf-8
6949,LIP-RTVE,speaker274_0007,250,../data/LIP-RTVE/WAVs/speaker274/speaker274_0007.wav,../data/LIP-RTVE/ROIs/speaker274/speaker274_0007.npz,../data/LIP-RTVE/transcriptions/speaker274/speaker274_0007.txt,5,utf-8
6950,LIP-RTVE,speaker274_0008,129,../data/LIP-RTVE/WAVs/speaker274/speaker274_0008.wav,../data/LIP-RTVE/ROIs/speaker274/speaker274_0008.npz,../data/LIP-RTVE/transcriptions/speaker274/speaker274_0008.txt,5,utf-8
6951,LIP-RTVE,speaker274_0009,275,../data/LIP-RTVE/WAVs/speaker274/speaker274_0009.wav,../data/LIP-RTVE/ROIs/speaker274/speaker274_0009.npz,../data/LIP-RTVE/transcriptions/speaker274/speaker274_0009.txt,5,utf-8
6952,LIP-RTVE,speaker274_0014,33,../data/LIP-RTVE/WAVs/speaker274/speaker274_0014.wav,../data/LIP-RTVE/ROIs/speaker274/speaker274_0014.npz,../data/LIP-RTVE/transcriptions/speaker274/speaker274_0014.txt,5,utf-8
6953,LIP-RTVE,speaker274_0015,184,../data/LIP-RTVE/WAVs/speaker274/speaker274_0015.wav,../data/LIP-RTVE/ROIs/speaker274/speaker274_0015.npz,../data/LIP-RTVE/transcriptions/speaker274/speaker274_0015.txt,5,utf-8
6954,LIP-RTVE,speaker274_0016,105,../data/LIP-RTVE/WAVs/speaker274/speaker274_0016.wav,../data/LIP-RTVE/ROIs/speaker274/speaker274_0016.npz,../data/LIP-RTVE/transcriptions/speaker274/speaker274_0016.txt,5,utf-8
6955,LIP-RTVE,speaker275_0000,145,../data/LIP-RTVE/WAVs/speaker275/speaker275_0000.wav,../data/LIP-RTVE/ROIs/speaker275/speaker275_0000.npz,../data/LIP-RTVE/transcriptions/speaker275/speaker275_0000.txt,5,utf-8
6956,LIP-RTVE,speaker275_0002,196,../data/LIP-RTVE/WAVs/speaker275/speaker275_0002.wav,../data/LIP-RTVE/ROIs/speaker275/speaker275_0002.npz,../data/LIP-RTVE/transcriptions/speaker275/speaker275_0002.txt,5,utf-8
6957,LIP-RTVE,speaker275_0003,111,../data/LIP-RTVE/WAVs/speaker275/speaker275_0003.wav,../data/LIP-RTVE/ROIs/speaker275/speaker275_0003.npz,../data/LIP-RTVE/transcriptions/speaker275/speaker275_0003.txt,5,utf-8
6958,LIP-RTVE,speaker275_0005,70,../data/LIP-RTVE/WAVs/speaker275/speaker275_0005.wav,../data/LIP-RTVE/ROIs/speaker275/speaker275_0005.npz,../data/LIP-RTVE/transcriptions/speaker275/speaker275_0005.txt,5,utf-8
6959,LIP-RTVE,speaker275_0006,182,../data/LIP-RTVE/WAVs/speaker275/speaker275_0006.wav,../data/LIP-RTVE/ROIs/speaker275/speaker275_0006.npz,../data/LIP-RTVE/transcriptions/speaker275/speaker275_0006.txt,5,utf-8
6960,LIP-RTVE,speaker275_0008,152,../data/LIP-RTVE/WAVs/speaker275/speaker275_0008.wav,../data/LIP-RTVE/ROIs/speaker275/speaker275_0008.npz,../data/LIP-RTVE/transcriptions/speaker275/speaker275_0008.txt,5,utf-8
6961,LIP-RTVE,speaker275_0010,105,../data/LIP-RTVE/WAVs/speaker275/speaker275_0010.wav,../data/LIP-RTVE/ROIs/speaker275/speaker275_0010.npz,../data/LIP-RTVE/transcriptions/speaker275/speaker275_0010.txt,5,utf-8
6962,LIP-RTVE,speaker275_0011,205,../data/LIP-RTVE/WAVs/speaker275/speaker275_0011.wav,../data/LIP-RTVE/ROIs/speaker275/speaker275_0011.npz,../data/LIP-RTVE/transcriptions/speaker275/speaker275_0011.txt,5,utf-8
6963,LIP-RTVE,speaker275_0012,108,../data/LIP-RTVE/WAVs/speaker275/speaker275_0012.wav,../data/LIP-RTVE/ROIs/speaker275/speaker275_0012.npz,../data/LIP-RTVE/transcriptions/speaker275/speaker275_0012.txt,5,utf-8
6964,LIP-RTVE,speaker275_0013,190,../data/LIP-RTVE/WAVs/speaker275/speaker275_0013.wav,../data/LIP-RTVE/ROIs/speaker275/speaker275_0013.npz,../data/LIP-RTVE/transcriptions/speaker275/speaker275_0013.txt,5,utf-8
6965,LIP-RTVE,speaker275_0015,228,../data/LIP-RTVE/WAVs/speaker275/speaker275_0015.wav,../data/LIP-RTVE/ROIs/speaker275/speaker275_0015.npz,../data/LIP-RTVE/transcriptions/speaker275/speaker275_0015.txt,5,utf-8
6966,LIP-RTVE,speaker275_0016,80,../data/LIP-RTVE/WAVs/speaker275/speaker275_0016.wav,../data/LIP-RTVE/ROIs/speaker275/speaker275_0016.npz,../data/LIP-RTVE/transcriptions/speaker275/speaker275_0016.txt,5,utf-8
6967,LIP-RTVE,speaker275_0017,178,../data/LIP-RTVE/WAVs/speaker275/speaker275_0017.wav,../data/LIP-RTVE/ROIs/speaker275/speaker275_0017.npz,../data/LIP-RTVE/transcriptions/speaker275/speaker275_0017.txt,5,utf-8
6968,LIP-RTVE,speaker275_0019,169,../data/LIP-RTVE/WAVs/speaker275/speaker275_0019.wav,../data/LIP-RTVE/ROIs/speaker275/speaker275_0019.npz,../data/LIP-RTVE/transcriptions/speaker275/speaker275_0019.txt,5,utf-8
6969,LIP-RTVE,speaker275_0021,194,../data/LIP-RTVE/WAVs/speaker275/speaker275_0021.wav,../data/LIP-RTVE/ROIs/speaker275/speaker275_0021.npz,../data/LIP-RTVE/transcriptions/speaker275/speaker275_0021.txt,5,utf-8
6970,LIP-RTVE,speaker275_0022,106,../data/LIP-RTVE/WAVs/speaker275/speaker275_0022.wav,../data/LIP-RTVE/ROIs/speaker275/speaker275_0022.npz,../data/LIP-RTVE/transcriptions/speaker275/speaker275_0022.txt,5,utf-8
6971,LIP-RTVE,speaker275_0023,219,../data/LIP-RTVE/WAVs/speaker275/speaker275_0023.wav,../data/LIP-RTVE/ROIs/speaker275/speaker275_0023.npz,../data/LIP-RTVE/transcriptions/speaker275/speaker275_0023.txt,5,utf-8
6972,LIP-RTVE,speaker275_0025,154,../data/LIP-RTVE/WAVs/speaker275/speaker275_0025.wav,../data/LIP-RTVE/ROIs/speaker275/speaker275_0025.npz,../data/LIP-RTVE/transcriptions/speaker275/speaker275_0025.txt,5,utf-8
6973,LIP-RTVE,speaker275_0027,59,../data/LIP-RTVE/WAVs/speaker275/speaker275_0027.wav,../data/LIP-RTVE/ROIs/speaker275/speaker275_0027.npz,../data/LIP-RTVE/transcriptions/speaker275/speaker275_0027.txt,5,utf-8
6974,LIP-RTVE,speaker275_0028,102,../data/LIP-RTVE/WAVs/speaker275/speaker275_0028.wav,../data/LIP-RTVE/ROIs/speaker275/speaker275_0028.npz,../data/LIP-RTVE/transcriptions/speaker275/speaker275_0028.txt,5,utf-8
6975,LIP-RTVE,speaker276_0000,188,../data/LIP-RTVE/WAVs/speaker276/speaker276_0000.wav,../data/LIP-RTVE/ROIs/speaker276/speaker276_0000.npz,../data/LIP-RTVE/transcriptions/speaker276/speaker276_0000.txt,5,utf-8
6976,LIP-RTVE,speaker276_0002,208,../data/LIP-RTVE/WAVs/speaker276/speaker276_0002.wav,../data/LIP-RTVE/ROIs/speaker276/speaker276_0002.npz,../data/LIP-RTVE/transcriptions/speaker276/speaker276_0002.txt,5,utf-8
6977,LIP-RTVE,speaker276_0004,132,../data/LIP-RTVE/WAVs/speaker276/speaker276_0004.wav,../data/LIP-RTVE/ROIs/speaker276/speaker276_0004.npz,../data/LIP-RTVE/transcriptions/speaker276/speaker276_0004.txt,5,utf-8
6978,LIP-RTVE,speaker276_0005,139,../data/LIP-RTVE/WAVs/speaker276/speaker276_0005.wav,../data/LIP-RTVE/ROIs/speaker276/speaker276_0005.npz,../data/LIP-RTVE/transcriptions/speaker276/speaker276_0005.txt,5,utf-8
6979,LIP-RTVE,speaker276_0006,71,../data/LIP-RTVE/WAVs/speaker276/speaker276_0006.wav,../data/LIP-RTVE/ROIs/speaker276/speaker276_0006.npz,../data/LIP-RTVE/transcriptions/speaker276/speaker276_0006.txt,5,utf-8
6980,LIP-RTVE,speaker276_0007,262,../data/LIP-RTVE/WAVs/speaker276/speaker276_0007.wav,../data/LIP-RTVE/ROIs/speaker276/speaker276_0007.npz,../data/LIP-RTVE/transcriptions/speaker276/speaker276_0007.txt,5,utf-8
6981,LIP-RTVE,speaker276_0008,114,../data/LIP-RTVE/WAVs/speaker276/speaker276_0008.wav,../data/LIP-RTVE/ROIs/speaker276/speaker276_0008.npz,../data/LIP-RTVE/transcriptions/speaker276/speaker276_0008.txt,5,utf-8
6982,LIP-RTVE,speaker276_0012,139,../data/LIP-RTVE/WAVs/speaker276/speaker276_0012.wav,../data/LIP-RTVE/ROIs/speaker276/speaker276_0012.npz,../data/LIP-RTVE/transcriptions/speaker276/speaker276_0012.txt,5,utf-8
6983,LIP-RTVE,speaker276_0013,164,../data/LIP-RTVE/WAVs/speaker276/speaker276_0013.wav,../data/LIP-RTVE/ROIs/speaker276/speaker276_0013.npz,../data/LIP-RTVE/transcriptions/speaker276/speaker276_0013.txt,5,utf-8
6984,LIP-RTVE,speaker276_0015,173,../data/LIP-RTVE/WAVs/speaker276/speaker276_0015.wav,../data/LIP-RTVE/ROIs/speaker276/speaker276_0015.npz,../data/LIP-RTVE/transcriptions/speaker276/speaker276_0015.txt,5,utf-8
6985,LIP-RTVE,speaker276_0016,245,../data/LIP-RTVE/WAVs/speaker276/speaker276_0016.wav,../data/LIP-RTVE/ROIs/speaker276/speaker276_0016.npz,../data/LIP-RTVE/transcriptions/speaker276/speaker276_0016.txt,5,utf-8
6986,LIP-RTVE,speaker276_0017,57,../data/LIP-RTVE/WAVs/speaker276/speaker276_0017.wav,../data/LIP-RTVE/ROIs/speaker276/speaker276_0017.npz,../data/LIP-RTVE/transcriptions/speaker276/speaker276_0017.txt,5,utf-8
6987,LIP-RTVE,speaker277_0000,152,../data/LIP-RTVE/WAVs/speaker277/speaker277_0000.wav,../data/LIP-RTVE/ROIs/speaker277/speaker277_0000.npz,../data/LIP-RTVE/transcriptions/speaker277/speaker277_0000.txt,5,utf-8
6988,LIP-RTVE,speaker277_0001,125,../data/LIP-RTVE/WAVs/speaker277/speaker277_0001.wav,../data/LIP-RTVE/ROIs/speaker277/speaker277_0001.npz,../data/LIP-RTVE/transcriptions/speaker277/speaker277_0001.txt,5,utf-8
6989,LIP-RTVE,speaker277_0002,29,../data/LIP-RTVE/WAVs/speaker277/speaker277_0002.wav,../data/LIP-RTVE/ROIs/speaker277/speaker277_0002.npz,../data/LIP-RTVE/transcriptions/speaker277/speaker277_0002.txt,5,utf-8
6990,LIP-RTVE,speaker277_0004,98,../data/LIP-RTVE/WAVs/speaker277/speaker277_0004.wav,../data/LIP-RTVE/ROIs/speaker277/speaker277_0004.npz,../data/LIP-RTVE/transcriptions/speaker277/speaker277_0004.txt,5,utf-8
6991,LIP-RTVE,speaker277_0005,196,../data/LIP-RTVE/WAVs/speaker277/speaker277_0005.wav,../data/LIP-RTVE/ROIs/speaker277/speaker277_0005.npz,../data/LIP-RTVE/transcriptions/speaker277/speaker277_0005.txt,5,utf-8
6992,LIP-RTVE,speaker277_0010,101,../data/LIP-RTVE/WAVs/speaker277/speaker277_0010.wav,../data/LIP-RTVE/ROIs/speaker277/speaker277_0010.npz,../data/LIP-RTVE/transcriptions/speaker277/speaker277_0010.txt,5,utf-8
6993,LIP-RTVE,speaker277_0012,175,../data/LIP-RTVE/WAVs/speaker277/speaker277_0012.wav,../data/LIP-RTVE/ROIs/speaker277/speaker277_0012.npz,../data/LIP-RTVE/transcriptions/speaker277/speaker277_0012.txt,5,utf-8
6994,LIP-RTVE,speaker278_0000,65,../data/LIP-RTVE/WAVs/speaker278/speaker278_0000.wav,../data/LIP-RTVE/ROIs/speaker278/speaker278_0000.npz,../data/LIP-RTVE/transcriptions/speaker278/speaker278_0000.txt,5,utf-8
6995,LIP-RTVE,speaker278_0001,42,../data/LIP-RTVE/WAVs/speaker278/speaker278_0001.wav,../data/LIP-RTVE/ROIs/speaker278/speaker278_0001.npz,../data/LIP-RTVE/transcriptions/speaker278/speaker278_0001.txt,5,utf-8
6996,LIP-RTVE,speaker279_0000,43,../data/LIP-RTVE/WAVs/speaker279/speaker279_0000.wav,../data/LIP-RTVE/ROIs/speaker279/speaker279_0000.npz,../data/LIP-RTVE/transcriptions/speaker279/speaker279_0000.txt,5,utf-8
6997,LIP-RTVE,speaker279_0001,75,../data/LIP-RTVE/WAVs/speaker279/speaker279_0001.wav,../data/LIP-RTVE/ROIs/speaker279/speaker279_0001.npz,../data/LIP-RTVE/transcriptions/speaker279/speaker279_0001.txt,5,utf-8
6998,LIP-RTVE,speaker279_0002,30,../data/LIP-RTVE/WAVs/speaker279/speaker279_0002.wav,../data/LIP-RTVE/ROIs/speaker279/speaker279_0002.npz,../data/LIP-RTVE/transcriptions/speaker279/speaker279_0002.txt,5,utf-8
6999,LIP-RTVE,speaker280_0000,38,../data/LIP-RTVE/WAVs/speaker280/speaker280_0000.wav,../data/LIP-RTVE/ROIs/speaker280/speaker280_0000.npz,../data/LIP-RTVE/transcriptions/speaker280/speaker280_0000.txt,5,utf-8
7000,LIP-RTVE,speaker280_0001,153,../data/LIP-RTVE/WAVs/speaker280/speaker280_0001.wav,../data/LIP-RTVE/ROIs/speaker280/speaker280_0001.npz,../data/LIP-RTVE/transcriptions/speaker280/speaker280_0001.txt,5,utf-8
7001,LIP-RTVE,speaker280_0002,112,../data/LIP-RTVE/WAVs/speaker280/speaker280_0002.wav,../data/LIP-RTVE/ROIs/speaker280/speaker280_0002.npz,../data/LIP-RTVE/transcriptions/speaker280/speaker280_0002.txt,5,utf-8
7002,LIP-RTVE,speaker281_0000,81,../data/LIP-RTVE/WAVs/speaker281/speaker281_0000.wav,../data/LIP-RTVE/ROIs/speaker281/speaker281_0000.npz,../data/LIP-RTVE/transcriptions/speaker281/speaker281_0000.txt,5,utf-8
7003,LIP-RTVE,speaker281_0001,150,../data/LIP-RTVE/WAVs/speaker281/speaker281_0001.wav,../data/LIP-RTVE/ROIs/speaker281/speaker281_0001.npz,../data/LIP-RTVE/transcriptions/speaker281/speaker281_0001.txt,5,utf-8
7004,LIP-RTVE,speaker281_0002,202,../data/LIP-RTVE/WAVs/speaker281/speaker281_0002.wav,../data/LIP-RTVE/ROIs/speaker281/speaker281_0002.npz,../data/LIP-RTVE/transcriptions/speaker281/speaker281_0002.txt,5,utf-8
7005,LIP-RTVE,speaker281_0004,79,../data/LIP-RTVE/WAVs/speaker281/speaker281_0004.wav,../data/LIP-RTVE/ROIs/speaker281/speaker281_0004.npz,../data/LIP-RTVE/transcriptions/speaker281/speaker281_0004.txt,5,utf-8
7006,LIP-RTVE,speaker281_0005,137,../data/LIP-RTVE/WAVs/speaker281/speaker281_0005.wav,../data/LIP-RTVE/ROIs/speaker281/speaker281_0005.npz,../data/LIP-RTVE/transcriptions/speaker281/speaker281_0005.txt,5,utf-8
7007,LIP-RTVE,speaker281_0006,225,../data/LIP-RTVE/WAVs/speaker281/speaker281_0006.wav,../data/LIP-RTVE/ROIs/speaker281/speaker281_0006.npz,../data/LIP-RTVE/transcriptions/speaker281/speaker281_0006.txt,5,utf-8
7008,LIP-RTVE,speaker281_0007,92,../data/LIP-RTVE/WAVs/speaker281/speaker281_0007.wav,../data/LIP-RTVE/ROIs/speaker281/speaker281_0007.npz,../data/LIP-RTVE/transcriptions/speaker281/speaker281_0007.txt,5,utf-8
7009,LIP-RTVE,speaker281_0009,77,../data/LIP-RTVE/WAVs/speaker281/speaker281_0009.wav,../data/LIP-RTVE/ROIs/speaker281/speaker281_0009.npz,../data/LIP-RTVE/transcriptions/speaker281/speaker281_0009.txt,5,utf-8
7010,LIP-RTVE,speaker281_0010,143,../data/LIP-RTVE/WAVs/speaker281/speaker281_0010.wav,../data/LIP-RTVE/ROIs/speaker281/speaker281_0010.npz,../data/LIP-RTVE/transcriptions/speaker281/speaker281_0010.txt,5,utf-8
7011,LIP-RTVE,speaker281_0014,48,../data/LIP-RTVE/WAVs/speaker281/speaker281_0014.wav,../data/LIP-RTVE/ROIs/speaker281/speaker281_0014.npz,../data/LIP-RTVE/transcriptions/speaker281/speaker281_0014.txt,5,utf-8
7012,LIP-RTVE,speaker281_0016,241,../data/LIP-RTVE/WAVs/speaker281/speaker281_0016.wav,../data/LIP-RTVE/ROIs/speaker281/speaker281_0016.npz,../data/LIP-RTVE/transcriptions/speaker281/speaker281_0016.txt,5,utf-8
7013,LIP-RTVE,speaker281_0017,34,../data/LIP-RTVE/WAVs/speaker281/speaker281_0017.wav,../data/LIP-RTVE/ROIs/speaker281/speaker281_0017.npz,../data/LIP-RTVE/transcriptions/speaker281/speaker281_0017.txt,5,utf-8
7014,LIP-RTVE,speaker281_0019,156,../data/LIP-RTVE/WAVs/speaker281/speaker281_0019.wav,../data/LIP-RTVE/ROIs/speaker281/speaker281_0019.npz,../data/LIP-RTVE/transcriptions/speaker281/speaker281_0019.txt,5,utf-8
7015,LIP-RTVE,speaker281_0021,214,../data/LIP-RTVE/WAVs/speaker281/speaker281_0021.wav,../data/LIP-RTVE/ROIs/speaker281/speaker281_0021.npz,../data/LIP-RTVE/transcriptions/speaker281/speaker281_0021.txt,5,utf-8
7016,LIP-RTVE,speaker281_0022,99,../data/LIP-RTVE/WAVs/speaker281/speaker281_0022.wav,../data/LIP-RTVE/ROIs/speaker281/speaker281_0022.npz,../data/LIP-RTVE/transcriptions/speaker281/speaker281_0022.txt,5,utf-8
7017,LIP-RTVE,speaker281_0023,264,../data/LIP-RTVE/WAVs/speaker281/speaker281_0023.wav,../data/LIP-RTVE/ROIs/speaker281/speaker281_0023.npz,../data/LIP-RTVE/transcriptions/speaker281/speaker281_0023.txt,5,utf-8
7018,LIP-RTVE,speaker281_0024,82,../data/LIP-RTVE/WAVs/speaker281/speaker281_0024.wav,../data/LIP-RTVE/ROIs/speaker281/speaker281_0024.npz,../data/LIP-RTVE/transcriptions/speaker281/speaker281_0024.txt,5,utf-8
7019,LIP-RTVE,speaker281_0025,121,../data/LIP-RTVE/WAVs/speaker281/speaker281_0025.wav,../data/LIP-RTVE/ROIs/speaker281/speaker281_0025.npz,../data/LIP-RTVE/transcriptions/speaker281/speaker281_0025.txt,5,utf-8
7020,LIP-RTVE,speaker281_0026,206,../data/LIP-RTVE/WAVs/speaker281/speaker281_0026.wav,../data/LIP-RTVE/ROIs/speaker281/speaker281_0026.npz,../data/LIP-RTVE/transcriptions/speaker281/speaker281_0026.txt,5,utf-8
7021,LIP-RTVE,speaker281_0027,135,../data/LIP-RTVE/WAVs/speaker281/speaker281_0027.wav,../data/LIP-RTVE/ROIs/speaker281/speaker281_0027.npz,../data/LIP-RTVE/transcriptions/speaker281/speaker281_0027.txt,5,utf-8
7022,LIP-RTVE,speaker281_0029,142,../data/LIP-RTVE/WAVs/speaker281/speaker281_0029.wav,../data/LIP-RTVE/ROIs/speaker281/speaker281_0029.npz,../data/LIP-RTVE/transcriptions/speaker281/speaker281_0029.txt,5,utf-8
7023,LIP-RTVE,speaker281_0030,187,../data/LIP-RTVE/WAVs/speaker281/speaker281_0030.wav,../data/LIP-RTVE/ROIs/speaker281/speaker281_0030.npz,../data/LIP-RTVE/transcriptions/speaker281/speaker281_0030.txt,5,utf-8
7024,LIP-RTVE,speaker281_0032,250,../data/LIP-RTVE/WAVs/speaker281/speaker281_0032.wav,../data/LIP-RTVE/ROIs/speaker281/speaker281_0032.npz,../data/LIP-RTVE/transcriptions/speaker281/speaker281_0032.txt,5,utf-8
7025,LIP-RTVE,speaker281_0033,183,../data/LIP-RTVE/WAVs/speaker281/speaker281_0033.wav,../data/LIP-RTVE/ROIs/speaker281/speaker281_0033.npz,../data/LIP-RTVE/transcriptions/speaker281/speaker281_0033.txt,5,utf-8
7026,LIP-RTVE,speaker281_0044,175,../data/LIP-RTVE/WAVs/speaker281/speaker281_0044.wav,../data/LIP-RTVE/ROIs/speaker281/speaker281_0044.npz,../data/LIP-RTVE/transcriptions/speaker281/speaker281_0044.txt,5,utf-8
7027,LIP-RTVE,speaker281_0045,229,../data/LIP-RTVE/WAVs/speaker281/speaker281_0045.wav,../data/LIP-RTVE/ROIs/speaker281/speaker281_0045.npz,../data/LIP-RTVE/transcriptions/speaker281/speaker281_0045.txt,5,utf-8
7028,LIP-RTVE,speaker281_0046,60,../data/LIP-RTVE/WAVs/speaker281/speaker281_0046.wav,../data/LIP-RTVE/ROIs/speaker281/speaker281_0046.npz,../data/LIP-RTVE/transcriptions/speaker281/speaker281_0046.txt,5,utf-8
7029,LIP-RTVE,speaker281_0047,117,../data/LIP-RTVE/WAVs/speaker281/speaker281_0047.wav,../data/LIP-RTVE/ROIs/speaker281/speaker281_0047.npz,../data/LIP-RTVE/transcriptions/speaker281/speaker281_0047.txt,5,utf-8
7030,LIP-RTVE,speaker281_0049,209,../data/LIP-RTVE/WAVs/speaker281/speaker281_0049.wav,../data/LIP-RTVE/ROIs/speaker281/speaker281_0049.npz,../data/LIP-RTVE/transcriptions/speaker281/speaker281_0049.txt,5,utf-8
7031,LIP-RTVE,speaker282_0002,140,../data/LIP-RTVE/WAVs/speaker282/speaker282_0002.wav,../data/LIP-RTVE/ROIs/speaker282/speaker282_0002.npz,../data/LIP-RTVE/transcriptions/speaker282/speaker282_0002.txt,5,utf-8
7032,LIP-RTVE,speaker282_0003,226,../data/LIP-RTVE/WAVs/speaker282/speaker282_0003.wav,../data/LIP-RTVE/ROIs/speaker282/speaker282_0003.npz,../data/LIP-RTVE/transcriptions/speaker282/speaker282_0003.txt,5,utf-8
7033,LIP-RTVE,speaker282_0004,85,../data/LIP-RTVE/WAVs/speaker282/speaker282_0004.wav,../data/LIP-RTVE/ROIs/speaker282/speaker282_0004.npz,../data/LIP-RTVE/transcriptions/speaker282/speaker282_0004.txt,5,utf-8
7034,LIP-RTVE,speaker282_0005,189,../data/LIP-RTVE/WAVs/speaker282/speaker282_0005.wav,../data/LIP-RTVE/ROIs/speaker282/speaker282_0005.npz,../data/LIP-RTVE/transcriptions/speaker282/speaker282_0005.txt,5,utf-8
7035,LIP-RTVE,speaker282_0006,114,../data/LIP-RTVE/WAVs/speaker282/speaker282_0006.wav,../data/LIP-RTVE/ROIs/speaker282/speaker282_0006.npz,../data/LIP-RTVE/transcriptions/speaker282/speaker282_0006.txt,5,utf-8
7036,LIP-RTVE,speaker282_0007,197,../data/LIP-RTVE/WAVs/speaker282/speaker282_0007.wav,../data/LIP-RTVE/ROIs/speaker282/speaker282_0007.npz,../data/LIP-RTVE/transcriptions/speaker282/speaker282_0007.txt,5,utf-8
7037,LIP-RTVE,speaker282_0009,191,../data/LIP-RTVE/WAVs/speaker282/speaker282_0009.wav,../data/LIP-RTVE/ROIs/speaker282/speaker282_0009.npz,../data/LIP-RTVE/transcriptions/speaker282/speaker282_0009.txt,5,utf-8
7038,LIP-RTVE,speaker282_0010,115,../data/LIP-RTVE/WAVs/speaker282/speaker282_0010.wav,../data/LIP-RTVE/ROIs/speaker282/speaker282_0010.npz,../data/LIP-RTVE/transcriptions/speaker282/speaker282_0010.txt,5,utf-8
7039,LIP-RTVE,speaker282_0012,42,../data/LIP-RTVE/WAVs/speaker282/speaker282_0012.wav,../data/LIP-RTVE/ROIs/speaker282/speaker282_0012.npz,../data/LIP-RTVE/transcriptions/speaker282/speaker282_0012.txt,5,utf-8
7040,LIP-RTVE,speaker282_0013,115,../data/LIP-RTVE/WAVs/speaker282/speaker282_0013.wav,../data/LIP-RTVE/ROIs/speaker282/speaker282_0013.npz,../data/LIP-RTVE/transcriptions/speaker282/speaker282_0013.txt,5,utf-8
7041,LIP-RTVE,speaker282_0014,62,../data/LIP-RTVE/WAVs/speaker282/speaker282_0014.wav,../data/LIP-RTVE/ROIs/speaker282/speaker282_0014.npz,../data/LIP-RTVE/transcriptions/speaker282/speaker282_0014.txt,5,utf-8
7042,LIP-RTVE,speaker283_0000,94,../data/LIP-RTVE/WAVs/speaker283/speaker283_0000.wav,../data/LIP-RTVE/ROIs/speaker283/speaker283_0000.npz,../data/LIP-RTVE/transcriptions/speaker283/speaker283_0000.txt,5,utf-8
7043,LIP-RTVE,speaker283_0001,218,../data/LIP-RTVE/WAVs/speaker283/speaker283_0001.wav,../data/LIP-RTVE/ROIs/speaker283/speaker283_0001.npz,../data/LIP-RTVE/transcriptions/speaker283/speaker283_0001.txt,5,utf-8
7044,LIP-RTVE,speaker283_0003,81,../data/LIP-RTVE/WAVs/speaker283/speaker283_0003.wav,../data/LIP-RTVE/ROIs/speaker283/speaker283_0003.npz,../data/LIP-RTVE/transcriptions/speaker283/speaker283_0003.txt,5,utf-8
7045,LIP-RTVE,speaker283_0004,94,../data/LIP-RTVE/WAVs/speaker283/speaker283_0004.wav,../data/LIP-RTVE/ROIs/speaker283/speaker283_0004.npz,../data/LIP-RTVE/transcriptions/speaker283/speaker283_0004.txt,5,utf-8
7046,LIP-RTVE,speaker284_0001,42,../data/LIP-RTVE/WAVs/speaker284/speaker284_0001.wav,../data/LIP-RTVE/ROIs/speaker284/speaker284_0001.npz,../data/LIP-RTVE/transcriptions/speaker284/speaker284_0001.txt,5,utf-8
7047,LIP-RTVE,speaker284_0002,74,../data/LIP-RTVE/WAVs/speaker284/speaker284_0002.wav,../data/LIP-RTVE/ROIs/speaker284/speaker284_0002.npz,../data/LIP-RTVE/transcriptions/speaker284/speaker284_0002.txt,5,utf-8
7048,LIP-RTVE,speaker284_0003,127,../data/LIP-RTVE/WAVs/speaker284/speaker284_0003.wav,../data/LIP-RTVE/ROIs/speaker284/speaker284_0003.npz,../data/LIP-RTVE/transcriptions/speaker284/speaker284_0003.txt,5,utf-8
7049,LIP-RTVE,speaker284_0004,58,../data/LIP-RTVE/WAVs/speaker284/speaker284_0004.wav,../data/LIP-RTVE/ROIs/speaker284/speaker284_0004.npz,../data/LIP-RTVE/transcriptions/speaker284/speaker284_0004.txt,5,utf-8
7050,LIP-RTVE,speaker285_0000,68,../data/LIP-RTVE/WAVs/speaker285/speaker285_0000.wav,../data/LIP-RTVE/ROIs/speaker285/speaker285_0000.npz,../data/LIP-RTVE/transcriptions/speaker285/speaker285_0000.txt,5,utf-8
7051,LIP-RTVE,speaker285_0001,94,../data/LIP-RTVE/WAVs/speaker285/speaker285_0001.wav,../data/LIP-RTVE/ROIs/speaker285/speaker285_0001.npz,../data/LIP-RTVE/transcriptions/speaker285/speaker285_0001.txt,5,utf-8
7052,LIP-RTVE,speaker285_0002,68,../data/LIP-RTVE/WAVs/speaker285/speaker285_0002.wav,../data/LIP-RTVE/ROIs/speaker285/speaker285_0002.npz,../data/LIP-RTVE/transcriptions/speaker285/speaker285_0002.txt,5,utf-8
7053,LIP-RTVE,speaker285_0005,90,../data/LIP-RTVE/WAVs/speaker285/speaker285_0005.wav,../data/LIP-RTVE/ROIs/speaker285/speaker285_0005.npz,../data/LIP-RTVE/transcriptions/speaker285/speaker285_0005.txt,5,utf-8
7054,LIP-RTVE,speaker285_0006,141,../data/LIP-RTVE/WAVs/speaker285/speaker285_0006.wav,../data/LIP-RTVE/ROIs/speaker285/speaker285_0006.npz,../data/LIP-RTVE/transcriptions/speaker285/speaker285_0006.txt,5,utf-8
7055,LIP-RTVE,speaker285_0007,82,../data/LIP-RTVE/WAVs/speaker285/speaker285_0007.wav,../data/LIP-RTVE/ROIs/speaker285/speaker285_0007.npz,../data/LIP-RTVE/transcriptions/speaker285/speaker285_0007.txt,5,utf-8
7056,LIP-RTVE,speaker286_0000,131,../data/LIP-RTVE/WAVs/speaker286/speaker286_0000.wav,../data/LIP-RTVE/ROIs/speaker286/speaker286_0000.npz,../data/LIP-RTVE/transcriptions/speaker286/speaker286_0000.txt,5,utf-8
7057,LIP-RTVE,speaker286_0001,52,../data/LIP-RTVE/WAVs/speaker286/speaker286_0001.wav,../data/LIP-RTVE/ROIs/speaker286/speaker286_0001.npz,../data/LIP-RTVE/transcriptions/speaker286/speaker286_0001.txt,5,utf-8
7058,LIP-RTVE,speaker286_0002,108,../data/LIP-RTVE/WAVs/speaker286/speaker286_0002.wav,../data/LIP-RTVE/ROIs/speaker286/speaker286_0002.npz,../data/LIP-RTVE/transcriptions/speaker286/speaker286_0002.txt,5,utf-8
7059,LIP-RTVE,speaker286_0003,31,../data/LIP-RTVE/WAVs/speaker286/speaker286_0003.wav,../data/LIP-RTVE/ROIs/speaker286/speaker286_0003.npz,../data/LIP-RTVE/transcriptions/speaker286/speaker286_0003.txt,5,utf-8
7060,LIP-RTVE,speaker287_0002,124,../data/LIP-RTVE/WAVs/speaker287/speaker287_0002.wav,../data/LIP-RTVE/ROIs/speaker287/speaker287_0002.npz,../data/LIP-RTVE/transcriptions/speaker287/speaker287_0002.txt,5,utf-8
7061,LIP-RTVE,speaker287_0003,96,../data/LIP-RTVE/WAVs/speaker287/speaker287_0003.wav,../data/LIP-RTVE/ROIs/speaker287/speaker287_0003.npz,../data/LIP-RTVE/transcriptions/speaker287/speaker287_0003.txt,5,utf-8
7062,LIP-RTVE,speaker288_0004,211,../data/LIP-RTVE/WAVs/speaker288/speaker288_0004.wav,../data/LIP-RTVE/ROIs/speaker288/speaker288_0004.npz,../data/LIP-RTVE/transcriptions/speaker288/speaker288_0004.txt,5,utf-8
7063,LIP-RTVE,speaker288_0005,104,../data/LIP-RTVE/WAVs/speaker288/speaker288_0005.wav,../data/LIP-RTVE/ROIs/speaker288/speaker288_0005.npz,../data/LIP-RTVE/transcriptions/speaker288/speaker288_0005.txt,5,utf-8
7064,LIP-RTVE,speaker288_0006,238,../data/LIP-RTVE/WAVs/speaker288/speaker288_0006.wav,../data/LIP-RTVE/ROIs/speaker288/speaker288_0006.npz,../data/LIP-RTVE/transcriptions/speaker288/speaker288_0006.txt,5,utf-8
7065,LIP-RTVE,speaker288_0007,43,../data/LIP-RTVE/WAVs/speaker288/speaker288_0007.wav,../data/LIP-RTVE/ROIs/speaker288/speaker288_0007.npz,../data/LIP-RTVE/transcriptions/speaker288/speaker288_0007.txt,5,utf-8
7066,LIP-RTVE,speaker288_0008,124,../data/LIP-RTVE/WAVs/speaker288/speaker288_0008.wav,../data/LIP-RTVE/ROIs/speaker288/speaker288_0008.npz,../data/LIP-RTVE/transcriptions/speaker288/speaker288_0008.txt,5,utf-8
7067,LIP-RTVE,speaker288_0009,81,../data/LIP-RTVE/WAVs/speaker288/speaker288_0009.wav,../data/LIP-RTVE/ROIs/speaker288/speaker288_0009.npz,../data/LIP-RTVE/transcriptions/speaker288/speaker288_0009.txt,5,utf-8
7068,LIP-RTVE,speaker288_0010,36,../data/LIP-RTVE/WAVs/speaker288/speaker288_0010.wav,../data/LIP-RTVE/ROIs/speaker288/speaker288_0010.npz,../data/LIP-RTVE/transcriptions/speaker288/speaker288_0010.txt,5,utf-8
7069,LIP-RTVE,speaker288_0012,162,../data/LIP-RTVE/WAVs/speaker288/speaker288_0012.wav,../data/LIP-RTVE/ROIs/speaker288/speaker288_0012.npz,../data/LIP-RTVE/transcriptions/speaker288/speaker288_0012.txt,5,utf-8
7070,LIP-RTVE,speaker288_0013,92,../data/LIP-RTVE/WAVs/speaker288/speaker288_0013.wav,../data/LIP-RTVE/ROIs/speaker288/speaker288_0013.npz,../data/LIP-RTVE/transcriptions/speaker288/speaker288_0013.txt,5,utf-8
7071,LIP-RTVE,speaker288_0014,80,../data/LIP-RTVE/WAVs/speaker288/speaker288_0014.wav,../data/LIP-RTVE/ROIs/speaker288/speaker288_0014.npz,../data/LIP-RTVE/transcriptions/speaker288/speaker288_0014.txt,5,utf-8
7072,LIP-RTVE,speaker289_0001,215,../data/LIP-RTVE/WAVs/speaker289/speaker289_0001.wav,../data/LIP-RTVE/ROIs/speaker289/speaker289_0001.npz,../data/LIP-RTVE/transcriptions/speaker289/speaker289_0001.txt,5,utf-8
7073,LIP-RTVE,speaker289_0002,112,../data/LIP-RTVE/WAVs/speaker289/speaker289_0002.wav,../data/LIP-RTVE/ROIs/speaker289/speaker289_0002.npz,../data/LIP-RTVE/transcriptions/speaker289/speaker289_0002.txt,5,utf-8
7074,LIP-RTVE,speaker290_0000,60,../data/LIP-RTVE/WAVs/speaker290/speaker290_0000.wav,../data/LIP-RTVE/ROIs/speaker290/speaker290_0000.npz,../data/LIP-RTVE/transcriptions/speaker290/speaker290_0000.txt,5,utf-8
7075,LIP-RTVE,speaker290_0001,110,../data/LIP-RTVE/WAVs/speaker290/speaker290_0001.wav,../data/LIP-RTVE/ROIs/speaker290/speaker290_0001.npz,../data/LIP-RTVE/transcriptions/speaker290/speaker290_0001.txt,5,utf-8
7076,LIP-RTVE,speaker291_0000,270,../data/LIP-RTVE/WAVs/speaker291/speaker291_0000.wav,../data/LIP-RTVE/ROIs/speaker291/speaker291_0000.npz,../data/LIP-RTVE/transcriptions/speaker291/speaker291_0000.txt,5,utf-8
7077,LIP-RTVE,speaker291_0002,70,../data/LIP-RTVE/WAVs/speaker291/speaker291_0002.wav,../data/LIP-RTVE/ROIs/speaker291/speaker291_0002.npz,../data/LIP-RTVE/transcriptions/speaker291/speaker291_0002.txt,5,utf-8
7078,LIP-RTVE,speaker291_0003,69,../data/LIP-RTVE/WAVs/speaker291/speaker291_0003.wav,../data/LIP-RTVE/ROIs/speaker291/speaker291_0003.npz,../data/LIP-RTVE/transcriptions/speaker291/speaker291_0003.txt,5,utf-8
7079,LIP-RTVE,speaker292_0001,107,../data/LIP-RTVE/WAVs/speaker292/speaker292_0001.wav,../data/LIP-RTVE/ROIs/speaker292/speaker292_0001.npz,../data/LIP-RTVE/transcriptions/speaker292/speaker292_0001.txt,5,utf-8
7080,LIP-RTVE,speaker292_0002,240,../data/LIP-RTVE/WAVs/speaker292/speaker292_0002.wav,../data/LIP-RTVE/ROIs/speaker292/speaker292_0002.npz,../data/LIP-RTVE/transcriptions/speaker292/speaker292_0002.txt,5,utf-8
7081,LIP-RTVE,speaker292_0003,142,../data/LIP-RTVE/WAVs/speaker292/speaker292_0003.wav,../data/LIP-RTVE/ROIs/speaker292/speaker292_0003.npz,../data/LIP-RTVE/transcriptions/speaker292/speaker292_0003.txt,5,utf-8
7082,LIP-RTVE,speaker292_0004,58,../data/LIP-RTVE/WAVs/speaker292/speaker292_0004.wav,../data/LIP-RTVE/ROIs/speaker292/speaker292_0004.npz,../data/LIP-RTVE/transcriptions/speaker292/speaker292_0004.txt,5,utf-8
7083,LIP-RTVE,speaker292_0005,169,../data/LIP-RTVE/WAVs/speaker292/speaker292_0005.wav,../data/LIP-RTVE/ROIs/speaker292/speaker292_0005.npz,../data/LIP-RTVE/transcriptions/speaker292/speaker292_0005.txt,5,utf-8
7084,LIP-RTVE,speaker292_0006,207,../data/LIP-RTVE/WAVs/speaker292/speaker292_0006.wav,../data/LIP-RTVE/ROIs/speaker292/speaker292_0006.npz,../data/LIP-RTVE/transcriptions/speaker292/speaker292_0006.txt,5,utf-8
7085,LIP-RTVE,speaker292_0007,259,../data/LIP-RTVE/WAVs/speaker292/speaker292_0007.wav,../data/LIP-RTVE/ROIs/speaker292/speaker292_0007.npz,../data/LIP-RTVE/transcriptions/speaker292/speaker292_0007.txt,5,utf-8
7086,LIP-RTVE,speaker292_0009,200,../data/LIP-RTVE/WAVs/speaker292/speaker292_0009.wav,../data/LIP-RTVE/ROIs/speaker292/speaker292_0009.npz,../data/LIP-RTVE/transcriptions/speaker292/speaker292_0009.txt,5,utf-8
7087,LIP-RTVE,speaker292_0012,49,../data/LIP-RTVE/WAVs/speaker292/speaker292_0012.wav,../data/LIP-RTVE/ROIs/speaker292/speaker292_0012.npz,../data/LIP-RTVE/transcriptions/speaker292/speaker292_0012.txt,5,utf-8
7088,LIP-RTVE,speaker292_0013,121,../data/LIP-RTVE/WAVs/speaker292/speaker292_0013.wav,../data/LIP-RTVE/ROIs/speaker292/speaker292_0013.npz,../data/LIP-RTVE/transcriptions/speaker292/speaker292_0013.txt,5,utf-8
7089,LIP-RTVE,speaker292_0014,203,../data/LIP-RTVE/WAVs/speaker292/speaker292_0014.wav,../data/LIP-RTVE/ROIs/speaker292/speaker292_0014.npz,../data/LIP-RTVE/transcriptions/speaker292/speaker292_0014.txt,5,utf-8
7090,LIP-RTVE,speaker292_0016,134,../data/LIP-RTVE/WAVs/speaker292/speaker292_0016.wav,../data/LIP-RTVE/ROIs/speaker292/speaker292_0016.npz,../data/LIP-RTVE/transcriptions/speaker292/speaker292_0016.txt,5,utf-8
7091,LIP-RTVE,speaker294_0000,164,../data/LIP-RTVE/WAVs/speaker294/speaker294_0000.wav,../data/LIP-RTVE/ROIs/speaker294/speaker294_0000.npz,../data/LIP-RTVE/transcriptions/speaker294/speaker294_0000.txt,5,utf-8
7092,LIP-RTVE,speaker294_0001,130,../data/LIP-RTVE/WAVs/speaker294/speaker294_0001.wav,../data/LIP-RTVE/ROIs/speaker294/speaker294_0001.npz,../data/LIP-RTVE/transcriptions/speaker294/speaker294_0001.txt,5,utf-8
7093,LIP-RTVE,speaker295_0000,176,../data/LIP-RTVE/WAVs/speaker295/speaker295_0000.wav,../data/LIP-RTVE/ROIs/speaker295/speaker295_0000.npz,../data/LIP-RTVE/transcriptions/speaker295/speaker295_0000.txt,5,utf-8
7094,LIP-RTVE,speaker295_0001,117,../data/LIP-RTVE/WAVs/speaker295/speaker295_0001.wav,../data/LIP-RTVE/ROIs/speaker295/speaker295_0001.npz,../data/LIP-RTVE/transcriptions/speaker295/speaker295_0001.txt,5,utf-8
7095,LIP-RTVE,speaker295_0002,65,../data/LIP-RTVE/WAVs/speaker295/speaker295_0002.wav,../data/LIP-RTVE/ROIs/speaker295/speaker295_0002.npz,../data/LIP-RTVE/transcriptions/speaker295/speaker295_0002.txt,5,utf-8
7096,LIP-RTVE,speaker296_0000,94,../data/LIP-RTVE/WAVs/speaker296/speaker296_0000.wav,../data/LIP-RTVE/ROIs/speaker296/speaker296_0000.npz,../data/LIP-RTVE/transcriptions/speaker296/speaker296_0000.txt,5,utf-8
7097,LIP-RTVE,speaker296_0001,50,../data/LIP-RTVE/WAVs/speaker296/speaker296_0001.wav,../data/LIP-RTVE/ROIs/speaker296/speaker296_0001.npz,../data/LIP-RTVE/transcriptions/speaker296/speaker296_0001.txt,5,utf-8
7098,LIP-RTVE,speaker296_0002,158,../data/LIP-RTVE/WAVs/speaker296/speaker296_0002.wav,../data/LIP-RTVE/ROIs/speaker296/speaker296_0002.npz,../data/LIP-RTVE/transcriptions/speaker296/speaker296_0002.txt,5,utf-8
7099,LIP-RTVE,speaker296_0004,72,../data/LIP-RTVE/WAVs/speaker296/speaker296_0004.wav,../data/LIP-RTVE/ROIs/speaker296/speaker296_0004.npz,../data/LIP-RTVE/transcriptions/speaker296/speaker296_0004.txt,5,utf-8
7100,LIP-RTVE,speaker296_0005,85,../data/LIP-RTVE/WAVs/speaker296/speaker296_0005.wav,../data/LIP-RTVE/ROIs/speaker296/speaker296_0005.npz,../data/LIP-RTVE/transcriptions/speaker296/speaker296_0005.txt,5,utf-8
7101,LIP-RTVE,speaker297_0000,154,../data/LIP-RTVE/WAVs/speaker297/speaker297_0000.wav,../data/LIP-RTVE/ROIs/speaker297/speaker297_0000.npz,../data/LIP-RTVE/transcriptions/speaker297/speaker297_0000.txt,5,utf-8
7102,LIP-RTVE,speaker297_0003,112,../data/LIP-RTVE/WAVs/speaker297/speaker297_0003.wav,../data/LIP-RTVE/ROIs/speaker297/speaker297_0003.npz,../data/LIP-RTVE/transcriptions/speaker297/speaker297_0003.txt,5,utf-8
7103,LIP-RTVE,speaker297_0004,164,../data/LIP-RTVE/WAVs/speaker297/speaker297_0004.wav,../data/LIP-RTVE/ROIs/speaker297/speaker297_0004.npz,../data/LIP-RTVE/transcriptions/speaker297/speaker297_0004.txt,5,utf-8
7104,LIP-RTVE,speaker297_0005,92,../data/LIP-RTVE/WAVs/speaker297/speaker297_0005.wav,../data/LIP-RTVE/ROIs/speaker297/speaker297_0005.npz,../data/LIP-RTVE/transcriptions/speaker297/speaker297_0005.txt,5,utf-8
7105,LIP-RTVE,speaker297_0006,237,../data/LIP-RTVE/WAVs/speaker297/speaker297_0006.wav,../data/LIP-RTVE/ROIs/speaker297/speaker297_0006.npz,../data/LIP-RTVE/transcriptions/speaker297/speaker297_0006.txt,5,utf-8
7106,LIP-RTVE,speaker297_0007,150,../data/LIP-RTVE/WAVs/speaker297/speaker297_0007.wav,../data/LIP-RTVE/ROIs/speaker297/speaker297_0007.npz,../data/LIP-RTVE/transcriptions/speaker297/speaker297_0007.txt,5,utf-8
7107,LIP-RTVE,speaker298_0001,28,../data/LIP-RTVE/WAVs/speaker298/speaker298_0001.wav,../data/LIP-RTVE/ROIs/speaker298/speaker298_0001.npz,../data/LIP-RTVE/transcriptions/speaker298/speaker298_0001.txt,5,utf-8
7108,LIP-RTVE,speaker298_0004,231,../data/LIP-RTVE/WAVs/speaker298/speaker298_0004.wav,../data/LIP-RTVE/ROIs/speaker298/speaker298_0004.npz,../data/LIP-RTVE/transcriptions/speaker298/speaker298_0004.txt,5,utf-8
7109,LIP-RTVE,speaker298_0005,128,../data/LIP-RTVE/WAVs/speaker298/speaker298_0005.wav,../data/LIP-RTVE/ROIs/speaker298/speaker298_0005.npz,../data/LIP-RTVE/transcriptions/speaker298/speaker298_0005.txt,5,utf-8
7110,LIP-RTVE,speaker298_0006,267,../data/LIP-RTVE/WAVs/speaker298/speaker298_0006.wav,../data/LIP-RTVE/ROIs/speaker298/speaker298_0006.npz,../data/LIP-RTVE/transcriptions/speaker298/speaker298_0006.txt,5,utf-8
7111,LIP-RTVE,speaker298_0008,111,../data/LIP-RTVE/WAVs/speaker298/speaker298_0008.wav,../data/LIP-RTVE/ROIs/speaker298/speaker298_0008.npz,../data/LIP-RTVE/transcriptions/speaker298/speaker298_0008.txt,5,utf-8
7112,LIP-RTVE,speaker298_0009,48,../data/LIP-RTVE/WAVs/speaker298/speaker298_0009.wav,../data/LIP-RTVE/ROIs/speaker298/speaker298_0009.npz,../data/LIP-RTVE/transcriptions/speaker298/speaker298_0009.txt,5,utf-8
7113,LIP-RTVE,speaker299_0000,86,../data/LIP-RTVE/WAVs/speaker299/speaker299_0000.wav,../data/LIP-RTVE/ROIs/speaker299/speaker299_0000.npz,../data/LIP-RTVE/transcriptions/speaker299/speaker299_0000.txt,5,utf-8
7114,LIP-RTVE,speaker299_0003,275,../data/LIP-RTVE/WAVs/speaker299/speaker299_0003.wav,../data/LIP-RTVE/ROIs/speaker299/speaker299_0003.npz,../data/LIP-RTVE/transcriptions/speaker299/speaker299_0003.txt,5,utf-8
7115,LIP-RTVE,speaker299_0004,158,../data/LIP-RTVE/WAVs/speaker299/speaker299_0004.wav,../data/LIP-RTVE/ROIs/speaker299/speaker299_0004.npz,../data/LIP-RTVE/transcriptions/speaker299/speaker299_0004.txt,5,utf-8
7116,LIP-RTVE,speaker299_0005,109,../data/LIP-RTVE/WAVs/speaker299/speaker299_0005.wav,../data/LIP-RTVE/ROIs/speaker299/speaker299_0005.npz,../data/LIP-RTVE/transcriptions/speaker299/speaker299_0005.txt,5,utf-8
7117,LIP-RTVE,speaker299_0006,52,../data/LIP-RTVE/WAVs/speaker299/speaker299_0006.wav,../data/LIP-RTVE/ROIs/speaker299/speaker299_0006.npz,../data/LIP-RTVE/transcriptions/speaker299/speaker299_0006.txt,5,utf-8
7118,LIP-RTVE,speaker300_0000,130,../data/LIP-RTVE/WAVs/speaker300/speaker300_0000.wav,../data/LIP-RTVE/ROIs/speaker300/speaker300_0000.npz,../data/LIP-RTVE/transcriptions/speaker300/speaker300_0000.txt,5,utf-8
7119,LIP-RTVE,speaker300_0001,92,../data/LIP-RTVE/WAVs/speaker300/speaker300_0001.wav,../data/LIP-RTVE/ROIs/speaker300/speaker300_0001.npz,../data/LIP-RTVE/transcriptions/speaker300/speaker300_0001.txt,5,utf-8
7120,LIP-RTVE,speaker301_0001,34,../data/LIP-RTVE/WAVs/speaker301/speaker301_0001.wav,../data/LIP-RTVE/ROIs/speaker301/speaker301_0001.npz,../data/LIP-RTVE/transcriptions/speaker301/speaker301_0001.txt,5,utf-8
7121,LIP-RTVE,speaker301_0002,44,../data/LIP-RTVE/WAVs/speaker301/speaker301_0002.wav,../data/LIP-RTVE/ROIs/speaker301/speaker301_0002.npz,../data/LIP-RTVE/transcriptions/speaker301/speaker301_0002.txt,5,utf-8
7122,LIP-RTVE,speaker301_0003,106,../data/LIP-RTVE/WAVs/speaker301/speaker301_0003.wav,../data/LIP-RTVE/ROIs/speaker301/speaker301_0003.npz,../data/LIP-RTVE/transcriptions/speaker301/speaker301_0003.txt,5,utf-8
7123,LIP-RTVE,speaker301_0004,66,../data/LIP-RTVE/WAVs/speaker301/speaker301_0004.wav,../data/LIP-RTVE/ROIs/speaker301/speaker301_0004.npz,../data/LIP-RTVE/transcriptions/speaker301/speaker301_0004.txt,5,utf-8
7124,LIP-RTVE,speaker302_0000,55,../data/LIP-RTVE/WAVs/speaker302/speaker302_0000.wav,../data/LIP-RTVE/ROIs/speaker302/speaker302_0000.npz,../data/LIP-RTVE/transcriptions/speaker302/speaker302_0000.txt,5,utf-8
7125,LIP-RTVE,speaker302_0002,69,../data/LIP-RTVE/WAVs/speaker302/speaker302_0002.wav,../data/LIP-RTVE/ROIs/speaker302/speaker302_0002.npz,../data/LIP-RTVE/transcriptions/speaker302/speaker302_0002.txt,5,utf-8
7126,LIP-RTVE,speaker302_0003,137,../data/LIP-RTVE/WAVs/speaker302/speaker302_0003.wav,../data/LIP-RTVE/ROIs/speaker302/speaker302_0003.npz,../data/LIP-RTVE/transcriptions/speaker302/speaker302_0003.txt,5,utf-8
7127,LIP-RTVE,speaker302_0004,75,../data/LIP-RTVE/WAVs/speaker302/speaker302_0004.wav,../data/LIP-RTVE/ROIs/speaker302/speaker302_0004.npz,../data/LIP-RTVE/transcriptions/speaker302/speaker302_0004.txt,5,utf-8
7128,LIP-RTVE,speaker303_0000,73,../data/LIP-RTVE/WAVs/speaker303/speaker303_0000.wav,../data/LIP-RTVE/ROIs/speaker303/speaker303_0000.npz,../data/LIP-RTVE/transcriptions/speaker303/speaker303_0000.txt,5,utf-8
7129,LIP-RTVE,speaker303_0002,166,../data/LIP-RTVE/WAVs/speaker303/speaker303_0002.wav,../data/LIP-RTVE/ROIs/speaker303/speaker303_0002.npz,../data/LIP-RTVE/transcriptions/speaker303/speaker303_0002.txt,5,utf-8
7130,LIP-RTVE,speaker303_0003,107,../data/LIP-RTVE/WAVs/speaker303/speaker303_0003.wav,../data/LIP-RTVE/ROIs/speaker303/speaker303_0003.npz,../data/LIP-RTVE/transcriptions/speaker303/speaker303_0003.txt,5,utf-8
7131,LIP-RTVE,speaker303_0004,46,../data/LIP-RTVE/WAVs/speaker303/speaker303_0004.wav,../data/LIP-RTVE/ROIs/speaker303/speaker303_0004.npz,../data/LIP-RTVE/transcriptions/speaker303/speaker303_0004.txt,5,utf-8
7132,LIP-RTVE,speaker303_0005,115,../data/LIP-RTVE/WAVs/speaker303/speaker303_0005.wav,../data/LIP-RTVE/ROIs/speaker303/speaker303_0005.npz,../data/LIP-RTVE/transcriptions/speaker303/speaker303_0005.txt,5,utf-8
7133,LIP-RTVE,speaker304_0002,59,../data/LIP-RTVE/WAVs/speaker304/speaker304_0002.wav,../data/LIP-RTVE/ROIs/speaker304/speaker304_0002.npz,../data/LIP-RTVE/transcriptions/speaker304/speaker304_0002.txt,5,utf-8
7134,LIP-RTVE,speaker304_0003,27,../data/LIP-RTVE/WAVs/speaker304/speaker304_0003.wav,../data/LIP-RTVE/ROIs/speaker304/speaker304_0003.npz,../data/LIP-RTVE/transcriptions/speaker304/speaker304_0003.txt,5,utf-8
7135,LIP-RTVE,speaker304_0004,63,../data/LIP-RTVE/WAVs/speaker304/speaker304_0004.wav,../data/LIP-RTVE/ROIs/speaker304/speaker304_0004.npz,../data/LIP-RTVE/transcriptions/speaker304/speaker304_0004.txt,5,utf-8
7136,LIP-RTVE,speaker304_0005,103,../data/LIP-RTVE/WAVs/speaker304/speaker304_0005.wav,../data/LIP-RTVE/ROIs/speaker304/speaker304_0005.npz,../data/LIP-RTVE/transcriptions/speaker304/speaker304_0005.txt,5,utf-8
7137,LIP-RTVE,speaker304_0006,151,../data/LIP-RTVE/WAVs/speaker304/speaker304_0006.wav,../data/LIP-RTVE/ROIs/speaker304/speaker304_0006.npz,../data/LIP-RTVE/transcriptions/speaker304/speaker304_0006.txt,5,utf-8
7138,LIP-RTVE,speaker304_0007,56,../data/LIP-RTVE/WAVs/speaker304/speaker304_0007.wav,../data/LIP-RTVE/ROIs/speaker304/speaker304_0007.npz,../data/LIP-RTVE/transcriptions/speaker304/speaker304_0007.txt,5,utf-8
7139,LIP-RTVE,speaker304_0009,207,../data/LIP-RTVE/WAVs/speaker304/speaker304_0009.wav,../data/LIP-RTVE/ROIs/speaker304/speaker304_0009.npz,../data/LIP-RTVE/transcriptions/speaker304/speaker304_0009.txt,5,utf-8
7140,LIP-RTVE,speaker304_0010,111,../data/LIP-RTVE/WAVs/speaker304/speaker304_0010.wav,../data/LIP-RTVE/ROIs/speaker304/speaker304_0010.npz,../data/LIP-RTVE/transcriptions/speaker304/speaker304_0010.txt,5,utf-8
7141,LIP-RTVE,speaker304_0011,243,../data/LIP-RTVE/WAVs/speaker304/speaker304_0011.wav,../data/LIP-RTVE/ROIs/speaker304/speaker304_0011.npz,../data/LIP-RTVE/transcriptions/speaker304/speaker304_0011.txt,5,utf-8
7142,LIP-RTVE,speaker304_0013,270,../data/LIP-RTVE/WAVs/speaker304/speaker304_0013.wav,../data/LIP-RTVE/ROIs/speaker304/speaker304_0013.npz,../data/LIP-RTVE/transcriptions/speaker304/speaker304_0013.txt,5,utf-8
7143,LIP-RTVE,speaker304_0014,78,../data/LIP-RTVE/WAVs/speaker304/speaker304_0014.wav,../data/LIP-RTVE/ROIs/speaker304/speaker304_0014.npz,../data/LIP-RTVE/transcriptions/speaker304/speaker304_0014.txt,5,utf-8
7144,LIP-RTVE,speaker304_0016,86,../data/LIP-RTVE/WAVs/speaker304/speaker304_0016.wav,../data/LIP-RTVE/ROIs/speaker304/speaker304_0016.npz,../data/LIP-RTVE/transcriptions/speaker304/speaker304_0016.txt,5,utf-8
7145,LIP-RTVE,speaker304_0017,234,../data/LIP-RTVE/WAVs/speaker304/speaker304_0017.wav,../data/LIP-RTVE/ROIs/speaker304/speaker304_0017.npz,../data/LIP-RTVE/transcriptions/speaker304/speaker304_0017.txt,5,utf-8
7146,LIP-RTVE,speaker304_0018,150,../data/LIP-RTVE/WAVs/speaker304/speaker304_0018.wav,../data/LIP-RTVE/ROIs/speaker304/speaker304_0018.npz,../data/LIP-RTVE/transcriptions/speaker304/speaker304_0018.txt,5,utf-8
7147,LIP-RTVE,speaker305_0000,199,../data/LIP-RTVE/WAVs/speaker305/speaker305_0000.wav,../data/LIP-RTVE/ROIs/speaker305/speaker305_0000.npz,../data/LIP-RTVE/transcriptions/speaker305/speaker305_0000.txt,5,utf-8
7148,LIP-RTVE,speaker305_0001,29,../data/LIP-RTVE/WAVs/speaker305/speaker305_0001.wav,../data/LIP-RTVE/ROIs/speaker305/speaker305_0001.npz,../data/LIP-RTVE/transcriptions/speaker305/speaker305_0001.txt,5,utf-8
7149,LIP-RTVE,speaker305_0002,94,../data/LIP-RTVE/WAVs/speaker305/speaker305_0002.wav,../data/LIP-RTVE/ROIs/speaker305/speaker305_0002.npz,../data/LIP-RTVE/transcriptions/speaker305/speaker305_0002.txt,5,utf-8
7150,LIP-RTVE,speaker306_0000,171,../data/LIP-RTVE/WAVs/speaker306/speaker306_0000.wav,../data/LIP-RTVE/ROIs/speaker306/speaker306_0000.npz,../data/LIP-RTVE/transcriptions/speaker306/speaker306_0000.txt,5,utf-8
7151,LIP-RTVE,speaker306_0001,243,../data/LIP-RTVE/WAVs/speaker306/speaker306_0001.wav,../data/LIP-RTVE/ROIs/speaker306/speaker306_0001.npz,../data/LIP-RTVE/transcriptions/speaker306/speaker306_0001.txt,5,utf-8
7152,LIP-RTVE,speaker306_0002,191,../data/LIP-RTVE/WAVs/speaker306/speaker306_0002.wav,../data/LIP-RTVE/ROIs/speaker306/speaker306_0002.npz,../data/LIP-RTVE/transcriptions/speaker306/speaker306_0002.txt,5,utf-8
7153,LIP-RTVE,speaker307_0000,101,../data/LIP-RTVE/WAVs/speaker307/speaker307_0000.wav,../data/LIP-RTVE/ROIs/speaker307/speaker307_0000.npz,../data/LIP-RTVE/transcriptions/speaker307/speaker307_0000.txt,5,utf-8
7154,LIP-RTVE,speaker307_0001,266,../data/LIP-RTVE/WAVs/speaker307/speaker307_0001.wav,../data/LIP-RTVE/ROIs/speaker307/speaker307_0001.npz,../data/LIP-RTVE/transcriptions/speaker307/speaker307_0001.txt,5,utf-8
7155,LIP-RTVE,speaker307_0002,74,../data/LIP-RTVE/WAVs/speaker307/speaker307_0002.wav,../data/LIP-RTVE/ROIs/speaker307/speaker307_0002.npz,../data/LIP-RTVE/transcriptions/speaker307/speaker307_0002.txt,5,utf-8
7156,LIP-RTVE,speaker307_0004,106,../data/LIP-RTVE/WAVs/speaker307/speaker307_0004.wav,../data/LIP-RTVE/ROIs/speaker307/speaker307_0004.npz,../data/LIP-RTVE/transcriptions/speaker307/speaker307_0004.txt,5,utf-8
7157,LIP-RTVE,speaker308_0000,54,../data/LIP-RTVE/WAVs/speaker308/speaker308_0000.wav,../data/LIP-RTVE/ROIs/speaker308/speaker308_0000.npz,../data/LIP-RTVE/transcriptions/speaker308/speaker308_0000.txt,5,utf-8
7158,LIP-RTVE,speaker308_0001,193,../data/LIP-RTVE/WAVs/speaker308/speaker308_0001.wav,../data/LIP-RTVE/ROIs/speaker308/speaker308_0001.npz,../data/LIP-RTVE/transcriptions/speaker308/speaker308_0001.txt,5,utf-8
7159,LIP-RTVE,speaker308_0002,138,../data/LIP-RTVE/WAVs/speaker308/speaker308_0002.wav,../data/LIP-RTVE/ROIs/speaker308/speaker308_0002.npz,../data/LIP-RTVE/transcriptions/speaker308/speaker308_0002.txt,5,utf-8
7160,LIP-RTVE,speaker308_0003,292,../data/LIP-RTVE/WAVs/speaker308/speaker308_0003.wav,../data/LIP-RTVE/ROIs/speaker308/speaker308_0003.npz,../data/LIP-RTVE/transcriptions/speaker308/speaker308_0003.txt,5,utf-8
7161,LIP-RTVE,speaker308_0004,161,../data/LIP-RTVE/WAVs/speaker308/speaker308_0004.wav,../data/LIP-RTVE/ROIs/speaker308/speaker308_0004.npz,../data/LIP-RTVE/transcriptions/speaker308/speaker308_0004.txt,5,utf-8
7162,LIP-RTVE,speaker308_0007,215,../data/LIP-RTVE/WAVs/speaker308/speaker308_0007.wav,../data/LIP-RTVE/ROIs/speaker308/speaker308_0007.npz,../data/LIP-RTVE/transcriptions/speaker308/speaker308_0007.txt,5,utf-8
7163,LIP-RTVE,speaker309_0000,54,../data/LIP-RTVE/WAVs/speaker309/speaker309_0000.wav,../data/LIP-RTVE/ROIs/speaker309/speaker309_0000.npz,../data/LIP-RTVE/transcriptions/speaker309/speaker309_0000.txt,5,utf-8
7164,LIP-RTVE,speaker309_0001,89,../data/LIP-RTVE/WAVs/speaker309/speaker309_0001.wav,../data/LIP-RTVE/ROIs/speaker309/speaker309_0001.npz,../data/LIP-RTVE/transcriptions/speaker309/speaker309_0001.txt,5,utf-8
7165,LIP-RTVE,speaker309_0002,168,../data/LIP-RTVE/WAVs/speaker309/speaker309_0002.wav,../data/LIP-RTVE/ROIs/speaker309/speaker309_0002.npz,../data/LIP-RTVE/transcriptions/speaker309/speaker309_0002.txt,5,utf-8
7166,LIP-RTVE,speaker309_0003,109,../data/LIP-RTVE/WAVs/speaker309/speaker309_0003.wav,../data/LIP-RTVE/ROIs/speaker309/speaker309_0003.npz,../data/LIP-RTVE/transcriptions/speaker309/speaker309_0003.txt,5,utf-8
7167,LIP-RTVE,speaker309_0005,70,../data/LIP-RTVE/WAVs/speaker309/speaker309_0005.wav,../data/LIP-RTVE/ROIs/speaker309/speaker309_0005.npz,../data/LIP-RTVE/transcriptions/speaker309/speaker309_0005.txt,5,utf-8
7168,LIP-RTVE,speaker310_0001,66,../data/LIP-RTVE/WAVs/speaker310/speaker310_0001.wav,../data/LIP-RTVE/ROIs/speaker310/speaker310_0001.npz,../data/LIP-RTVE/transcriptions/speaker310/speaker310_0001.txt,5,utf-8
7169,LIP-RTVE,speaker310_0003,29,../data/LIP-RTVE/WAVs/speaker310/speaker310_0003.wav,../data/LIP-RTVE/ROIs/speaker310/speaker310_0003.npz,../data/LIP-RTVE/transcriptions/speaker310/speaker310_0003.txt,5,utf-8
7170,LIP-RTVE,speaker310_0004,225,../data/LIP-RTVE/WAVs/speaker310/speaker310_0004.wav,../data/LIP-RTVE/ROIs/speaker310/speaker310_0004.npz,../data/LIP-RTVE/transcriptions/speaker310/speaker310_0004.txt,5,utf-8
7171,LIP-RTVE,speaker310_0005,31,../data/LIP-RTVE/WAVs/speaker310/speaker310_0005.wav,../data/LIP-RTVE/ROIs/speaker310/speaker310_0005.npz,../data/LIP-RTVE/transcriptions/speaker310/speaker310_0005.txt,5,utf-8
7172,LIP-RTVE,speaker310_0006,218,../data/LIP-RTVE/WAVs/speaker310/speaker310_0006.wav,../data/LIP-RTVE/ROIs/speaker310/speaker310_0006.npz,../data/LIP-RTVE/transcriptions/speaker310/speaker310_0006.txt,5,utf-8
7173,LIP-RTVE,speaker310_0007,117,../data/LIP-RTVE/WAVs/speaker310/speaker310_0007.wav,../data/LIP-RTVE/ROIs/speaker310/speaker310_0007.npz,../data/LIP-RTVE/transcriptions/speaker310/speaker310_0007.txt,5,utf-8
7174,LIP-RTVE,speaker310_0008,168,../data/LIP-RTVE/WAVs/speaker310/speaker310_0008.wav,../data/LIP-RTVE/ROIs/speaker310/speaker310_0008.npz,../data/LIP-RTVE/transcriptions/speaker310/speaker310_0008.txt,5,utf-8
7175,LIP-RTVE,speaker310_0009,52,../data/LIP-RTVE/WAVs/speaker310/speaker310_0009.wav,../data/LIP-RTVE/ROIs/speaker310/speaker310_0009.npz,../data/LIP-RTVE/transcriptions/speaker310/speaker310_0009.txt,5,utf-8
7176,LIP-RTVE,speaker311_0000,124,../data/LIP-RTVE/WAVs/speaker311/speaker311_0000.wav,../data/LIP-RTVE/ROIs/speaker311/speaker311_0000.npz,../data/LIP-RTVE/transcriptions/speaker311/speaker311_0000.txt,5,utf-8
7177,LIP-RTVE,speaker311_0001,61,../data/LIP-RTVE/WAVs/speaker311/speaker311_0001.wav,../data/LIP-RTVE/ROIs/speaker311/speaker311_0001.npz,../data/LIP-RTVE/transcriptions/speaker311/speaker311_0001.txt,5,utf-8
7178,LIP-RTVE,speaker312_0000,233,../data/LIP-RTVE/WAVs/speaker312/speaker312_0000.wav,../data/LIP-RTVE/ROIs/speaker312/speaker312_0000.npz,../data/LIP-RTVE/transcriptions/speaker312/speaker312_0000.txt,5,utf-8
7179,LIP-RTVE,speaker312_0001,141,../data/LIP-RTVE/WAVs/speaker312/speaker312_0001.wav,../data/LIP-RTVE/ROIs/speaker312/speaker312_0001.npz,../data/LIP-RTVE/transcriptions/speaker312/speaker312_0001.txt,5,utf-8
7180,LIP-RTVE,speaker312_0002,116,../data/LIP-RTVE/WAVs/speaker312/speaker312_0002.wav,../data/LIP-RTVE/ROIs/speaker312/speaker312_0002.npz,../data/LIP-RTVE/transcriptions/speaker312/speaker312_0002.txt,5,utf-8
7181,LIP-RTVE,speaker312_0003,82,../data/LIP-RTVE/WAVs/speaker312/speaker312_0003.wav,../data/LIP-RTVE/ROIs/speaker312/speaker312_0003.npz,../data/LIP-RTVE/transcriptions/speaker312/speaker312_0003.txt,5,utf-8
7182,LIP-RTVE,speaker312_0004,37,../data/LIP-RTVE/WAVs/speaker312/speaker312_0004.wav,../data/LIP-RTVE/ROIs/speaker312/speaker312_0004.npz,../data/LIP-RTVE/transcriptions/speaker312/speaker312_0004.txt,5,utf-8
7183,LIP-RTVE,speaker312_0005,109,../data/LIP-RTVE/WAVs/speaker312/speaker312_0005.wav,../data/LIP-RTVE/ROIs/speaker312/speaker312_0005.npz,../data/LIP-RTVE/transcriptions/speaker312/speaker312_0005.txt,5,utf-8
7184,LIP-RTVE,speaker312_0006,263,../data/LIP-RTVE/WAVs/speaker312/speaker312_0006.wav,../data/LIP-RTVE/ROIs/speaker312/speaker312_0006.npz,../data/LIP-RTVE/transcriptions/speaker312/speaker312_0006.txt,5,utf-8
7185,LIP-RTVE,speaker312_0009,260,../data/LIP-RTVE/WAVs/speaker312/speaker312_0009.wav,../data/LIP-RTVE/ROIs/speaker312/speaker312_0009.npz,../data/LIP-RTVE/transcriptions/speaker312/speaker312_0009.txt,5,utf-8
7186,LIP-RTVE,speaker312_0010,30,../data/LIP-RTVE/WAVs/speaker312/speaker312_0010.wav,../data/LIP-RTVE/ROIs/speaker312/speaker312_0010.npz,../data/LIP-RTVE/transcriptions/speaker312/speaker312_0010.txt,5,utf-8
7187,LIP-RTVE,speaker312_0011,171,../data/LIP-RTVE/WAVs/speaker312/speaker312_0011.wav,../data/LIP-RTVE/ROIs/speaker312/speaker312_0011.npz,../data/LIP-RTVE/transcriptions/speaker312/speaker312_0011.txt,5,utf-8
7188,LIP-RTVE,speaker312_0012,106,../data/LIP-RTVE/WAVs/speaker312/speaker312_0012.wav,../data/LIP-RTVE/ROIs/speaker312/speaker312_0012.npz,../data/LIP-RTVE/transcriptions/speaker312/speaker312_0012.txt,5,utf-8
7189,LIP-RTVE,speaker313_0000,63,../data/LIP-RTVE/WAVs/speaker313/speaker313_0000.wav,../data/LIP-RTVE/ROIs/speaker313/speaker313_0000.npz,../data/LIP-RTVE/transcriptions/speaker313/speaker313_0000.txt,5,utf-8
7190,LIP-RTVE,speaker313_0001,48,../data/LIP-RTVE/WAVs/speaker313/speaker313_0001.wav,../data/LIP-RTVE/ROIs/speaker313/speaker313_0001.npz,../data/LIP-RTVE/transcriptions/speaker313/speaker313_0001.txt,5,utf-8
7191,LIP-RTVE,speaker313_0003,99,../data/LIP-RTVE/WAVs/speaker313/speaker313_0003.wav,../data/LIP-RTVE/ROIs/speaker313/speaker313_0003.npz,../data/LIP-RTVE/transcriptions/speaker313/speaker313_0003.txt,5,utf-8
7192,LIP-RTVE,speaker313_0004,184,../data/LIP-RTVE/WAVs/speaker313/speaker313_0004.wav,../data/LIP-RTVE/ROIs/speaker313/speaker313_0004.npz,../data/LIP-RTVE/transcriptions/speaker313/speaker313_0004.txt,5,utf-8
7193,LIP-RTVE,speaker313_0006,137,../data/LIP-RTVE/WAVs/speaker313/speaker313_0006.wav,../data/LIP-RTVE/ROIs/speaker313/speaker313_0006.npz,../data/LIP-RTVE/transcriptions/speaker313/speaker313_0006.txt,5,utf-8
7194,LIP-RTVE,speaker313_0009,163,../data/LIP-RTVE/WAVs/speaker313/speaker313_0009.wav,../data/LIP-RTVE/ROIs/speaker313/speaker313_0009.npz,../data/LIP-RTVE/transcriptions/speaker313/speaker313_0009.txt,5,utf-8
7195,LIP-RTVE,speaker314_0001,190,../data/LIP-RTVE/WAVs/speaker314/speaker314_0001.wav,../data/LIP-RTVE/ROIs/speaker314/speaker314_0001.npz,../data/LIP-RTVE/transcriptions/speaker314/speaker314_0001.txt,5,utf-8
7196,LIP-RTVE,speaker314_0002,58,../data/LIP-RTVE/WAVs/speaker314/speaker314_0002.wav,../data/LIP-RTVE/ROIs/speaker314/speaker314_0002.npz,../data/LIP-RTVE/transcriptions/speaker314/speaker314_0002.txt,5,utf-8
7197,LIP-RTVE,speaker314_0003,136,../data/LIP-RTVE/WAVs/speaker314/speaker314_0003.wav,../data/LIP-RTVE/ROIs/speaker314/speaker314_0003.npz,../data/LIP-RTVE/transcriptions/speaker314/speaker314_0003.txt,5,utf-8
7198,LIP-RTVE,speaker314_0004,75,../data/LIP-RTVE/WAVs/speaker314/speaker314_0004.wav,../data/LIP-RTVE/ROIs/speaker314/speaker314_0004.npz,../data/LIP-RTVE/transcriptions/speaker314/speaker314_0004.txt,5,utf-8
7199,LIP-RTVE,speaker314_0005,116,../data/LIP-RTVE/WAVs/speaker314/speaker314_0005.wav,../data/LIP-RTVE/ROIs/speaker314/speaker314_0005.npz,../data/LIP-RTVE/transcriptions/speaker314/speaker314_0005.txt,5,utf-8
7200,LIP-RTVE,speaker314_0007,209,../data/LIP-RTVE/WAVs/speaker314/speaker314_0007.wav,../data/LIP-RTVE/ROIs/speaker314/speaker314_0007.npz,../data/LIP-RTVE/transcriptions/speaker314/speaker314_0007.txt,5,utf-8
7201,LIP-RTVE,speaker314_0008,173,../data/LIP-RTVE/WAVs/speaker314/speaker314_0008.wav,../data/LIP-RTVE/ROIs/speaker314/speaker314_0008.npz,../data/LIP-RTVE/transcriptions/speaker314/speaker314_0008.txt,5,utf-8
7202,LIP-RTVE,speaker314_0010,274,../data/LIP-RTVE/WAVs/speaker314/speaker314_0010.wav,../data/LIP-RTVE/ROIs/speaker314/speaker314_0010.npz,../data/LIP-RTVE/transcriptions/speaker314/speaker314_0010.txt,5,utf-8
7203,LIP-RTVE,speaker314_0011,135,../data/LIP-RTVE/WAVs/speaker314/speaker314_0011.wav,../data/LIP-RTVE/ROIs/speaker314/speaker314_0011.npz,../data/LIP-RTVE/transcriptions/speaker314/speaker314_0011.txt,5,utf-8
7204,LIP-RTVE,speaker314_0012,94,../data/LIP-RTVE/WAVs/speaker314/speaker314_0012.wav,../data/LIP-RTVE/ROIs/speaker314/speaker314_0012.npz,../data/LIP-RTVE/transcriptions/speaker314/speaker314_0012.txt,5,utf-8
7205,LIP-RTVE,speaker314_0013,45,../data/LIP-RTVE/WAVs/speaker314/speaker314_0013.wav,../data/LIP-RTVE/ROIs/speaker314/speaker314_0013.npz,../data/LIP-RTVE/transcriptions/speaker314/speaker314_0013.txt,5,utf-8
7206,LIP-RTVE,speaker315_0002,146,../data/LIP-RTVE/WAVs/speaker315/speaker315_0002.wav,../data/LIP-RTVE/ROIs/speaker315/speaker315_0002.npz,../data/LIP-RTVE/transcriptions/speaker315/speaker315_0002.txt,5,utf-8
7207,LIP-RTVE,speaker315_0007,42,../data/LIP-RTVE/WAVs/speaker315/speaker315_0007.wav,../data/LIP-RTVE/ROIs/speaker315/speaker315_0007.npz,../data/LIP-RTVE/transcriptions/speaker315/speaker315_0007.txt,5,utf-8
7208,LIP-RTVE,speaker315_0008,107,../data/LIP-RTVE/WAVs/speaker315/speaker315_0008.wav,../data/LIP-RTVE/ROIs/speaker315/speaker315_0008.npz,../data/LIP-RTVE/transcriptions/speaker315/speaker315_0008.txt,5,utf-8
7209,LIP-RTVE,speaker315_0009,67,../data/LIP-RTVE/WAVs/speaker315/speaker315_0009.wav,../data/LIP-RTVE/ROIs/speaker315/speaker315_0009.npz,../data/LIP-RTVE/transcriptions/speaker315/speaker315_0009.txt,5,utf-8
7210,LIP-RTVE,speaker315_0012,188,../data/LIP-RTVE/WAVs/speaker315/speaker315_0012.wav,../data/LIP-RTVE/ROIs/speaker315/speaker315_0012.npz,../data/LIP-RTVE/transcriptions/speaker315/speaker315_0012.txt,5,utf-8
7211,LIP-RTVE,speaker315_0013,187,../data/LIP-RTVE/WAVs/speaker315/speaker315_0013.wav,../data/LIP-RTVE/ROIs/speaker315/speaker315_0013.npz,../data/LIP-RTVE/transcriptions/speaker315/speaker315_0013.txt,5,utf-8
7212,LIP-RTVE,speaker315_0015,192,../data/LIP-RTVE/WAVs/speaker315/speaker315_0015.wav,../data/LIP-RTVE/ROIs/speaker315/speaker315_0015.npz,../data/LIP-RTVE/transcriptions/speaker315/speaker315_0015.txt,5,utf-8
7213,LIP-RTVE,speaker315_0016,38,../data/LIP-RTVE/WAVs/speaker315/speaker315_0016.wav,../data/LIP-RTVE/ROIs/speaker315/speaker315_0016.npz,../data/LIP-RTVE/transcriptions/speaker315/speaker315_0016.txt,5,utf-8
7214,LIP-RTVE,speaker315_0017,66,../data/LIP-RTVE/WAVs/speaker315/speaker315_0017.wav,../data/LIP-RTVE/ROIs/speaker315/speaker315_0017.npz,../data/LIP-RTVE/transcriptions/speaker315/speaker315_0017.txt,5,utf-8
7215,LIP-RTVE,speaker315_0018,221,../data/LIP-RTVE/WAVs/speaker315/speaker315_0018.wav,../data/LIP-RTVE/ROIs/speaker315/speaker315_0018.npz,../data/LIP-RTVE/transcriptions/speaker315/speaker315_0018.txt,5,utf-8
7216,LIP-RTVE,speaker315_0019,126,../data/LIP-RTVE/WAVs/speaker315/speaker315_0019.wav,../data/LIP-RTVE/ROIs/speaker315/speaker315_0019.npz,../data/LIP-RTVE/transcriptions/speaker315/speaker315_0019.txt,5,utf-8
7217,LIP-RTVE,speaker315_0020,112,../data/LIP-RTVE/WAVs/speaker315/speaker315_0020.wav,../data/LIP-RTVE/ROIs/speaker315/speaker315_0020.npz,../data/LIP-RTVE/transcriptions/speaker315/speaker315_0020.txt,5,utf-8
7218,LIP-RTVE,speaker315_0021,188,../data/LIP-RTVE/WAVs/speaker315/speaker315_0021.wav,../data/LIP-RTVE/ROIs/speaker315/speaker315_0021.npz,../data/LIP-RTVE/transcriptions/speaker315/speaker315_0021.txt,5,utf-8
7219,LIP-RTVE,speaker315_0022,82,../data/LIP-RTVE/WAVs/speaker315/speaker315_0022.wav,../data/LIP-RTVE/ROIs/speaker315/speaker315_0022.npz,../data/LIP-RTVE/transcriptions/speaker315/speaker315_0022.txt,5,utf-8
7220,LIP-RTVE,speaker315_0024,198,../data/LIP-RTVE/WAVs/speaker315/speaker315_0024.wav,../data/LIP-RTVE/ROIs/speaker315/speaker315_0024.npz,../data/LIP-RTVE/transcriptions/speaker315/speaker315_0024.txt,5,utf-8
7221,LIP-RTVE,speaker315_0025,100,../data/LIP-RTVE/WAVs/speaker315/speaker315_0025.wav,../data/LIP-RTVE/ROIs/speaker315/speaker315_0025.npz,../data/LIP-RTVE/transcriptions/speaker315/speaker315_0025.txt,5,utf-8
7222,LIP-RTVE,speaker315_0026,204,../data/LIP-RTVE/WAVs/speaker315/speaker315_0026.wav,../data/LIP-RTVE/ROIs/speaker315/speaker315_0026.npz,../data/LIP-RTVE/transcriptions/speaker315/speaker315_0026.txt,5,utf-8
7223,LIP-RTVE,speaker316_0000,252,../data/LIP-RTVE/WAVs/speaker316/speaker316_0000.wav,../data/LIP-RTVE/ROIs/speaker316/speaker316_0000.npz,../data/LIP-RTVE/transcriptions/speaker316/speaker316_0000.txt,5,utf-8
7224,LIP-RTVE,speaker316_0001,121,../data/LIP-RTVE/WAVs/speaker316/speaker316_0001.wav,../data/LIP-RTVE/ROIs/speaker316/speaker316_0001.npz,../data/LIP-RTVE/transcriptions/speaker316/speaker316_0001.txt,5,utf-8
7225,LIP-RTVE,speaker316_0002,41,../data/LIP-RTVE/WAVs/speaker316/speaker316_0002.wav,../data/LIP-RTVE/ROIs/speaker316/speaker316_0002.npz,../data/LIP-RTVE/transcriptions/speaker316/speaker316_0002.txt,5,utf-8
7226,LIP-RTVE,speaker316_0004,138,../data/LIP-RTVE/WAVs/speaker316/speaker316_0004.wav,../data/LIP-RTVE/ROIs/speaker316/speaker316_0004.npz,../data/LIP-RTVE/transcriptions/speaker316/speaker316_0004.txt,5,utf-8
7227,LIP-RTVE,speaker316_0005,229,../data/LIP-RTVE/WAVs/speaker316/speaker316_0005.wav,../data/LIP-RTVE/ROIs/speaker316/speaker316_0005.npz,../data/LIP-RTVE/transcriptions/speaker316/speaker316_0005.txt,5,utf-8
7228,LIP-RTVE,speaker316_0006,182,../data/LIP-RTVE/WAVs/speaker316/speaker316_0006.wav,../data/LIP-RTVE/ROIs/speaker316/speaker316_0006.npz,../data/LIP-RTVE/transcriptions/speaker316/speaker316_0006.txt,5,utf-8
7229,LIP-RTVE,speaker316_0007,241,../data/LIP-RTVE/WAVs/speaker316/speaker316_0007.wav,../data/LIP-RTVE/ROIs/speaker316/speaker316_0007.npz,../data/LIP-RTVE/transcriptions/speaker316/speaker316_0007.txt,5,utf-8
7230,LIP-RTVE,speaker316_0010,88,../data/LIP-RTVE/WAVs/speaker316/speaker316_0010.wav,../data/LIP-RTVE/ROIs/speaker316/speaker316_0010.npz,../data/LIP-RTVE/transcriptions/speaker316/speaker316_0010.txt,5,utf-8
7231,LIP-RTVE,speaker317_0001,92,../data/LIP-RTVE/WAVs/speaker317/speaker317_0001.wav,../data/LIP-RTVE/ROIs/speaker317/speaker317_0001.npz,../data/LIP-RTVE/transcriptions/speaker317/speaker317_0001.txt,5,utf-8
7232,LIP-RTVE,speaker317_0003,109,../data/LIP-RTVE/WAVs/speaker317/speaker317_0003.wav,../data/LIP-RTVE/ROIs/speaker317/speaker317_0003.npz,../data/LIP-RTVE/transcriptions/speaker317/speaker317_0003.txt,5,utf-8
7233,LIP-RTVE,speaker317_0005,217,../data/LIP-RTVE/WAVs/speaker317/speaker317_0005.wav,../data/LIP-RTVE/ROIs/speaker317/speaker317_0005.npz,../data/LIP-RTVE/transcriptions/speaker317/speaker317_0005.txt,5,utf-8
7234,LIP-RTVE,speaker317_0006,151,../data/LIP-RTVE/WAVs/speaker317/speaker317_0006.wav,../data/LIP-RTVE/ROIs/speaker317/speaker317_0006.npz,../data/LIP-RTVE/transcriptions/speaker317/speaker317_0006.txt,5,utf-8
7235,LIP-RTVE,speaker317_0007,185,../data/LIP-RTVE/WAVs/speaker317/speaker317_0007.wav,../data/LIP-RTVE/ROIs/speaker317/speaker317_0007.npz,../data/LIP-RTVE/transcriptions/speaker317/speaker317_0007.txt,5,utf-8
7236,LIP-RTVE,speaker317_0008,62,../data/LIP-RTVE/WAVs/speaker317/speaker317_0008.wav,../data/LIP-RTVE/ROIs/speaker317/speaker317_0008.npz,../data/LIP-RTVE/transcriptions/speaker317/speaker317_0008.txt,5,utf-8
7237,LIP-RTVE,speaker318_0000,85,../data/LIP-RTVE/WAVs/speaker318/speaker318_0000.wav,../data/LIP-RTVE/ROIs/speaker318/speaker318_0000.npz,../data/LIP-RTVE/transcriptions/speaker318/speaker318_0000.txt,5,utf-8
7238,LIP-RTVE,speaker318_0001,60,../data/LIP-RTVE/WAVs/speaker318/speaker318_0001.wav,../data/LIP-RTVE/ROIs/speaker318/speaker318_0001.npz,../data/LIP-RTVE/transcriptions/speaker318/speaker318_0001.txt,5,utf-8
7239,LIP-RTVE,speaker319_0000,282,../data/LIP-RTVE/WAVs/speaker319/speaker319_0000.wav,../data/LIP-RTVE/ROIs/speaker319/speaker319_0000.npz,../data/LIP-RTVE/transcriptions/speaker319/speaker319_0000.txt,5,utf-8
7240,LIP-RTVE,speaker319_0001,86,../data/LIP-RTVE/WAVs/speaker319/speaker319_0001.wav,../data/LIP-RTVE/ROIs/speaker319/speaker319_0001.npz,../data/LIP-RTVE/transcriptions/speaker319/speaker319_0001.txt,5,utf-8
7241,LIP-RTVE,speaker319_0003,31,../data/LIP-RTVE/WAVs/speaker319/speaker319_0003.wav,../data/LIP-RTVE/ROIs/speaker319/speaker319_0003.npz,../data/LIP-RTVE/transcriptions/speaker319/speaker319_0003.txt,5,utf-8
7242,LIP-RTVE,speaker320_0000,182,../data/LIP-RTVE/WAVs/speaker320/speaker320_0000.wav,../data/LIP-RTVE/ROIs/speaker320/speaker320_0000.npz,../data/LIP-RTVE/transcriptions/speaker320/speaker320_0000.txt,5,utf-8
7243,LIP-RTVE,speaker320_0003,84,../data/LIP-RTVE/WAVs/speaker320/speaker320_0003.wav,../data/LIP-RTVE/ROIs/speaker320/speaker320_0003.npz,../data/LIP-RTVE/transcriptions/speaker320/speaker320_0003.txt,5,utf-8
7244,LIP-RTVE,speaker320_0004,73,../data/LIP-RTVE/WAVs/speaker320/speaker320_0004.wav,../data/LIP-RTVE/ROIs/speaker320/speaker320_0004.npz,../data/LIP-RTVE/transcriptions/speaker320/speaker320_0004.txt,5,utf-8
7245,LIP-RTVE,speaker320_0005,175,../data/LIP-RTVE/WAVs/speaker320/speaker320_0005.wav,../data/LIP-RTVE/ROIs/speaker320/speaker320_0005.npz,../data/LIP-RTVE/transcriptions/speaker320/speaker320_0005.txt,5,utf-8
7246,LIP-RTVE,speaker320_0006,273,../data/LIP-RTVE/WAVs/speaker320/speaker320_0006.wav,../data/LIP-RTVE/ROIs/speaker320/speaker320_0006.npz,../data/LIP-RTVE/transcriptions/speaker320/speaker320_0006.txt,5,utf-8
7247,LIP-RTVE,speaker320_0007,179,../data/LIP-RTVE/WAVs/speaker320/speaker320_0007.wav,../data/LIP-RTVE/ROIs/speaker320/speaker320_0007.npz,../data/LIP-RTVE/transcriptions/speaker320/speaker320_0007.txt,5,utf-8
7248,LIP-RTVE,speaker321_0000,77,../data/LIP-RTVE/WAVs/speaker321/speaker321_0000.wav,../data/LIP-RTVE/ROIs/speaker321/speaker321_0000.npz,../data/LIP-RTVE/transcriptions/speaker321/speaker321_0000.txt,5,utf-8
7249,LIP-RTVE,speaker321_0001,194,../data/LIP-RTVE/WAVs/speaker321/speaker321_0001.wav,../data/LIP-RTVE/ROIs/speaker321/speaker321_0001.npz,../data/LIP-RTVE/transcriptions/speaker321/speaker321_0001.txt,5,utf-8
7250,LIP-RTVE,speaker321_0003,81,../data/LIP-RTVE/WAVs/speaker321/speaker321_0003.wav,../data/LIP-RTVE/ROIs/speaker321/speaker321_0003.npz,../data/LIP-RTVE/transcriptions/speaker321/speaker321_0003.txt,5,utf-8
7251,LIP-RTVE,speaker322_0000,254,../data/LIP-RTVE/WAVs/speaker322/speaker322_0000.wav,../data/LIP-RTVE/ROIs/speaker322/speaker322_0000.npz,../data/LIP-RTVE/transcriptions/speaker322/speaker322_0000.txt,5,utf-8
7252,LIP-RTVE,speaker322_0001,108,../data/LIP-RTVE/WAVs/speaker322/speaker322_0001.wav,../data/LIP-RTVE/ROIs/speaker322/speaker322_0001.npz,../data/LIP-RTVE/transcriptions/speaker322/speaker322_0001.txt,5,utf-8
7253,LIP-RTVE,speaker322_0002,151,../data/LIP-RTVE/WAVs/speaker322/speaker322_0002.wav,../data/LIP-RTVE/ROIs/speaker322/speaker322_0002.npz,../data/LIP-RTVE/transcriptions/speaker322/speaker322_0002.txt,5,utf-8
7254,LIP-RTVE,speaker323_0001,98,../data/LIP-RTVE/WAVs/speaker323/speaker323_0001.wav,../data/LIP-RTVE/ROIs/speaker323/speaker323_0001.npz,../data/LIP-RTVE/transcriptions/speaker323/speaker323_0001.txt,5,utf-8
7255,LIP-RTVE,speaker323_0002,30,../data/LIP-RTVE/WAVs/speaker323/speaker323_0002.wav,../data/LIP-RTVE/ROIs/speaker323/speaker323_0002.npz,../data/LIP-RTVE/transcriptions/speaker323/speaker323_0002.txt,5,utf-8
7256,LIP-RTVE,speaker323_0003,150,../data/LIP-RTVE/WAVs/speaker323/speaker323_0003.wav,../data/LIP-RTVE/ROIs/speaker323/speaker323_0003.npz,../data/LIP-RTVE/transcriptions/speaker323/speaker323_0003.txt,5,utf-8
7257,LIP-RTVE,speaker323_0004,100,../data/LIP-RTVE/WAVs/speaker323/speaker323_0004.wav,../data/LIP-RTVE/ROIs/speaker323/speaker323_0004.npz,../data/LIP-RTVE/transcriptions/speaker323/speaker323_0004.txt,5,utf-8
7258,LIP-RTVE,speaker323_0005,207,../data/LIP-RTVE/WAVs/speaker323/speaker323_0005.wav,../data/LIP-RTVE/ROIs/speaker323/speaker323_0005.npz,../data/LIP-RTVE/transcriptions/speaker323/speaker323_0005.txt,5,utf-8
7259,LIP-RTVE,speaker323_0008,97,../data/LIP-RTVE/WAVs/speaker323/speaker323_0008.wav,../data/LIP-RTVE/ROIs/speaker323/speaker323_0008.npz,../data/LIP-RTVE/transcriptions/speaker323/speaker323_0008.txt,5,utf-8
7260,LIP-RTVE,speaker323_0009,268,../data/LIP-RTVE/WAVs/speaker323/speaker323_0009.wav,../data/LIP-RTVE/ROIs/speaker323/speaker323_0009.npz,../data/LIP-RTVE/transcriptions/speaker323/speaker323_0009.txt,5,utf-8
7261,LIP-RTVE,speaker323_0011,75,../data/LIP-RTVE/WAVs/speaker323/speaker323_0011.wav,../data/LIP-RTVE/ROIs/speaker323/speaker323_0011.npz,../data/LIP-RTVE/transcriptions/speaker323/speaker323_0011.txt,5,utf-8
7262,LIP-RTVE,speaker323_0012,262,../data/LIP-RTVE/WAVs/speaker323/speaker323_0012.wav,../data/LIP-RTVE/ROIs/speaker323/speaker323_0012.npz,../data/LIP-RTVE/transcriptions/speaker323/speaker323_0012.txt,5,utf-8
7263,LIP-RTVE,speaker323_0013,102,../data/LIP-RTVE/WAVs/speaker323/speaker323_0013.wav,../data/LIP-RTVE/ROIs/speaker323/speaker323_0013.npz,../data/LIP-RTVE/transcriptions/speaker323/speaker323_0013.txt,5,utf-8
7264,LIP-RTVE,speaker323_0014,110,../data/LIP-RTVE/WAVs/speaker323/speaker323_0014.wav,../data/LIP-RTVE/ROIs/speaker323/speaker323_0014.npz,../data/LIP-RTVE/transcriptions/speaker323/speaker323_0014.txt,5,utf-8
7265,LIP-RTVE,speaker324_0000,157,../data/LIP-RTVE/WAVs/speaker324/speaker324_0000.wav,../data/LIP-RTVE/ROIs/speaker324/speaker324_0000.npz,../data/LIP-RTVE/transcriptions/speaker324/speaker324_0000.txt,5,utf-8
7266,LIP-RTVE,speaker324_0001,42,../data/LIP-RTVE/WAVs/speaker324/speaker324_0001.wav,../data/LIP-RTVE/ROIs/speaker324/speaker324_0001.npz,../data/LIP-RTVE/transcriptions/speaker324/speaker324_0001.txt,5,utf-8
7267,LIP-RTVE,speaker324_0002,64,../data/LIP-RTVE/WAVs/speaker324/speaker324_0002.wav,../data/LIP-RTVE/ROIs/speaker324/speaker324_0002.npz,../data/LIP-RTVE/transcriptions/speaker324/speaker324_0002.txt,5,utf-8
7268,LIP-RTVE,speaker324_0003,139,../data/LIP-RTVE/WAVs/speaker324/speaker324_0003.wav,../data/LIP-RTVE/ROIs/speaker324/speaker324_0003.npz,../data/LIP-RTVE/transcriptions/speaker324/speaker324_0003.txt,5,utf-8
7269,LIP-RTVE,speaker324_0004,259,../data/LIP-RTVE/WAVs/speaker324/speaker324_0004.wav,../data/LIP-RTVE/ROIs/speaker324/speaker324_0004.npz,../data/LIP-RTVE/transcriptions/speaker324/speaker324_0004.txt,5,utf-8
7270,LIP-RTVE,speaker324_0006,230,../data/LIP-RTVE/WAVs/speaker324/speaker324_0006.wav,../data/LIP-RTVE/ROIs/speaker324/speaker324_0006.npz,../data/LIP-RTVE/transcriptions/speaker324/speaker324_0006.txt,5,utf-8
7271,LIP-RTVE,speaker324_0009,92,../data/LIP-RTVE/WAVs/speaker324/speaker324_0009.wav,../data/LIP-RTVE/ROIs/speaker324/speaker324_0009.npz,../data/LIP-RTVE/transcriptions/speaker324/speaker324_0009.txt,5,utf-8
7272,LIP-RTVE,speaker324_0010,163,../data/LIP-RTVE/WAVs/speaker324/speaker324_0010.wav,../data/LIP-RTVE/ROIs/speaker324/speaker324_0010.npz,../data/LIP-RTVE/transcriptions/speaker324/speaker324_0010.txt,5,utf-8
7273,LIP-RTVE,speaker324_0011,270,../data/LIP-RTVE/WAVs/speaker324/speaker324_0011.wav,../data/LIP-RTVE/ROIs/speaker324/speaker324_0011.npz,../data/LIP-RTVE/transcriptions/speaker324/speaker324_0011.txt,5,utf-8
7274,LIP-RTVE,speaker325_0000,133,../data/LIP-RTVE/WAVs/speaker325/speaker325_0000.wav,../data/LIP-RTVE/ROIs/speaker325/speaker325_0000.npz,../data/LIP-RTVE/transcriptions/speaker325/speaker325_0000.txt,5,utf-8
7275,LIP-RTVE,speaker325_0001,62,../data/LIP-RTVE/WAVs/speaker325/speaker325_0001.wav,../data/LIP-RTVE/ROIs/speaker325/speaker325_0001.npz,../data/LIP-RTVE/transcriptions/speaker325/speaker325_0001.txt,5,utf-8
7276,LIP-RTVE,speaker325_0002,87,../data/LIP-RTVE/WAVs/speaker325/speaker325_0002.wav,../data/LIP-RTVE/ROIs/speaker325/speaker325_0002.npz,../data/LIP-RTVE/transcriptions/speaker325/speaker325_0002.txt,5,utf-8
7277,LIP-RTVE,speaker325_0003,215,../data/LIP-RTVE/WAVs/speaker325/speaker325_0003.wav,../data/LIP-RTVE/ROIs/speaker325/speaker325_0003.npz,../data/LIP-RTVE/transcriptions/speaker325/speaker325_0003.txt,5,utf-8
7278,LIP-RTVE,speaker325_0004,92,../data/LIP-RTVE/WAVs/speaker325/speaker325_0004.wav,../data/LIP-RTVE/ROIs/speaker325/speaker325_0004.npz,../data/LIP-RTVE/transcriptions/speaker325/speaker325_0004.txt,5,utf-8
7279,LIP-RTVE,speaker325_0005,238,../data/LIP-RTVE/WAVs/speaker325/speaker325_0005.wav,../data/LIP-RTVE/ROIs/speaker325/speaker325_0005.npz,../data/LIP-RTVE/transcriptions/speaker325/speaker325_0005.txt,5,utf-8
7280,LIP-RTVE,speaker325_0006,147,../data/LIP-RTVE/WAVs/speaker325/speaker325_0006.wav,../data/LIP-RTVE/ROIs/speaker325/speaker325_0006.npz,../data/LIP-RTVE/transcriptions/speaker325/speaker325_0006.txt,5,utf-8
7281,LIP-RTVE,speaker325_0007,264,../data/LIP-RTVE/WAVs/speaker325/speaker325_0007.wav,../data/LIP-RTVE/ROIs/speaker325/speaker325_0007.npz,../data/LIP-RTVE/transcriptions/speaker325/speaker325_0007.txt,5,utf-8
7282,LIP-RTVE,speaker325_0011,83,../data/LIP-RTVE/WAVs/speaker325/speaker325_0011.wav,../data/LIP-RTVE/ROIs/speaker325/speaker325_0011.npz,../data/LIP-RTVE/transcriptions/speaker325/speaker325_0011.txt,5,utf-8
7283,LIP-RTVE,speaker325_0012,27,../data/LIP-RTVE/WAVs/speaker325/speaker325_0012.wav,../data/LIP-RTVE/ROIs/speaker325/speaker325_0012.npz,../data/LIP-RTVE/transcriptions/speaker325/speaker325_0012.txt,5,utf-8
7284,LIP-RTVE,speaker326_0000,242,../data/LIP-RTVE/WAVs/speaker326/speaker326_0000.wav,../data/LIP-RTVE/ROIs/speaker326/speaker326_0000.npz,../data/LIP-RTVE/transcriptions/speaker326/speaker326_0000.txt,5,utf-8
7285,LIP-RTVE,speaker326_0001,165,../data/LIP-RTVE/WAVs/speaker326/speaker326_0001.wav,../data/LIP-RTVE/ROIs/speaker326/speaker326_0001.npz,../data/LIP-RTVE/transcriptions/speaker326/speaker326_0001.txt,5,utf-8
7286,LIP-RTVE,speaker326_0002,141,../data/LIP-RTVE/WAVs/speaker326/speaker326_0002.wav,../data/LIP-RTVE/ROIs/speaker326/speaker326_0002.npz,../data/LIP-RTVE/transcriptions/speaker326/speaker326_0002.txt,5,utf-8
7287,LIP-RTVE,speaker326_0003,108,../data/LIP-RTVE/WAVs/speaker326/speaker326_0003.wav,../data/LIP-RTVE/ROIs/speaker326/speaker326_0003.npz,../data/LIP-RTVE/transcriptions/speaker326/speaker326_0003.txt,5,utf-8
7288,LIP-RTVE,speaker326_0004,40,../data/LIP-RTVE/WAVs/speaker326/speaker326_0004.wav,../data/LIP-RTVE/ROIs/speaker326/speaker326_0004.npz,../data/LIP-RTVE/transcriptions/speaker326/speaker326_0004.txt,5,utf-8
7289,LIP-RTVE,speaker326_0006,86,../data/LIP-RTVE/WAVs/speaker326/speaker326_0006.wav,../data/LIP-RTVE/ROIs/speaker326/speaker326_0006.npz,../data/LIP-RTVE/transcriptions/speaker326/speaker326_0006.txt,5,utf-8
7290,LIP-RTVE,speaker326_0007,56,../data/LIP-RTVE/WAVs/speaker326/speaker326_0007.wav,../data/LIP-RTVE/ROIs/speaker326/speaker326_0007.npz,../data/LIP-RTVE/transcriptions/speaker326/speaker326_0007.txt,5,utf-8
7291,LIP-RTVE,speaker326_0008,177,../data/LIP-RTVE/WAVs/speaker326/speaker326_0008.wav,../data/LIP-RTVE/ROIs/speaker326/speaker326_0008.npz,../data/LIP-RTVE/transcriptions/speaker326/speaker326_0008.txt,5,utf-8
7292,LIP-RTVE,speaker326_0009,67,../data/LIP-RTVE/WAVs/speaker326/speaker326_0009.wav,../data/LIP-RTVE/ROIs/speaker326/speaker326_0009.npz,../data/LIP-RTVE/transcriptions/speaker326/speaker326_0009.txt,5,utf-8
7293,LIP-RTVE,speaker326_0011,78,../data/LIP-RTVE/WAVs/speaker326/speaker326_0011.wav,../data/LIP-RTVE/ROIs/speaker326/speaker326_0011.npz,../data/LIP-RTVE/transcriptions/speaker326/speaker326_0011.txt,5,utf-8
7294,LIP-RTVE,speaker326_0013,183,../data/LIP-RTVE/WAVs/speaker326/speaker326_0013.wav,../data/LIP-RTVE/ROIs/speaker326/speaker326_0013.npz,../data/LIP-RTVE/transcriptions/speaker326/speaker326_0013.txt,5,utf-8
7295,LIP-RTVE,speaker326_0016,156,../data/LIP-RTVE/WAVs/speaker326/speaker326_0016.wav,../data/LIP-RTVE/ROIs/speaker326/speaker326_0016.npz,../data/LIP-RTVE/transcriptions/speaker326/speaker326_0016.txt,5,utf-8
7296,LIP-RTVE,speaker326_0017,166,../data/LIP-RTVE/WAVs/speaker326/speaker326_0017.wav,../data/LIP-RTVE/ROIs/speaker326/speaker326_0017.npz,../data/LIP-RTVE/transcriptions/speaker326/speaker326_0017.txt,5,utf-8
7297,LIP-RTVE,speaker326_0018,248,../data/LIP-RTVE/WAVs/speaker326/speaker326_0018.wav,../data/LIP-RTVE/ROIs/speaker326/speaker326_0018.npz,../data/LIP-RTVE/transcriptions/speaker326/speaker326_0018.txt,5,utf-8
7298,LIP-RTVE,speaker326_0020,143,../data/LIP-RTVE/WAVs/speaker326/speaker326_0020.wav,../data/LIP-RTVE/ROIs/speaker326/speaker326_0020.npz,../data/LIP-RTVE/transcriptions/speaker326/speaker326_0020.txt,5,utf-8
7299,LIP-RTVE,speaker326_0021,58,../data/LIP-RTVE/WAVs/speaker326/speaker326_0021.wav,../data/LIP-RTVE/ROIs/speaker326/speaker326_0021.npz,../data/LIP-RTVE/transcriptions/speaker326/speaker326_0021.txt,5,utf-8
7300,LIP-RTVE,speaker326_0023,117,../data/LIP-RTVE/WAVs/speaker326/speaker326_0023.wav,../data/LIP-RTVE/ROIs/speaker326/speaker326_0023.npz,../data/LIP-RTVE/transcriptions/speaker326/speaker326_0023.txt,5,utf-8
7301,LIP-RTVE,speaker326_0024,71,../data/LIP-RTVE/WAVs/speaker326/speaker326_0024.wav,../data/LIP-RTVE/ROIs/speaker326/speaker326_0024.npz,../data/LIP-RTVE/transcriptions/speaker326/speaker326_0024.txt,5,utf-8
7302,LIP-RTVE,speaker326_0025,199,../data/LIP-RTVE/WAVs/speaker326/speaker326_0025.wav,../data/LIP-RTVE/ROIs/speaker326/speaker326_0025.npz,../data/LIP-RTVE/transcriptions/speaker326/speaker326_0025.txt,5,utf-8
7303,LIP-RTVE,speaker326_0026,94,../data/LIP-RTVE/WAVs/speaker326/speaker326_0026.wav,../data/LIP-RTVE/ROIs/speaker326/speaker326_0026.npz,../data/LIP-RTVE/transcriptions/speaker326/speaker326_0026.txt,5,utf-8
7304,LIP-RTVE,speaker326_0027,182,../data/LIP-RTVE/WAVs/speaker326/speaker326_0027.wav,../data/LIP-RTVE/ROIs/speaker326/speaker326_0027.npz,../data/LIP-RTVE/transcriptions/speaker326/speaker326_0027.txt,5,utf-8
7305,LIP-RTVE,speaker326_0028,119,../data/LIP-RTVE/WAVs/speaker326/speaker326_0028.wav,../data/LIP-RTVE/ROIs/speaker326/speaker326_0028.npz,../data/LIP-RTVE/transcriptions/speaker326/speaker326_0028.txt,5,utf-8
7306,LIP-RTVE,speaker326_0030,60,../data/LIP-RTVE/WAVs/speaker326/speaker326_0030.wav,../data/LIP-RTVE/ROIs/speaker326/speaker326_0030.npz,../data/LIP-RTVE/transcriptions/speaker326/speaker326_0030.txt,5,utf-8
7307,LIP-RTVE,speaker326_0032,72,../data/LIP-RTVE/WAVs/speaker326/speaker326_0032.wav,../data/LIP-RTVE/ROIs/speaker326/speaker326_0032.npz,../data/LIP-RTVE/transcriptions/speaker326/speaker326_0032.txt,5,utf-8
7308,LIP-RTVE,speaker326_0033,142,../data/LIP-RTVE/WAVs/speaker326/speaker326_0033.wav,../data/LIP-RTVE/ROIs/speaker326/speaker326_0033.npz,../data/LIP-RTVE/transcriptions/speaker326/speaker326_0033.txt,5,utf-8
7309,LIP-RTVE,speaker326_0034,242,../data/LIP-RTVE/WAVs/speaker326/speaker326_0034.wav,../data/LIP-RTVE/ROIs/speaker326/speaker326_0034.npz,../data/LIP-RTVE/transcriptions/speaker326/speaker326_0034.txt,5,utf-8
7310,LIP-RTVE,speaker326_0036,204,../data/LIP-RTVE/WAVs/speaker326/speaker326_0036.wav,../data/LIP-RTVE/ROIs/speaker326/speaker326_0036.npz,../data/LIP-RTVE/transcriptions/speaker326/speaker326_0036.txt,5,utf-8
7311,LIP-RTVE,speaker326_0038,262,../data/LIP-RTVE/WAVs/speaker326/speaker326_0038.wav,../data/LIP-RTVE/ROIs/speaker326/speaker326_0038.npz,../data/LIP-RTVE/transcriptions/speaker326/speaker326_0038.txt,5,utf-8
7312,LIP-RTVE,speaker326_0040,198,../data/LIP-RTVE/WAVs/speaker326/speaker326_0040.wav,../data/LIP-RTVE/ROIs/speaker326/speaker326_0040.npz,../data/LIP-RTVE/transcriptions/speaker326/speaker326_0040.txt,5,utf-8
7313,LIP-RTVE,speaker326_0041,88,../data/LIP-RTVE/WAVs/speaker326/speaker326_0041.wav,../data/LIP-RTVE/ROIs/speaker326/speaker326_0041.npz,../data/LIP-RTVE/transcriptions/speaker326/speaker326_0041.txt,5,utf-8
7314,LIP-RTVE,speaker326_0043,197,../data/LIP-RTVE/WAVs/speaker326/speaker326_0043.wav,../data/LIP-RTVE/ROIs/speaker326/speaker326_0043.npz,../data/LIP-RTVE/transcriptions/speaker326/speaker326_0043.txt,5,utf-8
7315,LIP-RTVE,speaker326_0045,118,../data/LIP-RTVE/WAVs/speaker326/speaker326_0045.wav,../data/LIP-RTVE/ROIs/speaker326/speaker326_0045.npz,../data/LIP-RTVE/transcriptions/speaker326/speaker326_0045.txt,5,utf-8
7316,LIP-RTVE,speaker326_0048,250,../data/LIP-RTVE/WAVs/speaker326/speaker326_0048.wav,../data/LIP-RTVE/ROIs/speaker326/speaker326_0048.npz,../data/LIP-RTVE/transcriptions/speaker326/speaker326_0048.txt,5,utf-8
7317,LIP-RTVE,speaker326_0049,205,../data/LIP-RTVE/WAVs/speaker326/speaker326_0049.wav,../data/LIP-RTVE/ROIs/speaker326/speaker326_0049.npz,../data/LIP-RTVE/transcriptions/speaker326/speaker326_0049.txt,5,utf-8
7318,LIP-RTVE,speaker326_0050,228,../data/LIP-RTVE/WAVs/speaker326/speaker326_0050.wav,../data/LIP-RTVE/ROIs/speaker326/speaker326_0050.npz,../data/LIP-RTVE/transcriptions/speaker326/speaker326_0050.txt,5,utf-8
7319,LIP-RTVE,speaker327_0000,169,../data/LIP-RTVE/WAVs/speaker327/speaker327_0000.wav,../data/LIP-RTVE/ROIs/speaker327/speaker327_0000.npz,../data/LIP-RTVE/transcriptions/speaker327/speaker327_0000.txt,5,utf-8
7320,LIP-RTVE,speaker327_0001,238,../data/LIP-RTVE/WAVs/speaker327/speaker327_0001.wav,../data/LIP-RTVE/ROIs/speaker327/speaker327_0001.npz,../data/LIP-RTVE/transcriptions/speaker327/speaker327_0001.txt,5,utf-8
7321,LIP-RTVE,speaker327_0002,69,../data/LIP-RTVE/WAVs/speaker327/speaker327_0002.wav,../data/LIP-RTVE/ROIs/speaker327/speaker327_0002.npz,../data/LIP-RTVE/transcriptions/speaker327/speaker327_0002.txt,5,utf-8
7322,LIP-RTVE,speaker327_0004,175,../data/LIP-RTVE/WAVs/speaker327/speaker327_0004.wav,../data/LIP-RTVE/ROIs/speaker327/speaker327_0004.npz,../data/LIP-RTVE/transcriptions/speaker327/speaker327_0004.txt,5,utf-8
7323,LIP-RTVE,speaker327_0005,108,../data/LIP-RTVE/WAVs/speaker327/speaker327_0005.wav,../data/LIP-RTVE/ROIs/speaker327/speaker327_0005.npz,../data/LIP-RTVE/transcriptions/speaker327/speaker327_0005.txt,5,utf-8
7324,LIP-RTVE,speaker327_0006,121,../data/LIP-RTVE/WAVs/speaker327/speaker327_0006.wav,../data/LIP-RTVE/ROIs/speaker327/speaker327_0006.npz,../data/LIP-RTVE/transcriptions/speaker327/speaker327_0006.txt,5,utf-8
7325,LIP-RTVE,speaker327_0007,276,../data/LIP-RTVE/WAVs/speaker327/speaker327_0007.wav,../data/LIP-RTVE/ROIs/speaker327/speaker327_0007.npz,../data/LIP-RTVE/transcriptions/speaker327/speaker327_0007.txt,5,utf-8
7326,LIP-RTVE,speaker327_0010,48,../data/LIP-RTVE/WAVs/speaker327/speaker327_0010.wav,../data/LIP-RTVE/ROIs/speaker327/speaker327_0010.npz,../data/LIP-RTVE/transcriptions/speaker327/speaker327_0010.txt,5,utf-8
7327,LIP-RTVE,speaker328_0000,106,../data/LIP-RTVE/WAVs/speaker328/speaker328_0000.wav,../data/LIP-RTVE/ROIs/speaker328/speaker328_0000.npz,../data/LIP-RTVE/transcriptions/speaker328/speaker328_0000.txt,5,utf-8
7328,LIP-RTVE,speaker328_0001,60,../data/LIP-RTVE/WAVs/speaker328/speaker328_0001.wav,../data/LIP-RTVE/ROIs/speaker328/speaker328_0001.npz,../data/LIP-RTVE/transcriptions/speaker328/speaker328_0001.txt,5,utf-8
7329,LIP-RTVE,speaker328_0002,52,../data/LIP-RTVE/WAVs/speaker328/speaker328_0002.wav,../data/LIP-RTVE/ROIs/speaker328/speaker328_0002.npz,../data/LIP-RTVE/transcriptions/speaker328/speaker328_0002.txt,5,utf-8
7330,LIP-RTVE,speaker328_0003,196,../data/LIP-RTVE/WAVs/speaker328/speaker328_0003.wav,../data/LIP-RTVE/ROIs/speaker328/speaker328_0003.npz,../data/LIP-RTVE/transcriptions/speaker328/speaker328_0003.txt,5,utf-8
7331,LIP-RTVE,speaker328_0005,98,../data/LIP-RTVE/WAVs/speaker328/speaker328_0005.wav,../data/LIP-RTVE/ROIs/speaker328/speaker328_0005.npz,../data/LIP-RTVE/transcriptions/speaker328/speaker328_0005.txt,5,utf-8
7332,LIP-RTVE,speaker329_0000,155,../data/LIP-RTVE/WAVs/speaker329/speaker329_0000.wav,../data/LIP-RTVE/ROIs/speaker329/speaker329_0000.npz,../data/LIP-RTVE/transcriptions/speaker329/speaker329_0000.txt,5,utf-8
7333,LIP-RTVE,speaker329_0002,218,../data/LIP-RTVE/WAVs/speaker329/speaker329_0002.wav,../data/LIP-RTVE/ROIs/speaker329/speaker329_0002.npz,../data/LIP-RTVE/transcriptions/speaker329/speaker329_0002.txt,5,utf-8
7334,LIP-RTVE,speaker329_0004,170,../data/LIP-RTVE/WAVs/speaker329/speaker329_0004.wav,../data/LIP-RTVE/ROIs/speaker329/speaker329_0004.npz,../data/LIP-RTVE/transcriptions/speaker329/speaker329_0004.txt,5,utf-8
7335,LIP-RTVE,speaker329_0005,41,../data/LIP-RTVE/WAVs/speaker329/speaker329_0005.wav,../data/LIP-RTVE/ROIs/speaker329/speaker329_0005.npz,../data/LIP-RTVE/transcriptions/speaker329/speaker329_0005.txt,5,utf-8
7336,LIP-RTVE,speaker329_0007,180,../data/LIP-RTVE/WAVs/speaker329/speaker329_0007.wav,../data/LIP-RTVE/ROIs/speaker329/speaker329_0007.npz,../data/LIP-RTVE/transcriptions/speaker329/speaker329_0007.txt,5,utf-8
7337,LIP-RTVE,speaker329_0008,136,../data/LIP-RTVE/WAVs/speaker329/speaker329_0008.wav,../data/LIP-RTVE/ROIs/speaker329/speaker329_0008.npz,../data/LIP-RTVE/transcriptions/speaker329/speaker329_0008.txt,5,utf-8
7338,LIP-RTVE,speaker331_0000,114,../data/LIP-RTVE/WAVs/speaker331/speaker331_0000.wav,../data/LIP-RTVE/ROIs/speaker331/speaker331_0000.npz,../data/LIP-RTVE/transcriptions/speaker331/speaker331_0000.txt,5,utf-8
7339,LIP-RTVE,speaker331_0001,47,../data/LIP-RTVE/WAVs/speaker331/speaker331_0001.wav,../data/LIP-RTVE/ROIs/speaker331/speaker331_0001.npz,../data/LIP-RTVE/transcriptions/speaker331/speaker331_0001.txt,5,utf-8
7340,LIP-RTVE,speaker331_0002,132,../data/LIP-RTVE/WAVs/speaker331/speaker331_0002.wav,../data/LIP-RTVE/ROIs/speaker331/speaker331_0002.npz,../data/LIP-RTVE/transcriptions/speaker331/speaker331_0002.txt,5,utf-8
7341,LIP-RTVE,speaker332_0000,78,../data/LIP-RTVE/WAVs/speaker332/speaker332_0000.wav,../data/LIP-RTVE/ROIs/speaker332/speaker332_0000.npz,../data/LIP-RTVE/transcriptions/speaker332/speaker332_0000.txt,5,utf-8
7342,LIP-RTVE,speaker332_0002,146,../data/LIP-RTVE/WAVs/speaker332/speaker332_0002.wav,../data/LIP-RTVE/ROIs/speaker332/speaker332_0002.npz,../data/LIP-RTVE/transcriptions/speaker332/speaker332_0002.txt,5,utf-8
7343,LIP-RTVE,speaker332_0003,206,../data/LIP-RTVE/WAVs/speaker332/speaker332_0003.wav,../data/LIP-RTVE/ROIs/speaker332/speaker332_0003.npz,../data/LIP-RTVE/transcriptions/speaker332/speaker332_0003.txt,5,utf-8
7344,LIP-RTVE,speaker332_0004,268,../data/LIP-RTVE/WAVs/speaker332/speaker332_0004.wav,../data/LIP-RTVE/ROIs/speaker332/speaker332_0004.npz,../data/LIP-RTVE/transcriptions/speaker332/speaker332_0004.txt,5,utf-8
7345,LIP-RTVE,speaker332_0005,129,../data/LIP-RTVE/WAVs/speaker332/speaker332_0005.wav,../data/LIP-RTVE/ROIs/speaker332/speaker332_0005.npz,../data/LIP-RTVE/transcriptions/speaker332/speaker332_0005.txt,5,utf-8
7346,LIP-RTVE,speaker332_0006,235,../data/LIP-RTVE/WAVs/speaker332/speaker332_0006.wav,../data/LIP-RTVE/ROIs/speaker332/speaker332_0006.npz,../data/LIP-RTVE/transcriptions/speaker332/speaker332_0006.txt,5,utf-8
7347,LIP-RTVE,speaker333_0000,74,../data/LIP-RTVE/WAVs/speaker333/speaker333_0000.wav,../data/LIP-RTVE/ROIs/speaker333/speaker333_0000.npz,../data/LIP-RTVE/transcriptions/speaker333/speaker333_0000.txt,5,utf-8
7348,LIP-RTVE,speaker333_0001,106,../data/LIP-RTVE/WAVs/speaker333/speaker333_0001.wav,../data/LIP-RTVE/ROIs/speaker333/speaker333_0001.npz,../data/LIP-RTVE/transcriptions/speaker333/speaker333_0001.txt,5,utf-8
7349,LIP-RTVE,speaker333_0002,48,../data/LIP-RTVE/WAVs/speaker333/speaker333_0002.wav,../data/LIP-RTVE/ROIs/speaker333/speaker333_0002.npz,../data/LIP-RTVE/transcriptions/speaker333/speaker333_0002.txt,5,utf-8
7350,LIP-RTVE,speaker334_0000,29,../data/LIP-RTVE/WAVs/speaker334/speaker334_0000.wav,../data/LIP-RTVE/ROIs/speaker334/speaker334_0000.npz,../data/LIP-RTVE/transcriptions/speaker334/speaker334_0000.txt,5,utf-8
7351,LIP-RTVE,speaker334_0001,30,../data/LIP-RTVE/WAVs/speaker334/speaker334_0001.wav,../data/LIP-RTVE/ROIs/speaker334/speaker334_0001.npz,../data/LIP-RTVE/transcriptions/speaker334/speaker334_0001.txt,5,utf-8
7352,LIP-RTVE,speaker334_0002,146,../data/LIP-RTVE/WAVs/speaker334/speaker334_0002.wav,../data/LIP-RTVE/ROIs/speaker334/speaker334_0002.npz,../data/LIP-RTVE/transcriptions/speaker334/speaker334_0002.txt,5,utf-8
7353,LIP-RTVE,speaker334_0003,77,../data/LIP-RTVE/WAVs/speaker334/speaker334_0003.wav,../data/LIP-RTVE/ROIs/speaker334/speaker334_0003.npz,../data/LIP-RTVE/transcriptions/speaker334/speaker334_0003.txt,5,utf-8
7354,LIP-RTVE,speaker334_0004,157,../data/LIP-RTVE/WAVs/speaker334/speaker334_0004.wav,../data/LIP-RTVE/ROIs/speaker334/speaker334_0004.npz,../data/LIP-RTVE/transcriptions/speaker334/speaker334_0004.txt,5,utf-8
